160 3.63636 36.3636 1.14423 1.17002 1.14333 0 0 0 5.23008 5.22186 4.85687 4.85687 4.84331 4.80865 1.38293 0.382693 1 1.97261e-05 0.00207808 0.0317192 60.1512 41.2762 9.26191 -50.5381 44.0748 16.1916 55.3927 -0.126461 0 0 0 0.557092 0.592039 -0.000294384 0.00667479 0.00330151 0.888031 0.845187 0.914935 0.00252308 0.00241004 0.00260372 0.00315476 0.0030027 0.00325028 0 0 0 0 0 0 0.503146 0.580441 0.00321177 0.395402 19.6529 0 1.16589 0 1.43014 0 1.14423 5.23262 4.85687 1.00157 1 1.00003 1.002 1.00184 0.00607277 0.00777274 0
170 3.86364 38.6364 1.11833 1.16669 1.11789 7.16271 7.29502 0.938274 5.12189 5.1133 4.75755 4.75755 4.7443 4.71024 1.35485 0.383068 1 1.97261e-05 0.00208913 0.0316891 59.4027 40.8827 9.10436 -49.9871 43.6604 15.995 54.797 -0.186409 0 0 0 0.556565 0.591771 -0.000288259 0.00661799 0.00330325 0.886811 0.843854 0.913707 0.00504362 0.00481735 0.00520488 0.00630625 0.00600188 0.00649731 0 0 0 0 0 0 0.503146 0.580441 0.00428997 0.394877 19.4475 0 1.45176 0 1.71393 0 1.11833 5.12435 4.75755 1.00168 1 1.00003 1.00214 1.00185 0.00601203 0.00769242 0
180 4.09091 40.9091 1.09273 1.16164 1.09272 7.08715 7.20712 1.42298 5.01646 5.00755 4.65905 4.65905 4.64612 4.61293 1.32664 0.383049 1 1.97261e-05 0.00210018 0.031653 58.6457 40.4828 8.94974 -49.4326 43.2413 15.8018 54.2024 -0.279577 0 0 0 0.55372 0.589491 -0.000330603 0.0064783 0.00335998 0.884973 0.841791 0.911858 0.00755992 0.00721987 0.00780169 0.00945231 0.00899499 0.00973884 0 0 0 0 0 0 0.503146 0.580441 0.00258111 0.394271 19.2454 0 1.70217 0 2.00039 0 1.09273 5.01881 4.65905 1.00178 1 1.00003 1.00226 1.00186 0.00595637 0.00761854 0
190 4.31818 43.1818 1.06741 1.15447 1.06779 7.02201 7.13136 2.01826 4.91396 4.90479 4.56139 4.56139 4.54877 4.51659 1.29827 0.382595 1 1.97261e-05 0.00211119 0.0316097 57.8768 40.0805 8.79907 -48.8796 42.8195 15.6102 53.608 -0.381542 0 0 0 0.548869 0.585628 -0.000288473 0.00630518 0.00341481 0.882243 0.838928 0.909279 0.01007 0.00961555 0.0103923 0.0125902 0.0119793 0.0129724 0 0 0 0 0 0 0.503146 0.580441 0.00135123 0.392353 19.0469 0 1.93838 0 2.28872 0 1.06741 4.91621 4.56139 1.00187 1 1.00003 1.00238 1.00188 0.00590463 0.00755274 0
200 4.54545 45.4545 1.04229 1.14488 1.04302 6.97549 7.07287 2.70144 4.81219 4.80279 4.46478 4.46478 4.45245 4.42136 1.27029 0.381978 1 1.97261e-05 0.00212241 0.0315649 57.1054 39.6759 8.64969 -48.3256 42.3924 15.4266 53.016 -0.483938 0 0 0 0.543211 0.580991 -0.000327148 0.00611778 0.0034571 0.878586 0.8351 0.905787 0.0125714 0.0120018 0.0129745 0.0157165 0.0149514 0.0161951 0 0 0 0 0 0 0.503146 0.580441 0.00262041 0.390444 18.8478 0 2.15339 0 2.54541 0 1.04229 4.81431 4.46478 1.00196 1 1.00003 1.00249 1.0019 0.00585976 0.00749623 0
210 4.77273 47.7273 1.01732 1.13293 1.01834 6.94824 7.03195 3.36508 4.71081 4.70122 4.36915 4.36915 4.3571 4.32716 1.24272 0.381242 1 1.97261e-05 0.00213387 0.0315194 56.3306 39.2679 8.51011 -47.778 41.9615 15.2457 52.4259 -0.58776 0 0 0 0.538341 0.576659 -0.000391918 0.00590511 0.00348655 0.874012 0.830337 0.901387 0.0150616 0.0143762 0.0155457 0.0188278 0.017908 0.0194033 0 0 0 0 0 0 0.503146 0.580441 0.000212739 0.389462 18.6475 0 2.33231 0 2.76045 0 1.01732 4.71281 4.36915 1.00204 1 1.00003 1.00259 1.00193 0.00581753 0.00744005 0
220 5 50 0.992442 1.11908 0.993718 6.93437 7.00602 3.90027 4.60966 4.5999 4.27385 4.27385 4.26208 4.23324 1.21528 0.381071 1 1.97261e-05 0.00214561 0.0314722 55.5492 38.8533 8.37643 -47.2297 41.5192 15.0727 51.8354 -0.713806 0 0 0 0.535358 0.573694 -0.000477654 0.00571939 0.00343055 0.868637 0.824854 0.896237 0.0175381 0.0167361 0.0181037 0.021921 0.0208458 0.0225941 0 0 0 0 0 0 0.503146 0.580441 0.000406279 0.387854 18.4454 0 2.46958 0 2.92313 0 0.992442 4.61154 4.27385 1.00212 1 1.00003 1.00269 1.00195 0.00577447 0.00738529 0
230 5.22727 52.2727 0.967593 1.10344 0.969098 6.93311 6.99744 4.4045 4.50904 4.49916 4.17882 4.17882 4.16728 4.13949 1.18786 0.380836 1 1.97261e-05 0.0021576 0.0314215 54.7561 38.4342 8.24183 -46.676 41.0714 14.9075 51.2389 -0.85305 0 0 0 0.53356 0.571659 -0.000544353 0.00552377 0.00335516 0.862537 0.818652 0.890344 0.0199986 0.0190797 0.0206464 0.0249932 0.0237622 0.0257646 0 0 0 0 0 0 0.503146 0.580441 0.00181571 0.387851 18.2423 0 2.6068 0 3.08902 0 0.967593 4.51082 4.17882 1.0022 1 1.00002 1.00279 1.00198 0.00573741 0.00733591 0
240 5.45455 54.5455 0.942861 1.08627 0.944555 6.9112 6.96478 4.83403 4.41103 4.40103 4.08459 4.08459 4.0733 4.04655 1.16033 0.380808 1 1.97261e-05 0.00216961 0.0313611 53.9432 38.0151 8.10893 -46.124 40.6215 14.7398 50.6421 -0.963917 0 0 0 0.532662 0.571062 -0.000626435 0.0053609 0.00329002 0.855764 0.811799 0.88385 0.0224412 0.0214047 0.0231718 0.0280417 0.0266547 0.0289124 0 0 0 0 0 0 0.503146 0.580441 0.000400102 0.387603 18.0423 0 2.70835 0 3.20171 0 0.942861 4.41274 4.08459 1.00227 1 1.00002 1.00289 1.00201 0.00569753 0.00728049 0
250 5.68182 56.8182 0.9182 1.06797 0.920072 6.89435 6.94454 5.15224 4.31431 4.30423 3.9915 3.9915 3.98045 3.95474 1.13311 0.380674 1 1.97261e-05 0.00218178 0.0312944 53.1153 37.5948 7.9795 -45.5743 40.1725 14.5719 50.0453 -1.07594 0 0 0 0.532595 0.571031 -0.000729955 0.00516666 0.00320378 0.84848 0.804468 0.876847 0.0248639 0.0237098 0.0256782 0.0310643 0.0295211 0.0320353 0 0 0 0 0 0 0.503146 0.580441 0.00293438 0.387292 17.8427 0 2.79063 0 3.28732 0 0.9182 4.31595 3.9915 1.00234 1 1.00002 1.00298 1.00204 0.0056549 0.00722527 0
260 5.90909 59.0909 0.893657 1.04877 0.895696 6.86426 6.91123 5.40745 4.21795 4.2078 3.89873 3.89873 3.8879 3.86319 1.10598 0.380527 1 1.97261e-05 0.00219425 0.0312251 52.2804 37.1742 7.84731 -45.0215 39.7194 14.4059 49.4432 -1.17692 0 0 0 0.533585 0.572122 -0.000883597 0.00492955 0.00310104 0.840759 0.796702 0.869444 0.0272655 0.0259936 0.0281644 0.0340593 0.0323596 0.0351316 0 0 0 0 0 0 0.503146 0.580441 0.00221924 0.384743 17.6418 0 2.85552 0 3.35648 0 0.893657 4.21953 3.89873 1.00241 1 1.00002 1.00306 1.00207 0.00561399 0.0071702 0
270 6.13636 61.3636 0.869291 1.02887 0.87147 6.82221 6.86131 5.60291 4.12063 4.11045 3.80555 3.80555 3.79494 3.77123 1.07885 0.380986 1 1.97261e-05 0.0022072 0.031159 51.4494 36.7458 7.72192 -44.4678 39.2543 14.2359 48.8353 -1.25444 0 0 0 0.534804 0.5736 -0.000928028 0.00472097 0.00302762 0.832661 0.788587 0.861716 0.0296448 0.0282551 0.0306293 0.0370251 0.0351689 0.0381999 0 0 0 0 0 0 0.503146 0.580441 0.00239284 0.384679 17.4365 0 2.91567 0 3.41838 0 0.869291 4.12216 3.80555 1.00248 1 1.00002 1.00315 1.0021 0.00557551 0.00711935 0
280 6.36364 63.6364 0.845159 1.00837 0.847452 6.76344 6.79562 5.77536 4.0234 4.01321 3.71201 3.71201 3.70163 3.67888 1.05151 0.381459 1 1.97261e-05 0.00222052 0.0310931 50.619 36.3099 7.59658 -43.9065 38.7808 14.0646 48.2184 -1.31468 0 0 0 0.535787 0.574722 -0.00101462 0.00457007 0.00298405 0.824234 0.780144 0.853666 0.0320008 0.0304931 0.0330718 0.0399603 0.0379476 0.0412389 0 0 0 0 0 0 0.503146 0.580441 0.00355703 0.381693 17.229 0 2.95655 0 3.46019 0 0.845159 4.02483 3.71201 1.00254 1 1.00002 1.00323 1.00213 0.00553143 0.00706222 0
290 6.59091 65.9091 0.821341 0.987559 0.823735 6.67878 6.70713 5.85909 3.92582 3.91564 3.6188 3.6188 3.60863 3.58683 1.02441 0.381909 1 1.97261e-05 0.0022343 0.031031 49.797 35.8686 7.47477 -43.3434 38.3 13.8867 47.5996 -1.35895 0 0 0 0.535951 0.5749 -0.00108981 0.00439464 0.00296401 0.815585 0.771519 0.845397 0.0343327 0.0327069 0.0354909 0.0428639 0.0406947 0.0442476 0 0 0 0 0 0 0.503146 0.580441 0.00308496 0.380112 17.0183 0 2.98034 0 3.4758 0 0.821341 3.92718 3.6188 1.0026 1 1.00002 1.0033 1.00216 0.00549006 0.00700803 0
300 6.81818 68.1818 0.79785 0.966629 0.800343 6.58705 6.61521 5.89375 3.82831 3.81816 3.52597 3.52597 3.51602 3.49517 0.997487 0.381985 1 1.97261e-05 0.00224849 0.0309712 48.9813 35.4225 7.35446 -42.777 37.8165 13.7073 46.9743 -1.39906 0 0 0 0.536117 0.574932 -0.00116423 0.00417127 0.00296859 0.806851 0.76272 0.836964 0.03664 0.0348957 0.0378859 0.0457352 0.0434096 0.0472252 0 0 0 0 0 0 0.503146 0.580441 0.00673548 0.379358 16.8051 0 3.00056 0 3.49455 0 0.79785 3.8296 3.52597 1.00266 1 1.00002 1.00338 1.00219 0.00544392 0.00694726 0
310 7.04545 70.4545 0.774764 0.945564 0.777344 6.47648 6.50102 5.93196 3.7301 3.72 3.43382 3.43382 3.42409 3.40415 0.971044 0.381645 1 1.97261e-05 0.00226324 0.0309191 48.1825 34.9756 7.23425 -42.2098 37.3322 13.5232 46.3452 -1.40751 0 0 0 0.53686 0.575476 -0.00124835 0.00394375 0.00304592 0.79798 0.753791 0.828346 0.0389218 0.0370591 0.0402564 0.0485739 0.0460916 0.0501711 0 0 0 0 0 0 0.503146 0.580441 0.00594616 0.379227 16.5877 0 3.00968 0 3.49348 0 0.774764 3.73131 3.43382 1.00271 1 1.00002 1.00345 1.00222 0.00539749 0.00688638 0
320 7.27273 72.7273 0.752174 0.924589 0.754833 6.33906 6.36117 5.90668 3.63264 3.62261 3.34268 3.34268 3.33318 3.31412 0.944958 0.381526 1 1.97261e-05 0.00227836 0.0308708 47.3973 34.5257 7.11366 -41.6394 36.8459 13.3382 45.7153 -1.38792 0 0 0 0.537949 0.576321 -0.00135199 0.0036306 0.00313583 0.789043 0.744827 0.819647 0.0411779 0.0391969 0.0426017 0.0513794 0.0487404 0.0530845 0 0 0 0 0 0 0.503146 0.580441 0.00367522 0.378478 16.3691 0 2.99885 0 3.47041 0 0.752174 3.63378 3.34268 1.00277 1 1.00001 1.00352 1.00225 0.00534578 0.00681908 0
330 7.5 75 0.730131 0.903843 0.732851 6.19026 6.20738 5.84202 3.53529 3.52535 3.25236 3.25236 3.24308 3.22479 0.919257 0.380908 1 1.97261e-05 0.00229397 0.030831 46.634 34.0696 6.99737 -41.0669 36.3533 13.1636 45.0831 -1.38431 0 0 0 0.539696 0.577825 -0.00141872 0.00330798 0.00323074 0.780101 0.735844 0.810964 0.0434082 0.041309 0.0449217 0.0541517 0.051356 0.0559655 0 0 0 0 0 0 0.503146 0.580441 0.00600648 0.379413 16.1479 0 2.98934 0 3.45626 0 0.730131 3.53637 3.25236 1.00282 1 1.00001 1.00358 1.00228 0.005294 0.00675309 0
340 7.72727 77.2727 0.708551 0.883322 0.711327 6.06114 6.07686 5.7788 3.43763 3.42779 3.16204 3.16204 3.153 3.13553 0.893615 0.380054 1 1.97261e-05 0.00231018 0.0308002 45.8906 33.6081 6.87665 -40.4847 35.8553 12.9829 44.4418 -1.37495 0 0 0 0.541198 0.579193 -0.00147165 0.00297643 0.00327633 0.771198 0.726862 0.802227 0.0456125 0.0433953 0.047216 0.0568907 0.0539382 0.0588139 0 0 0 0 0 0 0.503146 0.580441 0.00561684 0.378927 15.9229 0 2.97744 0 3.43689 0 0.708551 3.43865 3.16204 1.00287 1 1.00001 1.00365 1.00231 0.00523906 0.00668098 0
350 7.95455 79.5455 0.687576 0.862939 0.690397 5.894 5.90667 5.73972 3.34064 3.33093 3.07268 3.07268 3.06386 3.04715 0.868323 0.379422 1 1.97261e-05 0.00232685 0.0307782 45.1707 33.1463 6.75614 -39.9025 35.3555 12.7978 43.7994 -1.3408 0 0 0 0.541296 0.57944 -0.0015018 0.00263395 0.00329517 0.762283 0.717842 0.793414 0.0477909 0.0454561 0.0494847 0.0595966 0.056487 0.0616293 0 0 0 0 0 0 0.503146 0.580441 0.00444295 0.377958 15.6963 0 2.96727 0 3.42063 0 0.687576 3.34161 3.07268 1.00292 1 1.00001 1.00371 1.00235 0.00518162 0.00660668 0
360 8.18182 81.8182 0.66721 0.842845 0.670069 5.72419 5.73511 5.65839 3.24567 3.23609 2.98475 2.98475 2.97616 2.96017 0.84334 0.378378 1 1.97261e-05 0.00234377 0.0307591 44.4658 32.6852 6.63685 -39.322 34.8587 12.6097 43.1576 -1.3004 0 0 0 0.541179 0.579885 -0.00150502 0.00227603 0.00334517 0.753385 0.708854 0.78462 0.0499437 0.0474912 0.0517274 0.0622691 0.0590024 0.0644118 0 0 0 0 0 0 0.503146 0.580441 0.0017983 0.377561 15.4712 0 2.93765 0 3.38331 0 0.66721 3.24658 2.98475 1.00296 1 1.00001 1.00376 1.00238 0.00512635 0.00653245 0
370 8.40909 84.0909 0.647445 0.823138 0.650346 5.55407 5.56577 5.5497 3.15177 3.14234 2.89805 2.89805 2.88969 2.87443 0.818762 0.377439 1 1.97261e-05 0.0023611 0.0307479 43.7832 32.2212 6.52431 -38.7455 34.358 12.4202 42.519 -1.25724 0 0 0 0.541241 0.579921 -0.00151438 0.00194506 0.00341309 0.744511 0.699964 0.775905 0.0520706 0.0495007 0.0539441 0.0649086 0.0614846 0.0671614 0 0 0 0 0 0 0.503146 0.580441 0.00202617 0.377156 15.2455 0 2.91616 0 3.35684 0 0.647445 3.15263 2.89805 1.003 1 1.00001 1.00382 1.00241 0.00506708 0.00645455 0
380 8.63636 86.3636 0.628251 0.803792 0.631182 5.39648 5.40493 5.44786 3.05944 3.05016 2.81246 2.81246 2.80433 2.78976 0.794433 0.376283 1 1.97261e-05 0.00237879 0.0307415 43.1169 31.7553 6.41285 -38.1682 33.8567 12.231 41.8785 -1.22399 0 0 0 0.542101 0.580676 -0.00152408 0.00164675 0.00348052 0.73569 0.691129 0.767258 0.054172 0.0514846 0.0561351 0.067515 0.0639339 0.0698785 0 0 0 0 0 0 0.503146 0.580441 0.00221745 0.376761 15.0202 0 2.88601 0 3.3167 0 0.628251 3.06026 2.81246 1.00304 1 1.00001 1.00387 1.00244 0.00500345 0.00637308 0
390 8.86364 88.6364 0.609649 0.78478 0.612606 5.23106 5.23843 5.35371 2.96878 2.95965 2.72819 2.72819 2.7203 2.7064 0.770424 0.374727 1 1.97261e-05 0.00239682 0.0307407 42.4691 31.2896 6.30306 -37.5926 33.3543 12.0457 41.2383 -1.19022 0 0 0 0.543999 0.582313 -0.00154153 0.00136266 0.0035263 0.726906 0.682361 0.758651 0.0562481 0.053443 0.0583006 0.0700885 0.0663504 0.0725632 0 0 0 0 0 0 0.503146 0.580441 0.00116475 0.376591 14.7957 0 2.86032 0 3.28445 0 0.609649 2.96954 2.72819 1.00308 1 1.00001 1.00392 1.00247 0.00493297 0.00628516 0
400 9.09091 90.9091 0.591638 0.76619 0.594613 5.06698 5.07181 5.23498 2.8795 2.87055 2.64578 2.64578 2.63811 2.62484 0.747068 0.373417 1 1.97261e-05 0.00241525 0.0307481 41.8439 30.8262 6.19609 -37.0223 32.8544 11.8605 40.604 -1.13365 0 0 0 0.545659 0.583592 -0.00153115 0.00108243 0.00353746 0.718212 0.673682 0.750136 0.0582985 0.0553759 0.0604406 0.0726294 0.0687345 0.0752157 0 0 0 0 0 0 0.503146 0.580441 0.00114057 0.375596 14.5713 0 2.82683 0 3.23994 0 0.591638 2.88022 2.64578 1.00312 1 1.00001 1.00396 1.00251 0.0048669 0.00620084 0
410 9.31818 93.1818 0.574243 0.748008 0.577225 4.89646 4.89855 5.11995 2.79247 2.78369 2.56543 2.56543 2.55801 2.54534 0.724298 0.373135 1 1.97261e-05 0.00243392 0.03076 41.2369 30.3646 6.09348 -36.4581 32.3565 11.6774 39.9784 -1.09498 0 0 0 0.545786 0.583522 -0.0015169 0.000872482 0.00353782 0.709562 0.66512 0.741723 0.0603241 0.0572836 0.0625557 0.0751379 0.0710865 0.0778366 0 0 0 0 0 0 0.503146 0.580441 0.00249211 0.375393 14.3491 0 2.79799 0 3.20354 0 0.574243 2.79314 2.56543 1.00315 1 1.00001 1.00401 1.00254 0.00479579 0.00611046 0
420 9.54545 95.4545 0.55741 0.730254 0.560391 4.74043 4.74005 4.9995 2.70762 2.69902 2.48725 2.48725 2.48006 2.46795 0.702172 0.373259 1 1.97261e-05 0.00245282 0.0307756 40.6455 29.9069 5.98956 -35.8965 31.8664 11.4973 39.3585 -1.06644 0 0 0 0.545006 0.582494 -0.00146999 0.00066134 0.00355119 0.701018 0.656626 0.733434 0.0623251 0.0591661 0.0646464 0.0776141 0.0734068 0.0804261 0 0 0 0 0 0 0.503146 0.580441 0.00244904 0.374688 14.1292 0 2.76866 0 3.16529 0 0.55741 2.70825 2.48725 1.00319 1 1.00001 1.00405 1.00257 0.00472832 0.00601974 0
430 9.77273 97.7273 0.541137 0.712898 0.544121 4.58148 4.5826 4.88762 2.62446 2.61605 2.41106 2.41106 2.40409 2.39258 0.680708 0.373994 1 1.97261e-05 0.00247208 0.0307987 40.0749 29.4495 5.89019 -35.3397 31.3777 11.3202 38.7474 -0.998604 0 0 0 0.5441 0.581419 -0.00146178 0.000499369 0.0035196 0.692583 0.648253 0.725185 0.0643015 0.0610238 0.0667125 0.0800586 0.0756957 0.0829846 0 0 0 0 0 0 0.503146 0.580441 0.00194837 0.374943 13.9103 0 2.72724 0 3.11383 0 0.541137 2.62506 2.41106 1.00322 1 1.00001 1.00409 1.0026 0.00466031 0.00593089 0
440 10 100 0.525471 0.695973 0.52845 4.41301 4.41158 4.76607 2.54361 2.53539 2.33708 2.33708 2.33034 2.31937 0.659893 0.373942 1 1.97261e-05 0.00249155 0.0308269 39.5237 28.999 5.79086 -34.7899 30.8982 11.1442 38.1433 -0.979443 0 0 0 0.543542 0.580659 -0.00144305 0.000382721 0.00347186 0.684251 0.640035 0.717008 0.0662538 0.062857 0.068754 0.0824716 0.0779538 0.0855123 0 0 0 0 0 0 0.503146 0.580441 0.00191625 0.373408 13.6942 0 2.69233 0 3.07561 0 0.525471 2.54417 2.33708 1.00325 1 1.00001 1.00412 1.00263 0.00458844 0.00583826 0
450 10.2273 102.273 0.510284 0.679509 0.513252 4.27965 4.2767 4.63606 2.46444 2.4564 2.26482 2.26482 2.25829 2.24782 0.639588 0.373538 1 1.97261e-05 0.00251138 0.0308611 38.9888 28.5518 5.69008 -34.2419 30.4223 10.9689 37.5443 -0.938484 0 0 0 0.543629 0.5807 -0.00143454 0.000255267 0.00341979 0.676046 0.631955 0.708952 0.0681826 0.0646663 0.0707712 0.0848537 0.0801817 0.0880094 0 0 0 0 0 0 0.503146 0.580441 0.00178868 0.374032 13.4792 0 2.65872 0 3.03308 0 0.510284 2.46495 2.26482 1.00327 1 1.00001 1.00416 1.00267 0.00451731 0.00574809 0
460 10.4545 104.545 0.495628 0.663462 0.498587 4.12972 4.12708 4.51899 2.38689 2.37905 2.19432 2.19432 2.18801 2.17802 0.619844 0.372712 1 1.97261e-05 0.00253158 0.0309034 38.4747 28.1118 5.5865 -33.6983 29.9527 10.7927 36.9497 -0.906135 0 0 0 0.544217 0.581739 -0.00146162 0.000143407 0.00334268 0.667958 0.623947 0.701032 0.0700878 0.0664521 0.0727638 0.0872053 0.0823797 0.0904765 0 0 0 0 0 0 0.503146 0.580441 0.000500533 0.370618 13.2653 0 2.62264 0 2.99423 0 0.495628 2.38738 2.19432 1.0033 1 1.00001 1.00419 1.0027 0.00444921 0.0056601 0
470 10.6818 106.818 0.481427 0.64774 0.484371 4.0032 3.9989 4.42714 2.31116 2.3035 2.12559 2.12559 2.11949 2.10996 0.600629 0.370931 1 1.97261e-05 0.00255212 0.0309508 37.9749 27.6772 5.4848 -33.162 29.4893 10.6157 36.3602 -0.892596 0 0 0 0.545524 0.583262 -0.00147357 2.5725e-05 0.00330378 0.659932 0.616004 0.693188 0.0719695 0.0682148 0.074733 0.0895267 0.0845481 0.0929138 0 0 0 0 0 0 0.503146 0.580441 0.00137727 0.370053 13.053 0 2.59727 0 2.96507 0 0.481427 2.31161 2.12559 1.00332 1 1.00001 1.00422 1.00273 0.00437899 0.00557042 0
480 10.9091 109.091 0.467707 0.632391 0.470637 3.86761 3.86369 4.32249 2.23735 2.22989 2.05865 2.05865 2.05276 2.04368 0.581914 0.369261 1 1.97261e-05 0.00257295 0.031004 37.4913 27.2493 5.38178 -32.6311 29.0326 10.4394 35.7756 -0.861201 0 0 0 0.546624 0.584312 -0.00149879 -8.83626e-05 0.00328588 0.651999 0.608145 0.685448 0.073828 0.0699546 0.0766793 0.0918181 0.0866871 0.0953217 0 0 0 0 0 0 0.503146 0.580441 0.00316981 0.368719 12.8427 0 2.57006 0 2.93295 0 0.467707 2.23778 2.05865 1.00335 1 1.00001 1.00425 1.00276 0.00430825 0.00547843 0
490 11.1364 111.364 0.45447 0.617484 0.457386 3.7315 3.72743 4.19761 2.16599 2.15872 1.99378 1.99378 1.98809 1.97942 0.563751 0.367559 1 1.97261e-05 0.00259393 0.0310595 37.0203 26.8263 5.28214 -32.1085 28.5818 10.2656 35.2009 -0.805022 0 0 0 0.54695 0.584793 -0.00152837 -0.00016026 0.00332071 0.64421 0.600394 0.677857 0.0756637 0.0716714 0.0786023 0.0940801 0.0887971 0.0977007 0 0 0 0 0 0 0.503146 0.580441 0.00311493 0.369572 12.6361 0 2.52183 0 2.87327 0 0.45447 2.16638 1.99378 1.00337 1 1.00001 1.00428 1.00279 0.00423586 0.00538678 0
500 11.3636 113.636 0.441736 0.603001 0.444632 3.59157 3.58591 4.07845 2.09727 2.09019 1.93118 1.93118 1.92568 1.9174 0.546193 0.36646 1 1.97261e-05 0.00261496 0.0311168 36.5625 26.4116 5.18414 -31.5957 28.1393 10.093 34.6385 -0.765624 0 0 0 0.547278 0.585249 -0.00155051 -0.000228425 0.00333777 0.636556 0.592773 0.670388 0.0774767 0.0733658 0.0805026 0.0963131 0.0908785 0.100051 0 0 0 0 0 0 0.503146 0.580441 0.00307092 0.369531 12.4339 0 2.48356 0 2.82866 0 0.441736 2.09764 1.93118 1.00339 1 1.00001 1.00431 1.00282 0.00416481 0.00529741 0
510 11.5909 115.909 0.429503 0.588935 0.432369 3.45305 3.44483 3.96107 2.03106 2.02416 1.87073 1.87073 1.86541 1.85751 0.529204 0.365646 1 1.97261e-05 0.00263606 0.0311768 36.1193 26.001 5.09325 -31.0943 27.7024 9.92882 34.0872 -0.719341 0 0 0 0.54808 0.585781 -0.00155778 -0.000278737 0.00333665 0.629044 0.585289 0.663032 0.0792671 0.075038 0.0823807 0.0985177 0.0929318 0.102374 0 0 0 0 0 0 0.503146 0.580441 0.00332106 0.369995 12.2359 0 2.44118 0 2.77986 0 0.429503 2.03141 1.87073 1.00341 1 1.00001 1.00433 1.00285 0.00409585 0.00520831 0
520 11.8182 118.182 0.417723 0.575273 0.420561 3.32513 3.31713 3.84722 1.96729 1.96057 1.81223 1.81223 1.8071 1.79954 0.512712 0.365028 1 1.97261e-05 0.0026572 0.0312383 35.6879 25.5962 5.00423 -30.6004 27.2719 9.76956 33.5456 -0.692567 0 0 0 0.548975 0.58629 -0.00158691 -0.000342598 0.00330709 0.621614 0.577966 0.655819 0.0810351 0.0766885 0.084237 0.100694 0.0949575 0.104669 0 0 0 0 0 0 0.503146 0.580441 0.00167221 0.369603 12.0422 0 2.40634 0 2.73766 0 0.417723 1.96761 1.81223 1.00343 1 1 1.00435 1.00288 0.00402786 0.00512369 0
530 12.0455 120.455 0.406348 0.562022 0.409164 3.20952 3.20318 3.73147 1.90547 1.89893 1.7553 1.7553 1.75034 1.74309 0.496605 0.36463 1 1.97261e-05 0.00267853 0.0313035 35.2693 25.1953 4.91716 -30.1124 26.8446 9.612 33.0114 -0.661022 0 0 0 0.549644 0.586873 -0.00163069 -0.000399368 0.00325416 0.614279 0.570828 0.648738 0.0827816 0.0783179 0.0860718 0.102843 0.0969563 0.106937 0 0 0 0 0 0 0.503146 0.580441 -4.60869e-05 0.369277 11.8514 0 2.3695 0 2.69828 0 0.406348 1.90577 1.7553 1.00344 1 1 1.00438 1.00291 0.00396029 0.00503707 0
540 12.2727 122.727 0.395392 0.549098 0.398178 3.09353 3.08524 3.63944 1.84572 1.83936 1.70022 1.70022 1.69544 1.68851 0.48101 0.364213 1 1.97261e-05 0.00269998 0.0313721 34.8642 24.8026 4.83004 -29.6326 26.4267 9.45578 32.4849 -0.63205 0 0 0 0.549974 0.586853 -0.00164672 -0.000453051 0.0031828 0.607051 0.563802 0.641726 0.0845067 0.0799266 0.0878853 0.104965 0.0989288 0.109178 0 0 0 0 0 0 0.503146 0.580441 0.000464558 0.368115 11.664 0 2.3386 0 2.66147 0 0.395392 1.846 1.70022 1.00346 1 1 1.0044 1.00293 0.00389008 0.00494957 0
550 12.5 125 0.384809 0.536539 0.387568 2.98787 2.98035 3.5366 1.78788 1.78169 1.647 1.647 1.64239 1.63577 0.465968 0.363902 1 1.97261e-05 0.00272159 0.0314437 34.4702 24.4174 4.74252 -29.1599 26.0175 9.30305 31.967 -0.610756 0 0 0 0.550005 0.586688 -0.00163464 -0.000488685 0.00310164 0.59992 0.55694 0.634817 0.0862106 0.0815146 0.0896782 0.10706 0.100875 0.111393 0 0 0 0 0 0 0.503146 0.580441 0.00235969 0.367118 11.4797 0 2.30381 0 2.62282 0 0.384809 1.78814 1.647 1.00348 1 1 1.00442 1.00296 0.00382205 0.00486273 0
560 12.7273 127.273 0.374616 0.524373 0.377348 2.87796 2.87026 3.42585 1.73152 1.7255 1.59544 1.59544 1.59099 1.58465 0.451458 0.36335 1 1.97261e-05 0.0027435 0.031523 34.0938 24.0398 4.65643 -28.6962 25.6154 9.15056 31.4573 -0.571572 0 0 0 0.549609 0.586382 -0.00164871 -0.000514512 0.00301667 0.592927 0.55023 0.628038 0.0878936 0.0830828 0.0914505 0.109128 0.102797 0.113582 0 0 0 0 0 0 0.503146 0.580441 0.00156788 0.365903 11.2972 0 2.26 0 2.57315 0 0.374616 1.73177 1.59544 1.00349 1 1 1.00443 1.00299 0.0037574 0.00478096 0
570 12.9545 129.545 0.364806 0.512519 0.367506 2.77168 2.76243 3.33822 1.67713 1.67128 1.54549 1.54549 1.5412 1.53512 0.437355 0.363125 1 1.97261e-05 0.00276551 0.0316053 33.7296 23.6692 4.57132 -28.2405 25.2194 9.0004 30.9557 -0.544284 0 0 0 0.548898 0.585964 -0.00164132 -0.00052824 0.00291319 0.586041 0.543589 0.621373 0.089556 0.0846314 0.0932029 0.11117 0.104693 0.115746 0 0 0 0 0 0 0.503146 0.580441 0.00151833 0.365689 11.1183 0 2.23277 0 2.544 0 0.364806 1.67736 1.54549 1.0035 1 1 1.00445 1.00302 0.00369302 0.00469846 0
580 13.1818 131.818 0.355354 0.500995 0.358022 2.67058 2.66164 3.24511 1.62447 1.61878 1.49721 1.49721 1.49306 1.48725 0.423746 0.362485 1 1.97261e-05 0.00278767 0.0316923 33.3789 23.3033 4.49142 -27.7948 24.8291 8.85638 30.4634 -0.518075 0 0 0 0.548588 0.585699 -0.00160858 -0.000518586 0.00283761 0.579293 0.537038 0.614817 0.091198 0.0861603 0.0949351 0.113187 0.106565 0.117885 0 0 0 0 0 0 0.503146 0.580441 0.00249247 0.365893 10.9423 0 2.19407 0 2.4997 0 0.355354 1.62469 1.49721 1.00351 1 1 1.00447 1.00305 0.00362905 0.0046189 0
590 13.4091 134.091 0.346264 0.489848 0.348896 2.56988 2.55974 3.13889 1.57401 1.56847 1.45081 1.45081 1.4468 1.44125 0.410637 0.362184 1 1.97261e-05 0.00280978 0.0317795 33.0373 22.9456 4.41413 -27.3597 24.4464 8.71465 29.9841 -0.487775 0 0 0 0.548911 0.585558 -0.00158304 -0.000484946 0.00279491 0.572678 0.530631 0.608413 0.0928203 0.0876699 0.0966475 0.115179 0.108413 0.119999 0 0 0 0 0 0 0.503146 0.580441 0.00204732 0.364653 10.7709 0 2.16173 0 2.45732 0 0.346264 1.57421 1.45081 1.00353 1 1 1.00448 1.00307 0.00356866 0.00453886 0
600 13.6364 136.364 0.337508 0.479011 0.340108 2.47467 2.46585 3.05183 1.52542 1.52004 1.4062 1.4062 1.40234 1.39703 0.398049 0.360642 1 1.97261e-05 0.00283191 0.0318682 32.7054 22.5971 4.33848 -26.9356 24.0741 8.5746 29.5155 -0.458803 0 0 0 0.549472 0.585587 -0.00155232 -0.00042021 0.00274911 0.566192 0.524316 0.602115 0.0944229 0.0891602 0.0983408 0.117146 0.110238 0.122089 0 0 0 0 0 0 0.503146 0.580441 0.00287294 0.364678 10.6033 0 2.12529 0 2.41849 0 0.337508 1.52561 1.4062 1.00354 1 1 1.0045 1.0031 0.00350452 0.00445848 0
610 13.8636 138.636 0.329089 0.468481 0.331654 2.38073 2.37083 2.96526 1.47822 1.47299 1.36325 1.36325 1.35952 1.35442 0.386013 0.359519 1 1.97261e-05 0.00285428 0.0319647 32.3902 22.2543 4.26725 -26.5216 23.7081 8.44018 29.0583 -0.428067 0 0 0 0.549845 0.585603 -0.00154566 -0.000326412 0.00271214 0.559823 0.51811 0.595922 0.0960064 0.0906317 0.100015 0.119089 0.112039 0.124155 0 0 0 0 0 0 0.503146 0.580441 0.00169928 0.363947 10.4379 0 2.09274 0 2.37978 0 0.329089 1.47839 1.36325 1.00355 1 1 1.00451 1.00312 0.00344473 0.00438279 0
620 14.0909 140.909 0.320999 0.458225 0.323531 2.28736 2.27808 2.88794 1.43309 1.42801 1.32216 1.32216 1.31856 1.31368 0.374494 0.358435 1 1.97261e-05 0.00287651 0.03206 32.0821 21.9208 4.19769 -26.1185 23.3524 8.30855 28.6143 -0.404047 0 0 0 0.550326 0.58597 -0.00157895 -0.000247831 0.00270894 0.553525 0.512027 0.589821 0.0975712 0.0920849 0.101671 0.121008 0.113817 0.126198 0 0 0 0 0 0 0.503146 0.580441 0.00349115 0.363275 10.2773 0 2.06237 0 2.34203 0 0.320999 1.43325 1.32216 1.00356 1 1 1.00452 1.00315 0.00338752 0.00430991 0
630 14.3182 143.182 0.313191 0.448274 0.315691 2.20764 2.19866 2.80244 1.38978 1.38484 1.28268 1.28268 1.2792 1.27451 0.363416 0.35763 1 1.97261e-05 0.00289868 0.0321546 31.7803 21.595 4.12819 -25.7232 23.0058 8.18186 28.1804 -0.383518 0 0 0 0.550492 0.586232 -0.00160985 -0.000179182 0.00270979 0.547352 0.506068 0.583822 0.099117 0.0935201 0.103308 0.122904 0.115573 0.128218 0 0 0 0 0 0 0.503146 0.580441 0.00186288 0.36258 10.1208 0 2.02628 0 2.30225 0 0.313191 1.38993 1.28268 1.00357 1 1 1.00453 1.00317 0.00333117 0.00423821 0
640 14.5455 145.455 0.305664 0.438622 0.308129 2.12969 2.11961 2.71787 1.34829 1.34349 1.2446 1.2446 1.24124 1.23676 0.352673 0.357055 1 1.97261e-05 0.00292075 0.0322487 31.4853 21.275 4.0613 -25.3363 22.6655 8.05901 27.7559 -0.367244 0 0 0 0.550429 0.586323 -0.00163187 -9.6545e-05 0.00268834 0.541302 0.500227 0.577936 0.100644 0.0949377 0.104928 0.124777 0.117307 0.130215 0 0 0 0 0 0 0.503146 0.580441 0.00131659 0.36162 9.96853 0 1.99702 0 2.26509 0 0.305664 1.34844 1.2446 1.00358 1 1 1.00454 1.0032 0.00327194 0.00416429 0
650 14.7727 147.727 0.298416 0.429248 0.300844 2.05144 2.04105 2.63961 1.30808 1.3034 1.20806 1.20806 1.20481 1.2005 0.342446 0.35712 1 1.97261e-05 0.00294296 0.0323475 31.2025 20.9635 3.99464 -24.9582 22.334 7.93968 27.3424 -0.343457 0 0 0 0.550778 0.586969 -0.0016378 -5.56065e-06 0.0026583 0.535346 0.49449 0.572173 0.102154 0.0963382 0.106529 0.126628 0.119019 0.132191 0 0 0 0 0 0 0.503146 0.580441 0.000654687 0.361463 9.8187 0 1.96652 0 2.23148 0 0.298416 1.30821 1.20806 1.00358 1 1 1.00455 1.00322 0.00321883 0.00409666 0
660 15 150 0.291419 0.42014 0.293806 1.98175 1.97042 2.56493 1.26944 1.26489 1.17286 1.17286 1.16972 1.16557 0.332569 0.356722 1 1.97261e-05 0.00296512 0.0324465 30.9262 20.6589 3.93068 -24.5896 22.0106 7.82245 26.9376 -0.330037 0 0 0 0.551114 0.587486 -0.00164528 6.44709e-05 0.00260102 0.529491 0.488843 0.566526 0.103645 0.0977217 0.108114 0.128456 0.12071 0.134145 0 0 0 0 0 0 0.503146 0.580441 -0.00129416 0.361263 9.67256 0 1.93499 0 2.1957 0 0.291419 1.26956 1.17286 1.00359 1 1 1.00456 1.00324 0.00316559 0.00402868 0
670 15.2273 152.273 0.284667 0.411303 0.287017 1.91169 1.9014 2.48851 1.23229 1.22788 1.13901 1.13901 1.13598 1.132 0.323077 0.357588 1 1.97261e-05 0.00298723 0.0325452 30.656 20.3612 3.86756 -24.2288 21.6946 7.70659 26.5435 -0.304685 0 0 0 0.551079 0.587659 -0.001643 0.000116828 0.0025585 0.523759 0.483311 0.560975 0.10512 0.0990883 0.109681 0.130262 0.122381 0.136077 0 0 0 0 0 0 0.503146 0.580441 -0.0019239 0.361242 9.52997 0 1.90079 0 2.15584 0 0.284667 1.23241 1.13901 1.0036 1 1 1.00457 1.00327 0.00311445 0.00396313 0
680 15.4545 154.545 0.278151 0.402696 0.280463 1.84566 1.83487 2.42375 1.19639 1.19209 1.10626 1.10626 1.10332 1.0995 0.313879 0.35762 1 1.97261e-05 0.00300941 0.032647 30.3953 20.0696 3.80392 -23.8736 21.3869 7.59221 26.1545 -0.291394 0 0 0 0.550621 0.587315 -0.00165221 0.000173462 0.00251518 0.518104 0.477874 0.555514 0.106577 0.100439 0.111232 0.132048 0.124031 0.137988 0 0 0 0 0 0 0.503146 0.580441 0.000119606 0.360811 9.39008 0 1.87923 0 2.13237 0 0.278151 1.1965 1.10626 1.0036 1 1 1.00458 1.00329 0.00306047 0.00389529 0
690 15.6818 156.818 0.271856 0.394303 0.27413 1.78345 1.77262 2.36337 1.16149 1.15731 1.07465 1.07465 1.07181 1.06813 0.305051 0.358321 1 1.97261e-05 0.00303178 0.0327541 30.1454 19.7846 3.74085 -23.5255 21.0844 7.48139 25.7742 -0.275968 0 0 0 0.55063 0.587429 -0.00166744 0.000220004 0.00246148 0.512526 0.472502 0.550151 0.108017 0.101773 0.112765 0.133812 0.125662 0.139879 0 0 0 0 0 0 0.503146 0.580441 0.00109828 0.35948 9.25209 0 1.85243 0 2.09981 0 0.271856 1.16159 1.07465 1.00361 1 1 1.00459 1.00331 0.00300997 0.00383145 0
700 15.9091 159.091 0.265784 0.386141 0.268024 1.71948 1.70985 2.29843 1.12812 1.12405 1.04417 1.04417 1.04143 1.03789 0.296489 0.358284 1 1.97261e-05 0.00305397 0.0328588 29.8995 19.5053 3.68132 -23.1866 20.7885 7.37127 25.4029 -0.263433 0 0 0 0.550682 0.587534 -0.00168818 0.000267812 0.00239692 0.507022 0.467231 0.544892 0.109441 0.103092 0.114283 0.135555 0.127272 0.14175 0 0 0 0 0 0 0.503146 0.580441 0.00146793 0.360149 9.11817 0 1.82933 0 2.07379 0 0.265784 1.12821 1.04417 1.00362 1 1 1.00459 1.00333 0.00296008 0.0037673 0
710 16.1364 161.364 0.259909 0.378161 0.262113 1.6645 1.65448 2.24726 1.09535 1.0914 1.01466 1.01466 1.01201 1.0086 0.288281 0.358501 1 1.97261e-05 0.00307657 0.0329727 29.6668 19.2303 3.62262 -22.8529 20.4971 7.2637 25.0382 -0.247136 0 0 0 0.550396 0.587213 -0.00169539 0.000330242 0.00233989 0.501592 0.462013 0.539696 0.110847 0.104395 0.115784 0.137278 0.128863 0.143601 0 0 0 0 0 0 0.503146 0.580441 0.00203244 0.35914 8.98474 0 1.79808 0 2.03926 0 0.259909 1.09543 1.01466 1.00362 1 1 1.0046 1.00336 0.00290996 0.00370394 0
720 16.3636 163.636 0.254231 0.370438 0.256401 1.60846 1.59875 2.17473 1.06413 1.06029 0.986373 0.986373 0.983815 0.980531 0.280382 0.358376 1 1.97261e-05 0.0030989 0.0330819 29.4354 18.9634 3.56634 -22.5297 20.213 7.1573 24.6851 -0.237003 0 0 0 0.550452 0.58717 -0.0017041 0.000394752 0.00225269 0.496279 0.45689 0.534635 0.112239 0.105682 0.117269 0.138981 0.130435 0.145432 0 0 0 0 0 0 0.503146 0.580441 0.00254412 0.358388 8.85575 0 1.77013 0 2.00636 0 0.254231 1.0642 0.986373 1.00363 1 1 1.00461 1.00338 0.00286173 0.00364222 0
730 16.5909 165.909 0.24875 0.362919 0.250886 1.5531 1.54347 2.11729 1.034 1.03026 0.959144 0.959144 0.956665 0.953505 0.272795 0.357883 1 1.97261e-05 0.00312125 0.0331936 29.212 18.7026 3.51122 -22.2138 19.9369 7.05428 24.339 -0.218531 0 0 0 0.55091 0.587574 -0.00171358 0.000458199 0.0021783 0.491057 0.451857 0.529648 0.113614 0.106955 0.118739 0.140664 0.131988 0.147244 0 0 0 0 0 0 0.503146 0.580441 0.00140445 0.358443 8.72945 0 1.74566 0 1.97768 0 0.24875 1.03407 0.959144 1.00363 1 1 1.00461 1.0034 0.0028172 0.00358622 0
740 16.8182 168.182 0.243462 0.355593 0.245562 1.4991 1.48929 2.06307 1.00509 1.00145 0.93291 0.93291 0.930514 0.927476 0.265458 0.357534 1 1.97261e-05 0.00314346 0.033304 28.9933 18.4474 3.45702 -21.9044 19.666 6.95405 24.0017 -0.20323 0 0 0 0.551235 0.5878 -0.0017239 0.000510692 0.00211845 0.485913 0.446904 0.52474 0.114974 0.108212 0.120194 0.142328 0.133523 0.149038 0 0 0 0 0 0 0.503146 0.580441 0.00112616 0.359409 8.60656 0 1.71692 0 1.94544 0 0.243462 1.00516 0.93291 1.00364 1 1 1.00462 1.00342 0.00277027 0.00352647 0
750 17.0455 170.455 0.238344 0.34846 0.240408 1.45145 1.44118 2.00874 0.977047 0.973504 0.907654 0.907654 0.905329 0.902395 0.258438 0.356477 1 1.97261e-05 0.00316579 0.0334178 28.7821 18.1991 3.40294 -21.602 19.4029 6.85653 23.6713 -0.195176 0 0 0 0.551504 0.58799 -0.00174132 0.000554271 0.00206436 0.480863 0.442051 0.519885 0.116318 0.109454 0.121633 0.143972 0.135039 0.150812 0 0 0 0 0 0 0.503146 0.580441 0.00208851 0.358744 8.48561 0 1.69702 0 1.92249 0 0.238344 0.977108 0.907654 1.00364 1 1 1.00462 1.00344 0.00272825 0.00347355 0
760 17.2727 172.727 0.233391 0.341498 0.235419 1.40492 1.39486 1.96039 0.950384 0.946934 0.883343 0.883343 0.881093 0.878267 0.251616 0.355768 1 1.97261e-05 0.00318777 0.0335257 28.5706 17.9562 3.35018 -21.3064 19.1457 6.76209 23.3491 -0.183969 0 0 0 0.551441 0.588062 -0.00176295 0.000588936 0.00201105 0.475875 0.437275 0.515102 0.117647 0.110682 0.123058 0.145598 0.136538 0.152569 0 0 0 0 0 0 0.503146 0.580441 0.00124704 0.359538 8.36901 0 1.6707 0 1.89399 0 0.233391 0.95044 0.883343 1.00364 1 1 1.00463 1.00346 0.00268434 0.00341882 0
770 17.5 175 0.228605 0.33471 0.230595 1.35839 1.34766 1.91147 0.924528 0.921169 0.859888 0.859888 0.857708 0.854985 0.245059 0.355305 1 1.97261e-05 0.00320984 0.0336375 28.3678 17.7185 3.29843 -21.0169 18.8947 6.66906 23.0337 -0.170281 0 0 0 0.550801 0.587615 -0.00178421 0.000606416 0.00196858 0.470963 0.432563 0.510395 0.11896 0.111896 0.124467 0.147205 0.138019 0.154307 0 0 0 0 0 0 0.503146 0.580441 0.00153149 0.358604 8.25437 0 1.64657 0 1.86586 0 0.228605 0.924583 0.859888 1.00365 1 1 1.00463 1.00348 0.00264135 0.00336533 0
780 17.7273 177.273 0.223974 0.328112 0.225928 1.31434 1.30419 1.85797 0.899554 0.896283 0.83724 0.83724 0.835127 0.832502 0.238731 0.35518 1 1.97261e-05 0.0032319 0.0337506 28.1707 17.4861 3.24839 -20.7345 18.6488 6.57775 22.7254 -0.159088 0 0 0 0.550147 0.587122 -0.0017911 0.000604805 0.00192173 0.466143 0.427938 0.505772 0.120259 0.113096 0.125862 0.148794 0.139483 0.156027 0 0 0 0 0 0 0.503146 0.580441 0.00191098 0.357649 8.14211 0 1.62116 0 1.83735 0 0.223974 0.899605 0.83724 1.00365 1 1 1.00464 1.00349 0.00260196 0.00331472 0
790 17.9545 179.545 0.219486 0.321694 0.221404 1.27395 1.26379 1.80731 0.875594 0.872407 0.81529 0.81529 0.813241 0.810707 0.232547 0.354912 1 1.97261e-05 0.00325379 0.033861 27.9755 17.2579 3.19959 -20.4575 18.4067 6.48912 22.4228 -0.157262 0 0 0 0.549982 0.58692 -0.00178502 0.000605858 0.00187898 0.461388 0.423411 0.501231 0.121544 0.114282 0.127243 0.150365 0.14093 0.157731 0 0 0 0 0 0 0.503146 0.580441 0.00326773 0.356831 8.03293 0 1.59752 0 1.8133 0 0.219486 0.875641 0.81529 1.00365 1 1 1.00464 1.00351 0.00256071 0.0032633 0
800 18.1818 181.818 0.215129 0.315453 0.217014 1.23623 1.22684 1.75759 0.852509 0.849403 0.794047 0.794047 0.79206 0.789611 0.226541 0.355421 1 1.97261e-05 0.0032756 0.0339704 27.7832 17.0335 3.15174 -20.1852 18.1693 6.40172 22.1261 -0.149235 0 0 0 0.55065 0.587384 -0.00176891 0.000588576 0.0018268 0.45673 0.418969 0.496758 0.122814 0.115454 0.128611 0.151918 0.14236 0.159416 0 0 0 0 0 0 0.503146 0.580441 0.00458579 0.35622 7.92631 0 1.57497 0 1.78984 0 0.215129 0.852552 0.794047 1.00366 1 1 1.00465 1.00353 0.00252175 0.00321492 0
810 18.4091 184.091 0.2109 0.309375 0.212751 1.20045 1.191 1.71164 0.830345 0.827318 0.77348 0.77348 0.771553 0.769187 0.22069 0.355786 1 1.97261e-05 0.00329725 0.034077 27.5923 16.8132 3.10503 -19.9182 17.9372 6.31471 21.8348 -0.140602 0 0 0 0.551595 0.588102 -0.00177878 0.000573588 0.00177978 0.452161 0.414599 0.492349 0.124071 0.116614 0.129965 0.153454 0.143775 0.161085 0 0 0 0 0 0 0.503146 0.580441 0.00397616 0.355914 7.82259 0 1.5511 0 1.76037 0 0.2109 0.830384 0.77348 1.00366 1 1 1.00465 1.00355 0.00248283 0.00316613 0
820 18.6364 186.364 0.20681 0.30347 0.208628 1.16088 1.15156 1.66284 0.809077 0.806126 0.753663 0.753663 0.751795 0.749512 0.215035 0.35568 1 1.97261e-05 0.00331872 0.0341815 27.4043 16.5986 3.05824 -19.6568 17.7102 6.23032 21.5507 -0.131359 0 0 0 0.552096 0.588637 -0.00177211 0.000579669 0.00173531 0.447683 0.410326 0.488008 0.125313 0.11776 0.131305 0.154973 0.145173 0.162737 0 0 0 0 0 0 0.503146 0.580441 0.00437916 0.35583 7.72175 0 1.52252 0 1.72941 0 0.20681 0.809114 0.753663 1.00366 1 1 1.00465 1.00357 0.00244442 0.00311817 0
830 18.8636 188.636 0.202837 0.29774 0.204623 1.12783 1.11874 1.61349 0.788342 0.785464 0.734467 0.734467 0.732656 0.73045 0.209583 0.355211 1 1.97261e-05 0.00334033 0.0342899 27.2232 16.3883 3.012 -19.4003 17.4889 6.14595 21.2711 -0.12491 0 0 0 0.551978 0.588715 -0.00176472 0.000597613 0.00167246 0.443303 0.406116 0.483769 0.126543 0.118894 0.132632 0.156475 0.146555 0.164373 0 0 0 0 0 0 0.503146 0.580441 0.00386506 0.354818 7.62215 0 1.50164 0 1.70537 0 0.202837 0.788376 0.734467 1.00366 1 1 1.00466 1.00358 0.00240714 0.00307066 0
840 19.0909 190.909 0.198992 0.292149 0.200746 1.09187 1.08291 1.57447 0.768209 0.765403 0.715972 0.715972 0.714216 0.712088 0.204363 0.354711 1 1.97261e-05 0.00336201 0.0344015 27.049 16.1816 2.9679 -19.1495 17.2716 6.06573 20.9987 -0.11393 0 0 0 0.551419 0.58828 -0.00177388 0.000589457 0.00161833 0.438973 0.401953 0.479618 0.127759 0.120015 0.133946 0.157961 0.147922 0.165993 0 0 0 0 0 0 0.503146 0.580441 0.0038688 0.355108 7.52418 0 1.47927 0 1.67914 0 0.198992 0.768241 0.715972 1.00367 1 1 1.00466 1.0036 0.00237105 0.00302469 0
850 19.3182 193.182 0.19527 0.286693 0.196993 1.05674 1.04807 1.53643 0.748922 0.746185 0.698184 0.698184 0.69648 0.694421 0.199326 0.354234 1 1.97261e-05 0.00338346 0.0345104 26.877 15.9795 2.92536 -18.9049 17.059 5.98921 20.7336 -0.109652 0 0 0 0.550789 0.587725 -0.00177886 0.000587295 0.00156169 0.434692 0.397868 0.475531 0.128962 0.121124 0.135247 0.15943 0.149274 0.167597 0 0 0 0 0 0 0.503146 0.580441 0.00529557 0.355651 7.42912 0 1.46058 0 1.65915 0 0.19527 0.748952 0.698184 1.00367 1 1 1.00466 1.00361 0.00233437 0.00297914 0
860 19.5455 195.455 0.191644 0.281379 0.193337 1.02954 1.0211 1.49644 0.730005 0.727336 0.680839 0.680839 0.679183 0.677192 0.194436 0.353951 1 1.97261e-05 0.00340517 0.0346244 26.7115 15.7795 2.88431 -18.6639 16.8488 5.91354 20.4722 -0.10586 0 0 0 0.550671 0.587602 -0.00177656 0.000569602 0.00150741 0.430502 0.39386 0.471487 0.130152 0.122221 0.136536 0.160884 0.150611 0.169185 0 0 0 0 0 0 0.503146 0.580441 0.00404917 0.355582 7.33469 0 1.4381 0 1.63499 0 0.191644 0.730033 0.680839 1.00367 1 1 1.00466 1.00363 0.002301 0.00293717 0
870 19.7727 197.727 0.188125 0.27621 0.189789 0.999061 0.990802 1.45555 0.711891 0.709286 0.664093 0.664093 0.662488 0.66056 0.189685 0.353551 1 1.97261e-05 0.00342664 0.0347351 26.5474 15.5847 2.84412 -18.4288 16.6431 5.83996 20.2167 -0.0972994 0 0 0 0.55071 0.587677 -0.00176155 0.000544027 0.00146353 0.42639 0.389934 0.467507 0.13133 0.123307 0.137812 0.162322 0.151933 0.170759 0 0 0 0 0 0 0.503146 0.580441 0.00245176 0.355419 7.24311 0 1.41937 0 1.61304 0 0.188125 0.711916 0.664093 1.00367 1 1 1.00467 1.00365 0.0022663 0.00289265 0
880 20 200 0.184722 0.271153 0.186355 0.967231 0.958379 1.42388 0.694283 0.691741 0.647927 0.647927 0.646367 0.6445 0.185124 0.35348 1 1.97261e-05 0.00344816 0.0348499 26.3909 15.3936 2.80496 -18.1985 16.4419 5.76665 19.9674 -0.0904914 0 0 0 0.550771 0.5877 -0.00175109 0.000511577 0.00143923 0.422337 0.386051 0.463575 0.132496 0.124381 0.139076 0.163745 0.153241 0.172316 0 0 0 0 0 0 0.503146 0.580441 0.00419767 0.354303 7.15296 0 1.40011 0 1.59348 0 0.184722 0.694307 0.647927 1.00367 1 1 1.00467 1.00366 0.00223341 0.00285224 0
890 20.2273 202.273 0.181409 0.266212 0.183012 0.941354 0.93299 1.39154 0.677264 0.674784 0.632254 0.632254 0.630737 0.62893 0.180691 0.353109 1 1.97261e-05 0.00346963 0.0349628 26.2355 15.207 2.76516 -17.9722 16.2449 5.69521 19.7223 -0.0882101 0 0 0 0.550721 0.587551 -0.00173749 0.000485298 0.00141018 0.418338 0.38222 0.459701 0.133649 0.125443 0.140328 0.165153 0.154534 0.173859 0 0 0 0 0 0 0.503146 0.580441 0.00352232 0.353131 7.06475 0 1.3807 0 1.57362 0 0.181409 0.677285 0.632254 1.00368 1 1 1.00467 1.00368 0.00220128 0.00281208 0
900 20.4545 204.545 0.178195 0.261403 0.179769 0.913138 0.905066 1.35431 0.660694 0.658274 0.617077 0.617077 0.615605 0.613856 0.176416 0.353352 1 1.97261e-05 0.00349118 0.0350794 26.0863 15.0238 2.72649 -17.7503 16.0519 5.62453 19.4821 -0.0763581 0 0 0 0.550618 0.587404 -0.00172194 0.000449783 0.00137697 0.414382 0.378486 0.455896 0.13479 0.126494 0.141568 0.166545 0.155814 0.175387 0 0 0 0 0 0 0.503146 0.580441 0.00252007 0.353375 6.97778 0 1.35877 0 1.54761 0 0.178195 0.660714 0.617077 1.00368 1 1 1.00467 1.00369 0.00216846 0.00277159 0
910 20.6818 206.818 0.175085 0.256712 0.176628 0.884588 0.875782 1.32078 0.644839 0.642476 0.60244 0.60244 0.60101 0.599313 0.172267 0.353225 1 1.97261e-05 0.00351245 0.0351916 25.9376 14.845 2.68945 -17.5344 15.8633 5.55514 19.248 -0.0745904 0 0 0 0.55037 0.58706 -0.0016909 0.000420796 0.00135472 0.410496 0.374809 0.452146 0.13592 0.127535 0.142795 0.167923 0.15708 0.176901 0 0 0 0 0 0 0.503146 0.580441 0.00439786 0.353497 6.89355 0 1.34383 0 1.5292 0 0.175085 0.644856 0.60244 1.00368 1 1 1.00467 1.00371 0.00213679 0.00273123 0
920 20.9091 209.091 0.172053 0.252135 0.173565 0.862461 0.853881 1.28897 0.629294 0.626986 0.588184 0.588184 0.586792 0.585146 0.168249 0.353364 1 1.97261e-05 0.00353395 0.0353092 25.7953 14.6679 2.65448 -17.3223 15.6763 5.48792 19.0177 -0.0699813 0 0 0 0.550506 0.587241 -0.00167683 0.000396586 0.0013281 0.40666 0.371178 0.448469 0.137038 0.128564 0.144011 0.169286 0.158332 0.1784 0 0 0 0 0 0 0.503146 0.580441 0.0033499 0.352989 6.80994 0 1.32639 0 1.50856 0 0.172053 0.62931 0.588184 1.00368 1 1 1.00468 1.00372 0.00210802 0.00269493 0
930 21.1364 211.364 0.169103 0.247672 0.170588 0.83831 0.830594 1.25676 0.614394 0.612141 0.57437 0.57437 0.573017 0.571422 0.164321 0.353009 1 1.97261e-05 0.00355519 0.035423 25.6534 14.4944 2.61982 -17.1143 15.4939 5.42204 18.791 -0.0662563 0 0 0 0.551093 0.587789 -0.00166475 0.000381965 0.00129898 0.402893 0.36761 0.444842 0.138144 0.129583 0.145215 0.170635 0.159572 0.179886 0 0 0 0 0 0 0.503146 0.580441 0.00290052 0.352832 6.72884 0 1.30644 0 1.48627 0 0.169103 0.61441 0.57437 1.00368 1 1 1.00468 1.00373 0.00207793 0.00265762 0
940 21.3636 213.636 0.166233 0.243325 0.167691 0.815723 0.808108 1.22406 0.599938 0.597737 0.560982 0.560982 0.559666 0.558118 0.160518 0.35311 1 1.97261e-05 0.00357641 0.0355375 25.5147 14.324 2.58652 -16.9105 15.314 5.35679 18.5698 -0.0633771 0 0 0 0.551636 0.588241 -0.001648 0.000359782 0.00127683 0.39918 0.364114 0.441278 0.139239 0.130591 0.146407 0.171971 0.160798 0.181357 0 0 0 0 0 0 0.503146 0.580441 0.00289101 0.351397 6.6492 0 1.29101 0 1.46923 0 0.166233 0.599952 0.560982 1.00368 1 1 1.00468 1.00375 0.00205004 0.00262226 0
950 21.5909 215.909 0.16344 0.239073 0.164871 0.794118 0.786673 1.19755 0.585827 0.583677 0.547969 0.547969 0.546686 0.545186 0.156834 0.352781 1 1.97261e-05 0.00359776 0.0356546 25.3801 14.1572 2.55257 -16.7098 15.1382 5.29129 18.3516 -0.0584187 0 0 0 0.55187 0.588428 -0.00163632 0.000327797 0.00125601 0.39552 0.360665 0.437755 0.140323 0.131589 0.147588 0.173292 0.162011 0.182815 0 0 0 0 0 0 0.503146 0.580441 0.00351519 0.351795 6.57053 0 1.27985 0 1.4557 0 0.16344 0.585841 0.547969 1.00368 1 1 1.00468 1.00376 0.00202214 0.00258777 0
960 21.8182 218.182 0.160731 0.234905 0.162135 0.770513 0.762921 1.17369 0.572234 0.570133 0.535363 0.535363 0.534117 0.532662 0.153248 0.351726 1 1.97261e-05 0.00361894 0.0357708 25.2484 13.994 2.51982 -16.5138 14.9661 5.22761 18.1375 -0.0540659 0 0 0 0.551671 0.588322 -0.00163435 0.00030614 0.00123633 0.391908 0.357247 0.434272 0.141396 0.132576 0.148758 0.174599 0.163212 0.184259 0 0 0 0 0 0 0.503146 0.580441 0.00362353 0.351749 6.49385 0 1.26391 0 1.43553 0 0.160731 0.572246 0.535363 1.00368 1 1 1.00468 1.00377 0.00199269 0.00255112 0
970 22.0455 220.455 0.158099 0.230843 0.159477 0.748504 0.740998 1.14363 0.559024 0.556972 0.523153 0.523153 0.52194 0.520526 0.149785 0.35117 1 1.97261e-05 0.00364014 0.0358895 25.1215 13.8343 2.48716 -16.3214 14.797 5.16551 17.9281 -0.0450848 0 0 0 0.551316 0.588107 -0.00163757 0.000296336 0.0012206 0.388359 0.353899 0.430836 0.142459 0.133554 0.149917 0.175893 0.164401 0.18569 0 0 0 0 0 0 0.503146 0.580441 0.00240344 0.351266 6.41846 0 1.24429 0 1.41441 0 0.158099 0.559035 0.523153 1.00369 1 1 1.00468 1.00379 0.00196575 0.00251715 0
980 22.2727 222.727 0.155543 0.226873 0.156896 0.726968 0.719812 1.11817 0.546215 0.544209 0.511372 0.511372 0.510191 0.508822 0.146457 0.350092 1 1.97261e-05 0.0036613 0.0360088 24.998 13.6779 2.4562 -16.1341 14.6316 5.10592 17.7235 -0.0464832 0 0 0 0.550958 0.587857 -0.00164041 0.000288725 0.00120984 0.384843 0.350624 0.427438 0.143511 0.134521 0.151065 0.177174 0.165577 0.187108 0 0 0 0 0 0 0.503146 0.580441 0.003422 0.350969 6.3445 0 1.22826 0 1.39746 0 0.155543 0.546227 0.511372 1.00369 1 1 1.00468 1.0038 0.00193989 0.00248464 0
990 22.5 225 0.153047 0.223001 0.154376 0.709576 0.70283 1.09013 0.533916 0.531955 0.499952 0.499952 0.498803 0.497474 0.143206 0.349499 1 1.97261e-05 0.0036822 0.0361241 24.8738 13.5253 2.42472 -15.95 14.4699 5.0463 17.523 -0.0409397 0 0 0 0.55072 0.587642 -0.0016412 0.000276233 0.00118856 0.381382 0.3474 0.424104 0.144553 0.135478 0.152203 0.178442 0.166741 0.188512 0 0 0 0 0 0 0.503146 0.580441 0.00402993 0.349861 6.27266 0 1.20824 0 1.37488 0 0.153047 0.533927 0.499952 1.00369 1 1 1.00468 1.00381 0.0019134 0.00245071 0
1000 22.7273 227.273 0.15063 0.219223 0.151933 0.687796 0.680706 1.06415 0.521918 0.520001 0.488884 0.488884 0.487765 0.486474 0.140072 0.348535 1 1.97261e-05 0.00370319 0.0362436 24.756 13.375 2.39466 -15.7697 14.3116 4.98814 17.3263 -0.0358665 0 0 0 0.550522 0.58735 -0.00164671 0.000261114 0.00117967 0.377975 0.344224 0.42082 0.145584 0.136426 0.15333 0.179696 0.167893 0.189904 0 0 0 0 0 0 0.503146 0.580441 0.00379773 0.348385 6.20178 0 1.1948 0 1.35998 0 0.15063 0.521928 0.488884 1.00369 1 1 1.00469 1.00382 0.0018878 0.00241919 0
1010 22.9545 229.545 0.148275 0.215537 0.149554 0.670115 0.663099 1.03792 0.510209 0.508335 0.47814 0.47814 0.477048 0.475788 0.137041 0.347852 1 1.97261e-05 0.00372425 0.0363647 24.6414 13.2285 2.36374 -15.5922 14.1563 4.93145 17.133 -0.035971 0 0 0 0.550485 0.587325 -0.00166002 0.000233058 0.00118035 0.374617 0.341106 0.417591 0.146605 0.137364 0.154448 0.180939 0.169034 0.191283 0 0 0 0 0 0 0.503146 0.580441 0.00288752 0.349213 6.13181 0 1.17529 0 1.33827 0 0.148275 0.510218 0.47814 1.00369 1 1 1.00469 1.00383 0.0018649 0.00239016 0
1020 23.1818 231.818 0.145972 0.211947 0.147227 0.655259 0.648585 1.01076 0.498945 0.497111 0.467651 0.467651 0.466587 0.465367 0.134049 0.347279 1 1.97261e-05 0.0037451 0.0364821 24.5257 13.0836 2.33356 -15.4171 14.0029 4.87378 16.9427 -0.0316315 0 0 0 0.550207 0.587104 -0.00166256 0.000202928 0.00118057 0.371337 0.338036 0.414409 0.147615 0.138292 0.155554 0.182168 0.170163 0.19265 0 0 0 0 0 0 0.503146 0.580441 0.00392998 0.35006 6.06375 0 1.1606 0 1.32183 0 0.145972 0.498953 0.467651 1.00369 1 1 1.00469 1.00385 0.00184001 0.00235875 0
1030 23.4091 234.091 0.143735 0.20844 0.144965 0.63677 0.629987 0.987632 0.488002 0.486209 0.457498 0.457498 0.456461 0.455275 0.131161 0.346396 1 1.97261e-05 0.00376592 0.0366007 24.4138 12.9419 2.30351 -15.2454 13.8529 4.81999 16.7556 -0.030272 0 0 0 0.549745 0.586755 -0.00166834 0.000182499 0.0011855 0.368099 0.335017 0.411275 0.148616 0.139212 0.156652 0.183386 0.171281 0.194005 0 0 0 0 0 0 0.503146 0.580441 0.00307458 0.349075 5.99688 0 1.1462 0 1.30589 0 0.143735 0.48801 0.457498 1.00369 1 1 1.00469 1.00386 0.00181673 0.00232876 0
1040 23.6364 236.364 0.141548 0.205016 0.142755 0.62256 0.615778 0.964267 0.477355 0.4756 0.447602 0.447602 0.446591 0.445438 0.128342 0.346123 1 1.97261e-05 0.00378675 0.0367201 24.3042 12.8015 2.27441 -15.0759 13.7042 4.76712 16.5719 -0.0288711 0 0 0 0.549438 0.586528 -0.00168052 0.000161337 0.00117033 0.364916 0.332033 0.408194 0.149607 0.140122 0.157739 0.184591 0.172388 0.195348 0 0 0 0 0 0 0.503146 0.580441 0.00325722 0.349003 5.9311 0 1.13344 0 1.29191 0 0.141548 0.477363 0.447602 1.00369 1 1 1.00469 1.00387 0.00179316 0.00229923 0
1050 23.8636 238.636 0.139422 0.201665 0.140604 0.605541 0.598665 0.943497 0.467048 0.465331 0.438027 0.438027 0.437041 0.435922 0.125617 0.345603 1 1.97261e-05 0.00380747 0.036839 24.1968 12.6647 2.24546 -14.9101 13.5594 4.71459 16.392 -0.0257837 0 0 0 0.54922 0.586214 -0.00169845 0.00014582 0.00114735 0.361787 0.329079 0.405152 0.150588 0.141023 0.158817 0.185785 0.173484 0.196678 0 0 0 0 0 0 0.503146 0.580441 0.00346512 0.349747 5.86672 0 1.11714 0 1.27263 0 0.139422 0.467055 0.438027 1.00369 1 1 1.00469 1.00388 0.00177112 0.00227122 0
1060 24.0909 240.909 0.137349 0.198406 0.138509 0.590028 0.583748 0.917841 0.456996 0.455316 0.428717 0.428717 0.427756 0.426667 0.122972 0.344862 1 1.97261e-05 0.00382824 0.0369604 24.0933 12.5301 2.21638 -14.7465 13.4175 4.6632 16.2146 -0.0219464 0 0 0 0.549342 0.58626 -0.00170151 0.000137905 0.00112603 0.358708 0.326193 0.402168 0.15156 0.141916 0.159885 0.186967 0.174569 0.197997 0 0 0 0 0 0 0.503146 0.580441 0.00313957 0.348176 5.80324 0 1.10006 0 1.25422 0 0.137349 0.457003 0.428717 1.00369 1 1 1.00469 1.00389 0.00174802 0.00224287 0
1070 24.3182 243.182 0.135327 0.195229 0.136465 0.57558 0.569363 0.894732 0.447171 0.445527 0.419642 0.419642 0.418704 0.417645 0.120399 0.343711 1 1.97261e-05 0.0038491 0.0370841 23.9931 12.3971 2.18906 -14.5862 13.2771 4.61289 16.0404 -0.0230965 0 0 0 0.549685 0.58661 -0.00171208 0.000122747 0.0011118 0.355684 0.323355 0.399234 0.152522 0.1428 0.160943 0.188137 0.175643 0.199305 0 0 0 0 0 0 0.503146 0.580441 0.00395723 0.348154 5.74052 0 1.08615 0 1.23897 0 0.135327 0.447177 0.419642 1.00369 1 1 1.00469 1.0039 0.00172601 0.00221491 0
1080 24.5455 245.455 0.133351 0.19213 0.134467 0.562597 0.556431 0.872483 0.43762 0.43601 0.410773 0.410773 0.40986 0.408827 0.117874 0.343225 1 1.97261e-05 0.00386993 0.0372077 23.8945 12.2661 2.16171 -14.4278 13.1385 4.56296 15.8682 -0.0212645 0 0 0 0.549976 0.586912 -0.00172734 0.000110856 0.00110859 0.352711 0.320566 0.396351 0.153476 0.143676 0.161992 0.189297 0.176708 0.200601 0 0 0 0 0 0 0.503146 0.580441 0.00267469 0.348238 5.67888 0 1.07398 0 1.22522 0 0.133351 0.437624 0.410773 1.00369 1 1 1.00469 1.00391 0.00170274 0.00218582 0
1090 24.7727 247.727 0.131417 0.189091 0.132512 0.55066 0.544843 0.855903 0.428237 0.426662 0.402144 0.402144 0.401254 0.400248 0.115436 0.343025 1 1.97261e-05 0.00389096 0.0373349 23.7992 12.1375 2.13462 -14.2721 13.0024 4.51318 15.6989 -0.0212774 0 0 0 0.550388 0.587303 -0.00173269 0.000105059 0.00111726 0.349777 0.317804 0.393495 0.15442 0.144543 0.163032 0.190445 0.177762 0.201886 0 0 0 0 0 0 0.503146 0.580441 0.00304032 0.34802 5.61767 0 1.06383 0 1.21482 0 0.131417 0.428241 0.402144 1.00369 1 1 1.00469 1.00392 0.00168151 0.00215901 0
1100 25 250 0.129528 0.18612 0.130603 0.537556 0.531773 0.836724 0.419184 0.417642 0.393787 0.393787 0.392919 0.391941 0.113068 0.34296 1 1.97261e-05 0.0039118 0.0374587 23.7036 12.0111 2.1088 -14.1199 12.8684 4.46557 15.5336 -0.0196592 0 0 0 0.550649 0.587568 -0.00174193 0.000114566 0.00112165 0.346892 0.315062 0.390694 0.155355 0.145402 0.164063 0.191582 0.178805 0.20316 0 0 0 0 0 0 0.503146 0.580441 0.00340878 0.348668 5.55797 0 1.04777 0 1.19586 0 0.129528 0.419187 0.393787 1.00369 1 1 1.00469 1.00393 0.00165981 0.00213218 0
1110 25.2273 252.273 0.127687 0.183227 0.128742 0.524047 0.518533 0.814566 0.410488 0.408978 0.385717 0.385717 0.38487 0.383918 0.110771 0.342941 1 1.97261e-05 0.00393235 0.0375793 23.6081 11.8875 2.08328 -13.9708 12.738 4.41925 15.372 -0.0161053 0 0 0 0.550847 0.587747 -0.00177005 0.000124532 0.00112505 0.344053 0.312368 0.387954 0.156282 0.146252 0.165086 0.192709 0.179839 0.204424 0 0 0 0 0 0 0.503146 0.580441 0.00263559 0.348256 5.50002 0 1.03644 0 1.18225 0 0.127687 0.410491 0.385717 1.00369 1 1 1.00469 1.00394 0.00163923 0.0021062 0
1120 25.4545 254.545 0.125894 0.18039 0.12693 0.510327 0.504787 0.798861 0.402153 0.400674 0.377906 0.377906 0.377081 0.376156 0.108533 0.343043 1 1.97261e-05 0.00395257 0.0376948 23.5117 11.7662 2.05858 -13.8248 12.6101 4.37353 15.2143 -0.0134736 0 0 0 0.550918 0.587764 -0.00179857 0.000132464 0.00113362 0.341246 0.309706 0.385245 0.1572 0.147093 0.166099 0.193824 0.180863 0.205676 0 0 0 0 0 0 0.503146 0.580441 0.00315001 0.348281 5.44389 0 1.02239 0 1.16665 0 0.125894 0.402156 0.377906 1.00369 1 1 1.00469 1.00395 0.00161681 0.00207882 0
1130 25.6818 256.818 0.124146 0.177629 0.125163 0.497546 0.492189 0.777552 0.39395 0.392501 0.370325 0.370325 0.369518 0.368616 0.106382 0.343416 1 1.97261e-05 0.00397299 0.0378145 23.4196 11.6468 2.03552 -13.6823 12.4846 4.32915 15.0597 -0.0125326 0 0 0 0.550964 0.58778 -0.00183169 0.000143404 0.00114628 0.338495 0.307091 0.382589 0.158111 0.147927 0.167104 0.19493 0.181877 0.206919 0 0 0 0 0 0 0.503146 0.580441 0.00199897 0.348925 5.38809 0 1.00377 0 1.14665 0 0.124146 0.393953 0.370325 1.00369 1 1 1.00469 1.00396 0.00159835 0.00205579 0
1140 25.9091 259.091 0.122441 0.17493 0.123439 0.485353 0.480097 0.759978 0.386042 0.384622 0.362936 0.362936 0.362149 0.361268 0.104269 0.343336 1 1.97261e-05 0.00399318 0.0379325 23.3286 11.5291 2.01276 -13.5418 12.3612 4.28471 14.9075 -0.00831258 0 0 0 0.550854 0.587734 -0.00185894 0.000158292 0.0011521 0.335793 0.304518 0.379963 0.159013 0.148753 0.168101 0.196025 0.182882 0.208151 0 0 0 0 0 0 0.503146 0.580441 0.00218344 0.349733 5.33373 0 0.992684 0 1.13422 0 0.122441 0.386044 0.362936 1.00369 1 1 1.00469 1.00397 0.00157788 0.00203047 0
1150 26.1364 261.364 0.12078 0.172289 0.121759 0.47303 0.467774 0.743656 0.378418 0.377026 0.355764 0.355764 0.354996 0.354138 0.102208 0.344608 1 1.97261e-05 0.00401315 0.0380465 23.237 11.4132 1.9909 -13.4041 12.2394 4.24108 14.7591 -0.00749964 0 0 0 0.550994 0.587972 -0.00189312 0.000176483 0.00116925 0.333122 0.301983 0.377379 0.159907 0.149572 0.169089 0.19711 0.183877 0.209373 0 0 0 0 0 0 0.503146 0.580441 0.00282057 0.348916 5.2808 0 0.983071 0 1.12281 0 0.12078 0.378419 0.355764 1.00369 1 1 1.00469 1.00398 0.00155863 0.00200629 0
1160 26.3636 263.636 0.119153 0.169697 0.120114 0.463209 0.458124 0.730093 0.371075 0.36971 0.348793 0.348793 0.348044 0.347207 0.100191 0.345221 1 1.97261e-05 0.00403286 0.0381565 23.1443 11.3005 1.96865 -13.2691 12.1208 4.19637 14.613 -0.00649946 0 0 0 0.5511 0.588081 -0.0019404 0.000191224 0.00119352 0.330476 0.29948 0.374821 0.160793 0.150382 0.170068 0.198186 0.184862 0.210584 0 0 0 0 0 0 0.503146 0.580441 0.00295725 0.348993 5.22931 0 0.970942 0 1.10979 0 0.119153 0.371076 0.348793 1.00369 1 1 1.00469 1.00399 0.00153906 0.00198193 0
1170 26.5909 265.909 0.117562 0.167158 0.118505 0.453119 0.448059 0.714771 0.363871 0.362532 0.342034 0.342034 0.3413 0.340483 0.0982518 0.345529 1 1.97261e-05 0.00405267 0.0382687 23.0544 11.1896 1.94773 -13.1373 12.0041 4.15446 14.4699 -0.00676783 0 0 0 0.551302 0.588222 -0.00197529 0.000211389 0.00120895 0.327863 0.297019 0.372293 0.16167 0.151186 0.17104 0.199251 0.185839 0.211786 0 0 0 0 0 0 0.503146 0.580441 0.00250948 0.347321 5.1783 0 0.961449 0 1.09882 0 0.117562 0.363872 0.342034 1.00369 1 1 1.00469 1.004 0.00152302 0.00196119 0
1180 26.8182 268.182 0.116005 0.164676 0.11693 0.443656 0.438663 0.69908 0.356921 0.355608 0.335428 0.335428 0.334712 0.333916 0.0963387 0.346191 1 1.97261e-05 0.00407225 0.0383781 22.9645 11.0801 1.92672 -13.0068 11.8889 4.11279 14.3289 -0.00588223 0 0 0 0.55159 0.588547 -0.00199774 0.000240843 0.00121598 0.325295 0.294589 0.369801 0.16254 0.151982 0.172005 0.200307 0.186807 0.212978 0 0 0 0 0 0 0.503146 0.580441 0.0045091 0.346543 5.12861 0 0.949377 0 1.08542 0 0.116005 0.356921 0.335428 1.00369 1 1 1.00469 1.00401 0.00150352 0.00193712 0
1190 27.0455 270.455 0.11448 0.162252 0.115389 0.433826 0.429185 0.682708 0.350176 0.348887 0.329012 0.329012 0.328313 0.327538 0.0944795 0.346875 1 1.97261e-05 0.00409173 0.0384863 22.8755 10.9729 1.9065 -12.8794 11.7755 4.07224 14.1907 -0.00444275 0 0 0 0.551679 0.588657 -0.00202276 0.000273431 0.00123441 0.322766 0.292191 0.367355 0.163402 0.152771 0.172962 0.201353 0.187765 0.214161 0 0 0 0 0 0 0.503146 0.580441 0.00491205 0.346353 5.07992 0 0.937254 0 1.07152 0 0.11448 0.350176 0.329012 1.00369 1 1 1.00469 1.00401 0.00148551 0.00191411 0
1200 27.2727 272.727 0.112992 0.159877 0.113884 0.423773 0.419227 0.668594 0.343573 0.342309 0.322765 0.322765 0.322081 0.321326 0.092677 0.347166 1 1.97261e-05 0.00411124 0.038597 22.7897 10.8667 1.88699 -12.7537 11.6638 4.03338 14.0549 -0.0028007 0 0 0 0.551677 0.588676 -0.00204976 0.00031015 0.00125805 0.320266 0.289834 0.36494 0.164256 0.153553 0.173912 0.202389 0.188715 0.215334 0 0 0 0 0 0 0.503146 0.580441 0.00491394 0.346833 5.0318 0 0.927013 0 1.05965 0 0.112992 0.343573 0.322765 1.00369 1 1 1.00469 1.00402 0.00146879 0.0018935 0
1210 27.5 275 0.111533 0.157552 0.112409 0.415387 0.410848 0.654878 0.337168 0.335927 0.316665 0.316665 0.315997 0.31526 0.0909074 0.347195 1 1.97261e-05 0.00413063 0.0387054 22.7037 10.7626 1.86741 -12.63 11.5539 3.9945 13.9209 -0.00291695 0 0 0 0.551387 0.588386 -0.00207574 0.000351232 0.00128919 0.317805 0.287509 0.362549 0.165103 0.154328 0.174853 0.203417 0.189656 0.216498 0 0 0 0 0 0 0.503146 0.580441 0.00454227 0.345664 4.98468 0 0.91723 0 1.04955 0 0.111533 0.337168 0.316665 1.00369 1 1 1.00469 1.00403 0.00145161 0.00187186 0
1220 27.7273 277.273 0.110102 0.155273 0.110962 0.40754 0.403025 0.641586 0.330838 0.329621 0.310713 0.310713 0.310059 0.309339 0.089197 0.347704 1 1.97261e-05 0.00415025 0.0388185 22.6216 10.6599 1.84828 -12.5081 11.4452 3.95692 13.789 -0.00440667 0 0 0 0.551296 0.588216 -0.00209109 0.00038022 0.00131537 0.315377 0.285214 0.360191 0.165942 0.155096 0.175787 0.204435 0.190589 0.217652 0 0 0 0 0 0 0.503146 0.580441 0.00436812 0.34557 4.93767 0 0.905634 0 1.03609 0 0.110102 0.330838 0.310713 1.00369 1 1 1.00469 1.00404 0.00143543 0.00185106 0
1230 27.9545 279.545 0.1087 0.153046 0.109545 0.399054 0.394745 0.627329 0.324677 0.323482 0.304899 0.304899 0.30426 0.303557 0.0875222 0.348108 1 1.97261e-05 0.0041698 0.0389309 22.5403 10.5582 1.82995 -12.3881 11.3382 3.91985 13.6589 -0.0028047 0 0 0 0.551506 0.588345 -0.00209743 0.000407596 0.00134753 0.312987 0.28295 0.357868 0.166774 0.155857 0.176714 0.205444 0.191513 0.218797 0 0 0 0 0 0 0.503146 0.580441 0.00405583 0.34583 4.89147 0 0.89458 0 1.02445 0 0.1087 0.324676 0.304899 1.00369 1 1 1.00469 1.00405 0.00141896 0.0018302 0
1240 28.1818 281.818 0.10733 0.150865 0.10816 0.389929 0.385858 0.613982 0.318672 0.317499 0.299238 0.299238 0.298613 0.297926 0.0858925 0.348464 1 1.97261e-05 0.00418931 0.0390434 22.4605 10.4588 1.81081 -12.2696 11.2335 3.88233 13.5309 -0.000366763 0 0 0 0.551798 0.588591 -0.00209814 0.000436556 0.0013844 0.310637 0.280713 0.355578 0.167598 0.156611 0.177633 0.206445 0.192429 0.219934 0 0 0 0 0 0 0.503146 0.580441 0.00285616 0.344764 4.84602 0 0.885603 0 1.0145 0 0.10733 0.318671 0.299238 1.00369 1 1 1.00469 1.00405 0.0014033 0.00181055 0
1250 28.4091 284.091 0.105991 0.148729 0.106807 0.381143 0.376813 0.601503 0.31286 0.311709 0.293745 0.293745 0.293133 0.292462 0.0843081 0.348866 1 1.97261e-05 0.00420863 0.039154 22.3814 10.3613 1.79197 -12.1533 11.1311 3.84534 13.4055 0.000143141 0 0 0 0.552045 0.588896 -0.00208507 0.0004634 0.00141702 0.308314 0.278507 0.35332 0.168415 0.157359 0.178545 0.207436 0.193337 0.221061 0 0 0 0 0 0 0.503146 0.580441 0.0038521 0.345625 4.80163 0 0.873324 0 1.00018 0 0.105991 0.312859 0.293745 1.00369 1 1 1.00469 1.00406 0.00138755 0.00179087 0
1260 28.6364 286.364 0.104677 0.146637 0.105478 0.374317 0.370033 0.589215 0.30718 0.30605 0.288364 0.288364 0.287766 0.28711 0.0827534 0.349253 1 1.97261e-05 0.00422795 0.0392656 22.304 10.2649 1.77342 -12.0383 11.0299 3.80921 13.2814 -0.000959285 0 0 0 0.552219 0.589103 -0.00207474 0.000495747 0.00144026 0.306031 0.27632 0.351093 0.169225 0.158099 0.17945 0.208419 0.194236 0.22218 0 0 0 0 0 0 0.503146 0.580441 0.0024855 0.344295 4.75785 0 0.866807 0 0.993309 0 0.104677 0.307179 0.288364 1.00369 1 1 1.00469 1.00407 0.00137196 0.00177119 0
1270 28.8636 288.636 0.103393 0.144586 0.104178 0.365856 0.361561 0.577662 0.301625 0.300516 0.283129 0.283129 0.282544 0.281904 0.0812471 0.349254 1 1.97261e-05 0.00424728 0.0393773 22.2277 10.171 1.75415 -11.9252 10.9312 3.77341 13.1591 0.00117845 0 0 0 0.552137 0.589039 -0.00206038 0.000515035 0.00146612 0.303768 0.274165 0.348898 0.170028 0.158833 0.180348 0.209394 0.195128 0.22329 0 0 0 0 0 0 0.503146 0.580441 0.00266501 0.344048 4.71463 0 0.855991 0 0.979545 0 0.103393 0.301625 0.283129 1.00369 1 1 1.00469 1.00408 0.00135652 0.00175176 0
1280 29.0909 290.909 0.102137 0.142579 0.102907 0.357917 0.353688 0.565179 0.296152 0.295063 0.278003 0.278003 0.277431 0.276806 0.0797783 0.349668 1 1.97261e-05 0.00426677 0.039493 22.1549 10.0782 1.73471 -11.8129 10.8338 3.73819 13.038 0.00130458 0 0 0 0.552011 0.588899 -0.0020411 0.000525898 0.0014925 0.301538 0.272043 0.346734 0.170824 0.159561 0.18124 0.21036 0.196012 0.224392 0 0 0 0 0 0 0.503146 0.580441 0.0019475 0.34372 4.67166 0 0.846259 0 0.969483 0 0.102137 0.296151 0.278003 1.00369 1 1 1.00469 1.00408 0.00134088 0.00173264 0
1290 29.3182 293.182 0.100906 0.140615 0.101661 0.350876 0.346811 0.552797 0.290789 0.289719 0.273005 0.273005 0.272445 0.271834 0.0783519 0.349777 1 1.97261e-05 0.00428631 0.03961 22.0839 9.98687 1.71622 -11.7031 10.7378 3.70307 12.9191 0.00265527 0 0 0 0.551911 0.588765 -0.00202195 0.00054726 0.00152109 0.299346 0.269947 0.344603 0.171613 0.160282 0.182124 0.211317 0.196888 0.225485 0 0 0 0 0 0 0.503146 0.580441 0.00210526 0.343961 4.62917 0 0.835331 0 0.957211 0 0.100906 0.290788 0.273005 1.00369 1 1 1.00469 1.00409 0.00132738 0.00171453 0
1300 29.5455 295.455 0.0997035 0.13869 0.100445 0.342609 0.338588 0.542104 0.285564 0.284514 0.268136 0.268136 0.267588 0.266991 0.0769624 0.350085 1 1.97261e-05 0.00430578 0.0397269 22.0143 9.89752 1.69749 -11.595 10.6438 3.66853 12.802 0.0036806 0 0 0 0.551868 0.588726 -0.00201115 0.000571621 0.00155094 0.297174 0.267877 0.342506 0.172395 0.160997 0.183002 0.212267 0.197756 0.22657 0 0 0 0 0 0 0.503146 0.580441 0.0016581 0.343875 4.58739 0 0.825162 0 0.945599 0 0.0997035 0.285564 0.268136 1.00369 1 1 1.00469 1.0041 0.00131298 0.00169658 0
