160 3.63636 36.3636 1.14429 1.17612 1.14319 0 0 0 5.23117 5.22295 4.85775 4.85775 4.84417 4.80949 1.38315 0.382556 1 1e-05 0.00207797 0.0317167 60.148 41.2808 9.26137 -50.5421 44.08 16.1925 55.397 -0.087776 0 0 0 0.556301 0.591376 -0.0024318 0.0122059 0.00911216 0.89468 0.844728 0.915546 0.00254575 0.00240617 0.00260179 0.0031783 0.00300103 0.00325239 0 0 0 0 0 0 0.499232 0.577976 0.000326047 0.399921 19.8365 0 1.11586 0 1.36861 0 1.14429 5.23372 4.85775 1.00157 1 1.00003 1.002 1.00187 0.0060796 0.00778167 0
170 3.86364 38.6364 1.11861 1.1731 1.11777 7.15867 7.23133 0.851468 5.12696 5.11836 4.76177 4.76177 4.74846 4.71436 1.35595 0.382704 1 1e-05 0.00208862 0.0316774 59.3885 40.9042 9.1023 -50.0065 43.6845 15.9988 54.8185 -0.0795976 0 0 0 0.555891 0.59122 -0.00238817 0.012172 0.00913838 0.893576 0.843517 0.914438 0.00508914 0.00480986 0.00520118 0.00635357 0.00599879 0.00650179 0 0 0 0 0 0 0.499232 0.577976 0.00105245 0.399328 19.6369 0 1.32124 0 1.56595 0 1.11861 5.12942 4.76177 1.00168 1 1.00003 1.00214 1.00188 0.00602908 0.00771475 0
180 4.09091 40.9091 1.09343 1.1688 1.09283 7.02337 7.09029 1.2102 5.02836 5.01942 4.6693 4.6693 4.65626 4.62296 1.32939 0.382585 1 1e-05 0.00209894 0.0316258 58.6141 40.5331 8.94734 -49.4804 43.2973 15.8136 54.2569 -0.113904 0 0 0 0.553826 0.58953 -0.00242603 0.012095 0.00921894 0.89203 0.841726 0.912897 0.00762887 0.00720933 0.00779678 0.00952414 0.00899115 0.00974641 0 0 0 0 0 0 0.499232 0.577976 0.00214603 0.39758 19.4462 0 1.49188 0 1.76388 0 1.09343 5.03071 4.6693 1.00178 1 1.00003 1.00226 1.00189 0.00598609 0.00765587 0
190 4.31818 43.1818 1.06876 1.16291 1.06837 6.88628 6.94966 1.65817 4.93607 4.92683 4.58072 4.58072 4.56792 4.53553 1.30352 0.382371 1 1e-05 0.00210883 0.0315589 57.8202 40.1709 8.79996 -48.9708 42.9212 15.6366 53.7143 -0.113327 0 0 0 0.550185 0.586681 -0.00237471 0.011953 0.00933828 0.889799 0.839379 0.910782 0.0101636 0.00960309 0.0103873 0.0126879 0.0119761 0.0129845 0 0 0 0 0 0 0.499232 0.577976 0.000306645 0.394799 19.266 0 1.64651 0 1.96546 0 1.06876 4.93833 4.58072 1.00188 1 1.00003 1.00238 1.00191 0.00595002 0.0076094 0
200 4.54545 45.4545 1.0446 1.15518 1.04443 6.74247 6.80161 2.17686 4.8491 4.83959 4.49703 4.49703 4.48445 4.453 1.27904 0.382166 1 1e-05 0.00211837 0.0314797 57.014 39.8217 8.66004 -48.4817 42.5569 15.4763 53.1991 -0.0933605 0 0 0 0.546053 0.583585 -0.00235537 0.0117906 0.00944908 0.886875 0.836361 0.907919 0.0126913 0.0119894 0.0129711 0.0158425 0.0149514 0.0162137 0 0 0 0 0 0 0.499232 0.577976 0.00208732 0.393898 19.0946 0 1.7909 0 2.13985 0 1.0446 4.85124 4.49703 1.00197 1 1.00003 1.0025 1.00193 0.0059218 0.00757406 0
210 4.77273 47.7273 1.02099 1.14563 1.021 6.59882 6.65044 2.69036 4.76704 4.75727 4.41826 4.41826 4.40587 4.37538 1.25605 0.381732 1 1e-05 0.00212757 0.0313899 56.1998 39.4856 8.53247 -48.018 42.209 15.3275 52.7102 -0.0693584 0 0 0 0.541646 0.579756 -0.0023847 0.011615 0.00952455 0.883231 0.832673 0.904331 0.0152104 0.0143666 0.0155462 0.0189851 0.0179145 0.0194312 0 0 0 0 0 0 0.499232 0.577976 0.00264448 0.3919 18.9315 0 1.91414 0 2.30207 0 1.02099 4.76907 4.41826 1.00205 1 1.00003 1.00261 1.00195 0.00589772 0.00754421 0
220 5 50 0.997748 1.13476 0.997923 6.49767 6.54379 3.05943 4.68831 4.6783 4.34273 4.34273 4.3305 4.30089 1.23402 0.381198 1 1e-05 0.00213658 0.0312911 55.3766 39.1561 8.41447 -47.5705 41.8663 15.192 52.2399 -0.10599 0 0 0 0.538528 0.576785 -0.00246249 0.0114604 0.00957837 0.879063 0.828463 0.900235 0.0177188 0.0167329 0.0181108 0.0221135 0.0208633 0.0226346 0 0 0 0 0 0 0.499232 0.577976 0.00158972 0.391538 18.7738 0 1.99518 0 2.39914 0 0.997748 4.69023 4.34273 1.00214 1 1.00003 1.00272 1.00197 0.00587894 0.00752368 0
230 5.22727 52.2727 0.974775 1.12265 0.975107 6.42505 6.46914 3.41102 4.61254 4.60232 4.26957 4.26957 4.25747 4.22867 1.21258 0.380394 1 1e-05 0.00214543 0.0311829 54.5411 38.8349 8.29601 -47.1309 41.5315 15.0666 51.7783 -0.148036 0 0 0 0.536655 0.574783 -0.0024702 0.0112765 0.00956958 0.87439 0.823719 0.895673 0.0202152 0.0190868 0.0206639 0.025226 0.0237959 0.0258223 0 0 0 0 0 0 0.499232 0.577976 0.000759168 0.38903 18.6207 0 2.08971 0 2.52373 0 0.974775 4.61438 4.26957 1.00222 1 1.00002 1.00282 1.00199 0.0058658 0.00750667 0
240 5.45455 54.5455 0.952064 1.10943 0.952525 6.35892 6.39523 3.7233 4.5422 4.53177 4.19932 4.19932 4.18737 4.15943 1.19151 0.379678 1 1e-05 0.00215382 0.0310565 53.6789 38.5258 8.17939 -46.7052 41.2092 14.9404 51.3314 -0.165352 0 0 0 0.535522 0.573627 -0.00253877 0.0110911 0.00958218 0.869212 0.818492 0.890729 0.022698 0.021427 0.0232038 0.0283205 0.0267104 0.0289927 0 0 0 0 0 0 0.499232 0.577976 0.000748359 0.38805 18.4774 0 2.16427 0 2.61163 0 0.952064 4.54396 4.19932 1.0023 1 1.00002 1.00293 1.00201 0.005846 0.00748013 0
250 5.68182 56.8182 0.929565 1.0953 0.930166 6.29622 6.3358 3.97778 4.47237 4.46175 4.13086 4.13086 4.11904 4.09196 1.17125 0.378791 1 1e-05 0.00216231 0.0309272 52.8153 38.2254 8.06236 -46.2877 40.8979 14.8088 50.89 -0.2109 0 0 0 0.535344 0.573264 -0.00257518 0.0108923 0.00957436 0.863627 0.812897 0.88541 0.025166 0.0237521 0.02573 0.0313954 0.0296051 0.0321444 0 0 0 0 0 0 0.499232 0.577976 -0.00200045 0.387423 18.3341 0 2.23382 0 2.69152 0 0.929565 4.47407 4.13086 1.00238 1 1.00002 1.00302 1.00204 0.00583121 0.00746135 0
260 5.90909 59.0909 0.907299 1.08043 0.908039 6.23101 6.27018 4.18873 4.40383 4.39304 4.06342 4.06342 4.05173 4.02546 1.15122 0.37795 1 1e-05 0.00217079 0.0307924 51.947 37.9294 7.94567 -45.875 40.5882 14.6838 50.4505 -0.270088 0 0 0 0.53646 0.57361 -0.00259152 0.0107022 0.00953265 0.857735 0.806947 0.879763 0.0276179 0.0260614 0.0282414 0.0344493 0.0324787 0.035276 0 0 0 0 0 0 0.499232 0.577976 -0.000232001 0.388761 18.1924 0 2.27696 0 2.73672 0 0.907299 4.40548 4.06342 1.00246 1 1.00002 1.00312 1.00206 0.00581495 0.00744026 0
270 6.13636 61.3636 0.885195 1.06509 0.886052 6.19154 6.22435 4.31841 4.33389 4.32296 3.99565 3.99565 3.98405 3.95857 1.13132 0.377774 1 1e-05 0.00217962 0.0306603 51.0857 37.6307 7.82966 -45.4604 40.2738 14.5536 50.0067 -0.288436 0 0 0 0.537076 0.573685 -0.00251566 0.0105604 0.00954142 0.85154 0.800799 0.873948 0.030053 0.0283541 0.0307374 0.0374812 0.0353303 0.0383866 0 0 0 0 0 0 0.499232 0.577976 0.001298 0.385288 18.0467 0 2.31859 0 2.79163 0 0.885195 4.33548 3.99565 1.00253 1 1.00002 1.00322 1.00208 0.00580262 0.00742552 0
280 6.36364 63.6364 0.863327 1.04906 0.86429 6.12827 6.15812 4.51619 4.26397 4.2529 3.92736 3.92736 3.91589 3.89119 1.11115 0.377286 1 1e-05 0.00218862 0.030527 50.2272 37.3299 7.71426 -45.0442 39.9548 14.4194 49.5563 -0.332631 0 0 0 0.53706 0.574024 -0.00243205 0.0104922 0.00958587 0.845022 0.794368 0.867771 0.0324705 0.0306295 0.0332172 0.0404899 0.0381589 0.0414753 0 0 0 0 0 0 0.499232 0.577976 -0.00212305 0.384609 17.8999 0 2.36959 0 2.84224 0 0.863327 4.26546 3.92736 1.0026 1 1.00002 1.00331 1.00211 0.00578523 0.00740532 0
290 6.59091 65.9091 0.841714 1.03264 0.842764 6.06181 6.08634 4.62178 4.19328 4.18211 3.85849 3.85849 3.84713 3.8232 1.09084 0.37653 1 1e-05 0.0021979 0.0303957 49.3769 37.0206 7.60416 -44.6248 39.6262 14.2886 49.0998 -0.369539 0 0 0 0.537438 0.5747 -0.00235131 0.0104057 0.00966375 0.838314 0.787699 0.86142 0.0348694 0.032887 0.0356799 0.0434743 0.0409636 0.044541 0 0 0 0 0 0 0.499232 0.577976 0.00055669 0.382784 17.7503 0 2.40175 0 2.88386 0 0.841714 4.19468 3.85849 1.00267 1 1.00002 1.0034 1.00214 0.00576911 0.00738845 0
300 6.81818 68.1818 0.820368 1.01595 0.82151 5.98492 6.01108 4.6993 4.12168 4.11041 3.78877 3.78877 3.77755 3.75438 1.0703 0.375602 1 1e-05 0.0022075 0.0302678 48.5376 36.7053 7.49823 -44.2036 39.2914 14.1454 48.6359 -0.38619 0 0 0 0.538087 0.575276 -0.00228974 0.0102104 0.00971097 0.831449 0.780833 0.854928 0.0372494 0.0351257 0.038125 0.0464339 0.0437435 0.047583 0 0 0 0 0 0 0.499232 0.577976 0.00050456 0.382504 17.5975 0 2.4105 0 2.88332 0 0.820368 4.12298 3.78877 1.00274 1 1.00002 1.00348 1.00216 0.00575018 0.00736522 0
310 7.04545 70.4545 0.799303 0.999124 0.800527 5.90903 5.9319 4.73956 4.04816 4.03683 3.7185 3.7185 3.7074 3.68501 1.04986 0.375077 1 1e-05 0.00221756 0.030147 47.7153 36.3856 7.39121 -43.7769 38.9503 14.0005 48.164 -0.353397 0 0 0 0.539995 0.577266 -0.00225483 0.00998745 0.00985125 0.824512 0.773918 0.848221 0.0396099 0.0373452 0.0405518 0.0493683 0.0464981 0.0506009 0 0 0 0 0 0 0.499232 0.577976 0.00195728 0.381486 17.4392 0 2.4221 0 2.88133 0 0.799303 4.04938 3.7185 1.00281 1 1.00002 1.00357 1.00219 0.00573023 0.00733759 0
320 7.27273 72.7273 0.778739 0.982306 0.780048 5.76678 5.79063 4.73577 3.97445 3.96307 3.64789 3.64789 3.63697 3.61534 1.02929 0.374534 1 1e-05 0.00222788 0.0300315 46.9131 36.0569 7.28658 -43.3435 38.6012 13.8555 47.6876 -0.34609 0 0 0 0.542037 0.579536 -0.00215313 0.00962737 0.00989656 0.817495 0.766966 0.841474 0.0419508 0.0395454 0.0429596 0.052277 0.0492273 0.0535939 0 0 0 0 0 0 0.499232 0.577976 -0.000322695 0.381825 17.2792 0 2.42313 0 2.87303 0 0.778739 3.97559 3.64789 1.00287 1 1.00002 1.00365 1.00221 0.00569957 0.00729608 0
330 7.5 75 0.758521 0.965496 0.759902 5.67314 5.6934 4.73369 3.89706 3.88566 3.57558 3.57558 3.56478 3.54381 1.00859 0.373738 1 1e-05 0.00223897 0.0299324 46.1436 35.7127 7.1901 -42.9028 38.2337 13.7114 47.1985 -0.336467 0 0 0 0.544472 0.581672 -0.00204872 0.00936103 0.00992809 0.810487 0.759985 0.834582 0.0442715 0.0417262 0.0453483 0.05516 0.051931 0.0565618 0 0 0 0 0 0 0.499232 0.577976 -0.00131933 0.384665 17.1096 0 2.41212 0 2.86241 0 0.758521 3.89813 3.57558 1.00293 1 1.00001 1.00373 1.00224 0.00567595 0.00726687 0
340 7.72727 77.2727 0.738744 0.948762 0.740186 5.55194 5.56918 4.71233 3.81701 3.80562 3.50178 3.50178 3.49113 3.47086 0.98769 0.372685 1 1e-05 0.00225071 0.0298476 45.4053 35.3571 7.08849 -42.4456 37.8542 13.5706 46.6925 -0.347558 0 0 0 0.546043 0.583373 -0.00188658 0.00912733 0.00993503 0.803517 0.752972 0.827598 0.046572 0.0438875 0.0477173 0.0580173 0.0546092 0.0595041 0 0 0 0 0 0 0.499232 0.577976 -8.28698e-05 0.383785 16.9324 0 2.42133 0 2.87204 0 0.738744 3.81803 3.50178 1.00299 1 1.00001 1.00381 1.00227 0.00564374 0.00722934 0
350 7.95455 79.5455 0.719374 0.932051 0.720871 5.43918 5.45475 4.70606 3.73774 3.72636 3.42826 3.42826 3.41777 3.39813 0.966779 0.371724 1 1e-05 0.00226265 0.0297643 44.6774 34.9977 6.99075 -41.9884 37.4694 13.4241 46.1869 -0.330629 0 0 0 0.54657 0.58446 -0.00174023 0.00881636 0.0098323 0.796439 0.745976 0.820553 0.0488522 0.0460294 0.0500664 0.0608489 0.0572616 0.0624206 0 0 0 0 0 0 0.499232 0.577976 -0.00675189 0.38442 16.7552 0 2.41373 0 2.86028 0 0.719374 3.7387 3.42826 1.00305 1 1.00001 1.00388 1.0023 0.00560942 0.00718392 0
360 8.18182 81.8182 0.700534 0.91541 0.702082 5.29102 5.30523 4.68598 3.65935 3.64801 3.35492 3.35492 3.34462 3.32568 0.945771 0.370836 1 1e-05 0.00227477 0.0296845 43.9666 34.6335 6.89026 -41.5238 37.0823 13.276 45.6766 -0.288901 0 0 0 0.546437 0.584648 -0.00165244 0.00847238 0.00983218 0.789289 0.738947 0.813511 0.0511119 0.0481515 0.0523955 0.0636543 0.0598884 0.065311 0 0 0 0 0 0 0.499232 0.577976 -0.000616421 0.380805 16.5781 0 2.38727 0 2.81564 0 0.700534 3.66024 3.35492 1.00311 1 1.00001 1.00395 1.00233 0.00557068 0.00713059 0
370 8.40909 84.0909 0.682089 0.899008 0.683692 5.17854 5.19414 4.61889 3.5799 3.56861 3.28137 3.28137 3.27125 3.25295 0.924885 0.370157 1 1e-05 0.00228738 0.0296137 43.2769 34.2623 6.79276 -41.0551 36.6855 13.127 45.1624 -0.270611 0 0 0 0.546292 0.584285 -0.00165027 0.00817679 0.00982865 0.782141 0.731919 0.806577 0.0533514 0.0502543 0.0547045 0.0664335 0.0624895 0.0681758 0 0 0 0 0 0 0.499232 0.577976 -0.000582975 0.379116 16.3967 0 2.39026 0 2.80907 0 0.682089 3.58075 3.28137 1.00316 1 1.00001 1.00402 1.00236 0.0055299 0.00707832 0
380 8.63636 86.3636 0.664086 0.882841 0.665743 5.05459 5.06974 4.55257 3.49923 3.48801 3.2072 3.2072 3.19726 3.17965 0.903935 0.368718 1 1e-05 0.00230054 0.0295545 42.6129 33.8861 6.69272 -40.5788 36.2846 12.969 44.6368 -0.270594 0 0 0 0.547304 0.585303 -0.00164654 0.00790523 0.00980941 0.775049 0.724886 0.799701 0.0555702 0.0523375 0.0569937 0.0691865 0.0650648 0.0710151 0 0 0 0 0 0 0.499232 0.577976 -8.98596e-05 0.382017 16.2105 0 2.37009 0 2.79553 0 0.664086 3.50003 3.2072 1.00322 1 1.00001 1.00409 1.00239 0.00548737 0.0070242 0
390 8.86364 88.6364 0.646546 0.866806 0.648257 4.92394 4.93907 4.51552 3.41961 3.40848 3.13316 3.13316 3.12343 3.10646 0.882831 0.367211 1 1e-05 0.0023139 0.0294983 41.9629 33.5059 6.58953 -40.0954 35.8799 12.8094 44.106 -0.235677 0 0 0 0.548408 0.586172 -0.00165679 0.00768892 0.00974405 0.767916 0.717937 0.792769 0.0577685 0.0544013 0.059263 0.0719134 0.0676144 0.073829 0 0 0 0 0 0 0.499232 0.577976 -0.000743171 0.378991 16.0246 0 2.34804 0 2.76054 0 0.646546 3.42038 3.13316 1.00327 1 1.00001 1.00415 1.00242 0.00543129 0.00695731 0
400 9.09091 90.9091 0.629497 0.851104 0.631249 4.7894 4.80124 4.42145 3.34072 3.32968 3.05974 3.05974 3.05021 3.03383 0.861886 0.366505 1 1e-05 0.00232753 0.0294477 41.3316 33.1211 6.49068 -39.6118 35.4699 12.6558 43.575 -0.218194 0 0 0 0.549312 0.586511 -0.00169783 0.00743307 0.00961671 0.760854 0.711067 0.785935 0.0599463 0.0564459 0.0615129 0.0746142 0.0701388 0.0766175 0 0 0 0 0 0 0.499232 0.577976 0.000311545 0.378711 15.8383 0 2.32578 0 2.72758 0 0.629497 3.34143 3.05974 1.00331 1 1.00001 1.00421 1.00245 0.0053829 0.00689445 0
410 9.31818 93.1818 0.612836 0.835731 0.614633 4.67925 4.69174 4.32909 3.26203 3.2511 2.98674 2.98674 2.97741 2.96157 0.841115 0.366321 1 1e-05 0.00234152 0.0294031 40.716 32.7315 6.39541 -39.1269 35.0545 12.5019 43.043 -0.241849 0 0 0 0.549238 0.586307 -0.00182593 0.00720285 0.00955421 0.753836 0.704287 0.779213 0.0621041 0.0584716 0.0637432 0.0772892 0.0726381 0.0793811 0 0 0 0 0 0 0.499232 0.577976 -0.000219906 0.378632 15.6503 0 2.31863 0 2.72034 0 0.612836 3.2627 2.98674 1.00336 1 1.00001 1.00427 1.00248 0.00533253 0.00682914 0
420 9.54545 95.4545 0.596628 0.820566 0.598443 4.55888 4.56414 4.2704 3.18309 3.17229 2.91415 2.91415 2.90503 2.88975 0.820597 0.366345 1 1e-05 0.00235598 0.0293682 40.1231 32.3378 6.29939 -38.6372 34.6369 12.345 42.5077 -0.213027 0 0 0 0.549299 0.586678 -0.00188014 0.00705806 0.00949455 0.746886 0.697564 0.772462 0.064242 0.0604785 0.065954 0.0799384 0.0751127 0.0821199 0 0 0 0 0 0 0.499232 0.577976 -0.00179737 0.378988 15.4594 0 2.28441 0 2.67686 0 0.596628 3.1837 2.91415 1.00341 1 1.00001 1.00433 1.00251 0.00527703 0.0067564 0
430 9.77273 97.7273 0.580797 0.805544 0.582644 4.44917 4.45794 4.23041 3.10433 3.09366 2.84216 2.84216 2.83325 2.81857 0.800359 0.365995 1 1e-05 0.00237086 0.0293404 39.5465 31.9386 6.2116 -38.1502 34.2133 12.1909 41.9726 -0.215136 0 0 0 0.548888 0.586451 -0.00188314 0.00696234 0.0093878 0.739958 0.690836 0.765699 0.0663601 0.0624667 0.0681454 0.0825622 0.0775627 0.0848337 0 0 0 0 0 0 0.499232 0.577976 0.000322797 0.378577 15.2666 0 2.28823 0 2.68642 0 0.580797 3.1049 2.84216 1.00345 1 1.00001 1.00438 1.00254 0.00521987 0.00668542 0
440 10 100 0.565476 0.79067 0.567349 4.30713 4.31433 4.18839 3.02619 3.01566 2.77152 2.77152 2.7628 2.74862 0.780659 0.365042 1 1e-05 0.0023861 0.0293213 38.9928 31.5419 6.12199 -37.6639 33.7933 12.039 41.4399 -0.170983 0 0 0 0.548411 0.586203 -0.0018685 0.00693032 0.00933364 0.732988 0.684175 0.758929 0.0684585 0.0644362 0.070317 0.0851604 0.0799882 0.0875226 0 0 0 0 0 0 0.499232 0.577976 -0.0014695 0.377481 15.073 0 2.24409 0 2.63014 0 0.565476 3.02672 2.77152 1.00349 1 1.00001 1.00443 1.00257 0.00516414 0.00661549 0
450 10.2273 102.273 0.550629 0.776153 0.552521 4.1754 4.18083 4.08796 2.94895 2.93858 2.70183 2.70183 2.69333 2.67969 0.761258 0.364118 1 1e-05 0.00240164 0.0293092 38.4586 31.1458 6.03322 -37.1791 33.3741 11.879 40.9099 -0.147449 0 0 0 0.547831 0.585891 -0.00189771 0.00689883 0.00926281 0.726112 0.677555 0.752321 0.0705375 0.066387 0.0724693 0.0877331 0.0823893 0.0901868 0 0 0 0 0 0 0.499232 0.577976 0.00019404 0.37718 14.8791 0 2.21881 0 2.59525 0 0.550629 2.94944 2.70183 1.00353 1 1.00001 1.00449 1.0026 0.00510611 0.0065396 0
460 10.4545 104.545 0.536163 0.761861 0.538081 4.06642 4.07366 4.02472 2.87294 2.86273 2.6328 2.6328 2.62452 2.61138 0.741946 0.362449 1 1e-05 0.00241744 0.0293005 37.9356 30.749 5.94296 -36.692 32.9534 11.7236 40.3768 -0.154237 0 0 0 0.547487 0.585466 -0.00189732 0.00685775 0.00921386 0.719285 0.670959 0.745765 0.0725972 0.0683191 0.0746024 0.0902806 0.0847664 0.0928266 0 0 0 0 0 0 0.499232 0.577976 -0.000139171 0.3763 14.6858 0 2.22146 0 2.5949 0 0.536163 2.87339 2.6328 1.00357 1 1.00001 1.00453 1.00263 0.00504526 0.00646211 0
470 10.6818 106.818 0.52216 0.747807 0.524097 3.93787 3.94338 3.9576 2.79854 2.78849 2.56485 2.56485 2.55678 2.54415 0.722854 0.360631 1 1e-05 0.00243342 0.0292954 37.4272 30.3595 5.84707 -36.2066 32.5416 11.559 39.8416 -0.117111 0 0 0 0.547063 0.58502 -0.00187082 0.00672291 0.00915503 0.712521 0.66443 0.73923 0.0746375 0.0702329 0.0767163 0.0928031 0.0871194 0.0954422 0 0 0 0 0 0 0.499232 0.577976 -0.00313065 0.376085 14.4941 0 2.17694 0 2.54697 0 0.52216 2.79896 2.56485 1.0036 1 1.00001 1.00458 1.00266 0.0049843 0.00638312 0
480 10.9091 109.091 0.508612 0.734108 0.510571 3.80884 3.81514 3.85774 2.72552 2.71563 2.4979 2.4979 2.49005 2.47791 0.703983 0.359002 1 1e-05 0.00244962 0.0292965 36.9371 29.9684 5.75366 -35.7221 32.1277 11.397 39.309 -0.100464 0 0 0 0.546303 0.584366 -0.00186369 0.00658926 0.00906833 0.705895 0.657962 0.732812 0.0766588 0.0721281 0.0788116 0.095301 0.0894486 0.0980339 0 0 0 0 0 0 0.499232 0.577976 -0.00147921 0.375492 14.3035 0 2.15313 0 2.51547 0 0.508612 2.72591 2.4979 1.00364 1 1.00001 1.00462 1.00269 0.00492036 0.0063024 0
490 11.1364 111.364 0.495539 0.720657 0.497506 3.67906 3.68139 3.78764 2.6543 2.64459 2.43267 2.43267 2.42502 2.41331 0.685603 0.357585 1 1e-05 0.00246595 0.0293013 36.4624 29.5813 5.6627 -35.244 31.7181 11.2355 38.7845 -0.0748463 0 0 0 0.546022 0.58421 -0.00189837 0.00648296 0.00900165 0.699331 0.651594 0.726413 0.0786616 0.0740048 0.0808883 0.0977747 0.0917543 0.100602 0 0 0 0 0 0 0.499232 0.577976 0.000865538 0.373827 14.1152 0 2.12486 0 2.48229 0 0.495539 2.65466 2.43267 1.00367 1 1.00001 1.00467 1.00271 0.0048578 0.00622218 0
500 11.3636 113.636 0.482847 0.707503 0.484827 3.5704 3.57401 3.7041 2.58413 2.57459 2.36857 2.36857 2.36112 2.34987 0.667591 0.35735 1 1e-05 0.00248258 0.029313 36.0043 29.1937 5.57182 -34.7655 31.3074 11.0811 38.2628 -0.0702722 0 0 0 0.546487 0.584398 -0.00191679 0.00642223 0.00893234 0.692849 0.6453 0.720107 0.0806458 0.0758633 0.0829463 0.100224 0.0940369 0.103147 0 0 0 0 0 0 0.499232 0.577976 -0.000870251 0.372758 13.9271 0 2.0929 0 2.45081 0 0.482847 2.58445 2.36857 1.0037 1 1.00001 1.00471 1.00274 0.00479608 0.00614669 0
510 11.5909 115.909 0.47058 0.694631 0.472562 3.454 3.45426 3.6249 2.51683 2.50747 2.30589 2.30589 2.29865 2.28779 0.649702 0.356686 1 1e-05 0.00249907 0.0293216 35.552 28.8081 5.4836 -34.2917 30.9002 10.9294 37.7454 -0.0466685 0 0 0 0.547895 0.585185 -0.00195885 0.0063417 0.00883849 0.686452 0.639125 0.713837 0.0826114 0.077704 0.084986 0.102651 0.0962967 0.105668 0 0 0 0 0 0 0.499232 0.577976 -0.00101996 0.373654 13.7444 0 2.06915 0 2.42254 0 0.47058 2.51713 2.30589 1.00373 1 1.00001 1.00475 1.00277 0.00472681 0.00605898 0
520 11.8182 118.182 0.45872 0.681962 0.460704 3.33915 3.33992 3.56743 2.45009 2.4409 2.24466 2.24466 2.23761 2.22714 0.632434 0.356154 1 1e-05 0.00251597 0.0293401 35.1206 28.4263 5.39781 -33.8241 30.4959 10.7774 37.2347 -0.0268143 0 0 0 0.549763 0.586567 -0.0019966 0.00625798 0.00874969 0.68005 0.633023 0.707629 0.0845589 0.0795274 0.0870077 0.105053 0.0985341 0.108166 0 0 0 0 0 0 0.499232 0.577976 -0.00107228 0.372419 13.5607 0 2.04954 0 2.39716 0 0.45872 2.45037 2.24466 1.00376 1 1.00001 1.00478 1.0028 0.00467083 0.00598258 0
530 12.0455 120.455 0.447229 0.669537 0.44921 3.23657 3.23585 3.4991 2.38608 2.37706 2.18549 2.18549 2.17866 2.16855 0.615638 0.355591 1 1e-05 0.00253273 0.0293552 34.6933 28.0538 5.31079 -33.3646 30.1039 10.6269 36.7321 -0.0131413 0 0 0 0.551653 0.588078 -0.00199487 0.00617466 0.00864276 0.673686 0.627034 0.701461 0.0864882 0.0813338 0.0890113 0.107432 0.100749 0.110642 0 0 0 0 0 0 0.499232 0.577976 0.00102511 0.372644 13.3822 0 2.01442 0 2.34998 0 0.447229 2.38632 2.18549 1.00379 1 1.00001 1.00482 1.00283 0.00460039 0.00589457 0
540 12.2727 122.727 0.4361 0.657476 0.438079 3.13462 3.134 3.39627 2.32378 2.31494 2.12803 2.12803 2.12141 2.11169 0.599366 0.354949 1 1e-05 0.00254959 0.0293727 34.2771 27.6875 5.22564 -32.9132 29.7155 10.4822 36.2383 -0.0101925 0 0 0 0.553135 0.589245 -0.00205391 0.00613826 0.00851923 0.667449 0.621145 0.695444 0.0883997 0.0831232 0.0909969 0.109788 0.102943 0.113095 0 0 0 0 0 0 0.499232 0.577976 -0.000538012 0.370257 13.2062 0 1.99228 0 2.3279 0 0.4361 2.324 2.12803 1.00382 1 1.00001 1.00485 1.00286 0.00453173 0.00580615 0
550 12.5 125 0.425353 0.64567 0.427336 3.02527 3.02632 3.32454 2.26144 2.25278 2.07182 2.07182 2.06538 2.05602 0.583723 0.353703 1 1e-05 0.00256703 0.0294048 33.8869 27.3225 5.14343 -32.4659 29.3308 10.3381 35.7487 0.0140482 0 0 0 0.553922 0.589975 -0.00214262 0.00609105 0.00840576 0.661245 0.615403 0.689474 0.0902934 0.0848959 0.092965 0.112122 0.105115 0.115526 0 0 0 0 0 0 0.499232 0.577976 0.000264607 0.369717 13.0277 0 1.9561 0 2.28534 0 0.425353 2.26165 2.07182 1.00384 1 1.00001 1.00488 1.00289 0.00447123 0.00572931 0
560 12.7273 127.273 0.414945 0.634172 0.416923 2.9321 2.93092 3.2379 2.2006 2.19212 2.01699 2.01699 2.01074 2.00173 0.568472 0.352541 1 1e-05 0.00258463 0.0294406 33.5083 26.9617 5.0627 -32.0244 28.9501 10.1961 35.2649 0.00987066 0 0 0 0.553818 0.589886 -0.00223625 0.00608846 0.00830152 0.655186 0.609719 0.683607 0.0921699 0.0866521 0.0949159 0.114432 0.107267 0.117935 0 0 0 0 0 0 0.499232 0.577976 -0.00201394 0.371075 12.8511 0 1.94015 0 2.26476 0 0.414945 2.20079 2.01699 1.00387 1 1.00001 1.00491 1.00292 0.00440649 0.00564538 0
570 12.9545 129.545 0.40483 0.622895 0.406806 2.84909 2.84814 3.17552 2.14043 2.13214 1.96343 1.96343 1.95736 1.94868 0.553723 0.351806 1 1e-05 0.00260265 0.0294845 33.1449 26.604 4.98311 -31.5871 28.5705 10.0575 34.7877 0.0231076 0 0 0 0.553667 0.589898 -0.00233192 0.00605568 0.00819102 0.649171 0.604102 0.677811 0.0940291 0.088392 0.0968498 0.116721 0.109397 0.120323 0 0 0 0 0 0 0.499232 0.577976 -0.000161685 0.371956 12.674 0 1.92049 0 2.23732 0 0.40483 2.14061 1.96343 1.00389 1 1 1.00494 1.00294 0.00434464 0.00556792 0
580 13.1818 131.818 0.395094 0.611932 0.397068 2.74221 2.74168 3.08714 2.08248 2.07437 1.91153 1.91153 1.90563 1.89728 0.53936 0.350778 1 1e-05 0.00262062 0.0295296 32.792 26.2517 4.90354 -31.1553 28.1981 9.92215 34.3183 0.0420142 0 0 0 0.553786 0.589858 -0.00240018 0.00598313 0.00808822 0.643264 0.598573 0.67215 0.0958711 0.0901156 0.0987665 0.118988 0.111508 0.122689 0 0 0 0 0 0 0.499232 0.577976 -0.0012435 0.369316 12.5011 0 1.87655 0 2.19179 0 0.395094 2.08264 1.91153 1.00391 1 1 1.00497 1.00297 0.00428119 0.0054892 0
590 13.4091 134.091 0.385683 0.601212 0.387648 2.65256 2.65025 3.01901 2.02598 2.01805 1.86128 1.86128 1.85556 1.84755 0.525536 0.349751 1 1e-05 0.00263874 0.0295789 32.4512 25.9051 4.82846 -30.7336 27.8317 9.78587 33.8595 0.0468981 0 0 0 0.55407 0.589816 -0.0024894 0.00588001 0.00804842 0.637394 0.593172 0.666558 0.0976963 0.0918231 0.100667 0.121233 0.113598 0.125035 0 0 0 0 0 0 0.499232 0.577976 -0.0026 0.370616 12.3303 0 1.8592 0 2.17079 0 0.385683 2.02614 1.86128 1.00393 1 1 1.005 1.003 0.00421467 0.00540526 0
600 13.6364 136.364 0.376555 0.590699 0.378516 2.57165 2.57045 2.96036 1.97101 1.96325 1.81244 1.81244 1.80689 1.79917 0.512106 0.348526 1 1e-05 0.00265699 0.0296303 32.1185 25.5623 4.7558 -30.3181 27.4721 9.65145 33.407 0.0670539 0 0 0 0.553957 0.589398 -0.00254447 0.00582922 0.00803685 0.631644 0.587843 0.660957 0.0995047 0.0935149 0.102551 0.123457 0.115669 0.12736 0 0 0 0 0 0 0.499232 0.577976 -0.00143154 0.369404 12.1617 0 1.84011 0 2.14458 0 0.376555 1.97115 1.81244 1.00395 1 1 1.00502 1.00303 0.00415323 0.00532775 0
610 13.8636 138.636 0.36774 0.58045 0.369694 2.48423 2.48217 2.88594 1.91868 1.91109 1.76542 1.76542 1.76003 1.75258 0.499061 0.348222 1 1e-05 0.00267496 0.029677 31.7884 25.2261 4.68736 -29.9134 27.1187 9.5194 32.9678 0.0681716 0 0 0 0.553186 0.588696 -0.00258424 0.00576828 0.00799612 0.625953 0.582631 0.655458 0.101297 0.0951916 0.104419 0.12566 0.11772 0.129664 0 0 0 0 0 0 0.499232 0.577976 -0.00365934 0.368978 11.9991 0 1.81207 0 2.11452 0 0.36774 1.9188 1.76542 1.00397 1 1 1.00505 1.00305 0.00409374 0.00525295 0
620 14.0909 140.909 0.359223 0.570422 0.361171 2.4002 2.39859 2.82406 1.86718 1.85976 1.71964 1.71964 1.7144 1.70721 0.486464 0.347614 1 1e-05 0.00269325 0.0297312 31.4732 24.8952 4.61787 -29.513 26.7706 9.38876 32.5343 0.0928208 0 0 0 0.552661 0.588409 -0.00263493 0.005736 0.00793153 0.620338 0.577438 0.650069 0.103073 0.0968531 0.106271 0.127842 0.119753 0.131949 0 0 0 0 0 0 0.499232 0.577976 -0.00073084 0.369676 11.8368 0 1.78796 0 2.08561 0 0.359223 1.86729 1.71964 1.00399 1 1 1.00507 1.00308 0.0040354 0.00517927 0
630 14.3182 143.182 0.35099 0.560571 0.35293 2.32048 2.31839 2.7741 1.8176 1.81035 1.67532 1.67532 1.67024 1.66332 0.474221 0.347693 1 1e-05 0.00271147 0.0297849 31.1646 24.5703 4.55119 -29.1215 26.4281 9.26365 32.1089 0.0786895 0 0 0 0.552692 0.588702 -0.00269326 0.00569658 0.00785157 0.614743 0.572279 0.64477 0.104833 0.0984994 0.108107 0.130004 0.121767 0.134213 0 0 0 0 0 0 0.499232 0.577976 0.000906209 0.369603 11.6785 0 1.76621 0 2.06156 0 0.35099 1.8177 1.67532 1.00401 1 1 1.00509 1.00311 0.00397585 0.00510335 0
640 14.5455 145.455 0.343012 0.550987 0.344942 2.24952 2.24651 2.6989 1.7702 1.76311 1.63221 1.63221 1.62728 1.6206 0.462144 0.347006 1 1e-05 0.00272948 0.0298344 30.8576 24.2515 4.4847 -28.7362 26.0932 9.1389 31.6882 0.101724 0 0 0 0.552687 0.588758 -0.00276801 0.005652 0.00782465 0.609241 0.567228 0.639571 0.106577 0.100131 0.109928 0.132145 0.123762 0.136458 0 0 0 0 0 0 0.499232 0.577976 -0.00227774 0.367326 11.5252 0 1.74615 0 2.03457 0 0.343012 1.77029 1.63221 1.00402 1 1 1.00511 1.00313 0.00391837 0.00503013 0
650 14.7727 147.727 0.335307 0.541577 0.337221 2.17417 2.16967 2.64974 1.72412 1.71718 1.59021 1.59021 1.58541 1.57895 0.450357 0.346029 1 1e-05 0.00274757 0.029887 30.5608 23.938 4.41699 -28.355 25.7625 9.01828 31.2723 0.108328 0 0 0 0.552985 0.588985 -0.00280909 0.0055813 0.00779106 0.603824 0.562244 0.634375 0.108305 0.101749 0.111734 0.134267 0.125739 0.138684 0 0 0 0 0 0 0.499232 0.577976 -0.00126159 0.369169 11.3741 0 1.72573 0 2.01711 0 0.335307 1.72419 1.59021 1.00404 1 1 1.00513 1.00316 0.00386331 0.0049638 0
660 15 150 0.327859 0.532363 0.329764 2.09994 2.09742 2.59475 1.67988 1.6731 1.54973 1.54973 1.54506 1.53882 0.438963 0.345674 1 1e-05 0.00276551 0.029938 30.2689 23.6322 4.3496 -27.9818 25.4403 8.89895 30.866 0.125512 0 0 0 0.553126 0.589107 -0.00283237 0.00553303 0.00777114 0.598486 0.557305 0.629246 0.110017 0.103352 0.113525 0.136368 0.127698 0.140891 0 0 0 0 0 0 0.499232 0.577976 -0.00152659 0.367957 11.2271 0 1.69508 0 1.97509 0 0.327859 1.67994 1.54973 1.00405 1 1 1.00515 1.00318 0.0038104 0.00489712 0
670 15.2273 152.273 0.320654 0.523415 0.322547 2.0323 2.02903 2.51958 1.6378 1.63117 1.51047 1.51047 1.50594 1.49991 0.427749 0.344818 1 1e-05 0.00278313 0.0299835 29.9777 23.3321 4.28365 -27.6157 25.1238 8.78247 30.4668 0.123691 0 0 0 0.553206 0.589316 -0.00289161 0.00548552 0.00776215 0.593272 0.552488 0.624192 0.111715 0.104941 0.115301 0.138451 0.129639 0.143079 0 0 0 0 0 0 0.499232 0.577976 -0.00198616 0.367444 11.0855 0 1.66552 0 1.94026 0 0.320654 1.63785 1.51047 1.00407 1 1 1.00517 1.00321 0.00375336 0.00482421 0
680 15.4545 154.545 0.313683 0.514637 0.315565 1.96609 1.96298 2.47184 1.59652 1.59003 1.47234 1.47234 1.46793 1.46212 0.416935 0.343534 1 1e-05 0.00280098 0.0300355 29.6995 23.0372 4.21667 -27.2538 24.8124 8.67095 30.073 0.128561 0 0 0 0.553096 0.58949 -0.00293711 0.00546696 0.00775404 0.588124 0.54771 0.619193 0.113397 0.106517 0.117063 0.140514 0.131562 0.145248 0 0 0 0 0 0 0.499232 0.577976 -0.00222427 0.366288 10.9448 0 1.65654 0 1.9316 0 0.313683 1.59656 1.47234 1.00408 1 1 1.00518 1.00324 0.00369985 0.00475723 0
690 15.6818 156.818 0.306922 0.505973 0.308789 1.90828 1.90392 2.43996 1.55687 1.55052 1.43568 1.43568 1.43141 1.42579 0.406536 0.34334 1 1e-05 0.00281867 0.0300853 29.4246 22.7484 4.15458 -26.903 24.5076 8.55816 29.6923 0.131449 0 0 0 0.552771 0.589345 -0.00298648 0.00544041 0.00774499 0.582956 0.542907 0.614297 0.115065 0.108078 0.11881 0.142559 0.133468 0.1474 0 0 0 0 0 0 0.499232 0.577976 -0.00288592 0.365174 10.808 0 1.64818 0 1.92062 0 0.306922 1.5569 1.43568 1.00409 1 1 1.0052 1.00326 0.00364361 0.00468663 0
700 15.9091 159.091 0.300368 0.497518 0.30222 1.84989 1.8456 2.38091 1.51821 1.512 1.40003 1.40003 1.39588 1.39044 0.396439 0.342931 1 1e-05 0.00283647 0.0301383 29.1585 22.4621 4.09754 -26.5596 24.2056 8.44808 29.3187 0.141298 0 0 0 0.551896 0.588602 -0.00303758 0.00540556 0.00772085 0.577878 0.538173 0.609477 0.116719 0.109626 0.120542 0.144585 0.135357 0.149533 0 0 0 0 0 0 0.499232 0.577976 -0.00196269 0.365748 10.6729 0 1.61423 0 1.87818 0 0.300368 1.51824 1.40003 1.0041 1 1 1.00522 1.00328 0.00359258 0.00462267 0
710 16.1364 161.364 0.294016 0.489264 0.295852 1.79321 1.78872 2.32435 1.48047 1.4744 1.36548 1.36548 1.36144 1.35618 0.38671 0.342858 1 1e-05 0.0028544 0.0301942 28.9003 22.182 4.04079 -26.2228 23.9083 8.34044 28.9525 0.135132 0 0 0 0.551177 0.588102 -0.00305141 0.00536171 0.00772486 0.572886 0.533497 0.60474 0.118358 0.11116 0.12226 0.146592 0.137229 0.151649 0 0 0 0 0 0 0.499232 0.577976 -0.000667203 0.36532 10.5394 0 1.58949 0 1.85649 0 0.294016 1.48048 1.36548 1.00412 1 1 1.00523 1.00331 0.00354401 0.00455986 0
720 16.3636 163.636 0.287844 0.481156 0.289665 1.74218 1.73796 2.28313 1.44413 1.43819 1.33207 1.33207 1.32815 1.32307 0.377273 0.343318 1 1e-05 0.00287222 0.030248 28.6445 21.9027 3.98914 -25.8919 23.6143 8.2399 28.5952 0.149432 0 0 0 0.550906 0.588066 -0.00308433 0.00533289 0.00775245 0.567964 0.528919 0.599978 0.119984 0.11268 0.123963 0.148582 0.139084 0.153747 0 0 0 0 0 0 0.499232 0.577976 -0.00285867 0.364237 10.4092 0 1.58071 0 1.84006 0 0.287844 1.44414 1.33207 1.00413 1 1 1.00524 1.00333 0.00349359 0.00449681 0
730 16.5909 165.909 0.281899 0.473243 0.283704 1.6785 1.67427 2.22824 1.40873 1.40293 1.29979 1.29979 1.29597 1.29105 0.368208 0.344047 1 1e-05 0.00289012 0.0303061 28.3998 21.6309 3.9385 -25.5694 23.3265 8.13989 28.2461 0.159879 0 0 0 0.550271 0.587392 -0.00308165 0.00532498 0.00776672 0.563152 0.524389 0.595284 0.121596 0.114187 0.125653 0.150553 0.140922 0.155827 0 0 0 0 0 0 0.499232 0.577976 0.000456734 0.364069 10.2807 0 1.55703 0 1.81088 0 0.281899 1.40874 1.29979 1.00414 1 1 1.00526 1.00335 0.0034418 0.00443292 0
740 16.8182 168.182 0.276109 0.465491 0.277898 1.63501 1.63038 2.18312 1.37448 1.3688 1.26849 1.26849 1.26478 1.26001 0.359405 0.344681 1 1e-05 0.00290797 0.0303635 28.1583 21.3652 3.88585 -25.251 23.0464 8.0406 27.9019 0.146608 0 0 0 0.549697 0.586725 -0.00307021 0.00530577 0.00772405 0.558368 0.519931 0.590659 0.123194 0.11568 0.127329 0.152507 0.142744 0.15789 0 0 0 0 0 0 0.499232 0.577976 -0.00199203 0.363793 10.1549 0 1.54032 0 1.79243 0 0.276109 1.37448 1.26849 1.00415 1 1 1.00527 1.00338 0.00339204 0.00437143 0
750 17.0455 170.455 0.270471 0.457905 0.272244 1.59231 1.58763 2.13614 1.34102 1.33547 1.23823 1.23823 1.23461 1.23 0.350967 0.343998 1 1e-05 0.00292597 0.0304233 27.9226 21.105 3.83431 -24.9393 22.7739 7.94405 27.5636 0.152912 0 0 0 0.549398 0.586327 -0.00303771 0.0052864 0.00768273 0.553666 0.515518 0.586093 0.124779 0.117161 0.128992 0.154444 0.14455 0.159937 0 0 0 0 0 0 0.499232 0.577976 0.000519489 0.362998 10.0305 0 1.51119 0 1.75885 0 0.270471 1.34102 1.23823 1.00416 1 1 1.00528 1.0034 0.00334818 0.00431492 0
760 17.2727 172.727 0.265013 0.450529 0.266772 1.54095 1.53687 2.07723 1.30839 1.30296 1.20872 1.20872 1.20521 1.20075 0.342738 0.344026 1 1e-05 0.00294406 0.0304855 27.694 20.8478 3.78523 -24.633 22.5029 7.84958 27.2313 0.154558 0 0 0 0.5492 0.586142 -0.00298306 0.00525519 0.00762476 0.549045 0.511186 0.581632 0.12635 0.118629 0.130641 0.156364 0.14634 0.161967 0 0 0 0 0 0 0.499232 0.577976 0.000225526 0.362287 9.90771 0 1.49029 0 1.73594 0 0.265013 1.30839 1.20872 1.00417 1 1 1.00529 1.00342 0.00329848 0.00425425 0
770 17.5 175 0.259739 0.443313 0.26148 1.49009 1.48529 2.03202 1.27703 1.27172 1.18023 1.18023 1.17681 1.1725 0.334768 0.343353 1 1e-05 0.00296199 0.0305477 27.4714 20.599 3.73195 -24.331 22.2425 7.75408 26.9036 0.163155 0 0 0 0.548757 0.585622 -0.00291959 0.00519591 0.00757012 0.544482 0.506904 0.577246 0.127907 0.120085 0.132278 0.158267 0.148115 0.16398 0 0 0 0 0 0 0.499232 0.577976 -0.000448487 0.363145 9.78819 0 1.46655 0 1.70832 0 0.259739 1.27702 1.18023 1.00417 1 1 1.00531 1.00344 0.00325364 0.00419789 0
780 17.7273 177.273 0.254618 0.436253 0.256342 1.44684 1.44198 1.98792 1.24657 1.24138 1.1527 1.1527 1.14937 1.14517 0.327088 0.342387 1 1e-05 0.00297994 0.0306104 27.2535 20.3562 3.67995 -24.0361 21.9887 7.65727 26.5836 0.161065 0 0 0 0.548451 0.585348 -0.00288447 0.00514053 0.00752842 0.540027 0.502659 0.572897 0.129451 0.121528 0.133901 0.160153 0.149874 0.165977 0 0 0 0 0 0 0.499232 0.577976 -0.000954172 0.363441 9.67073 0 1.45432 0 1.69143 0 0.254618 1.24656 1.1527 1.00418 1 1 1.00532 1.00347 0.00320946 0.00414394 0
790 17.9545 179.545 0.249645 0.429346 0.25135 1.40591 1.40041 1.94502 1.21758 1.2125 1.126 1.126 1.12276 1.1187 0.319537 0.341303 1 1e-05 0.00299754 0.0306668 27.0342 20.1183 3.62835 -23.7466 21.7406 7.56201 26.2689 0.169716 0 0 0 0.547901 0.58494 -0.00290821 0.00508329 0.00747705 0.53565 0.498469 0.568595 0.130982 0.122958 0.135512 0.162023 0.151618 0.167958 0 0 0 0 0 0 0.499232 0.577976 0.000184077 0.363496 9.5576 0 1.43652 0 1.67153 0 0.249645 1.21757 1.126 1.00419 1 1 1.00533 1.00349 0.00316576 0.00408645 0
800 18.1818 181.818 0.244821 0.422581 0.24651 1.36293 1.35848 1.90517 1.18982 1.18484 1.10038 1.10038 1.09723 1.09329 0.312279 0.340944 1 1e-05 0.00301489 0.0307194 26.816 19.8871 3.57833 -23.4654 21.4995 7.47099 25.9633 0.168558 0 0 0 0.547519 0.584594 -0.00291295 0.00498501 0.00743368 0.53128 0.494342 0.564384 0.1325 0.124376 0.137111 0.163878 0.153346 0.169924 0 0 0 0 0 0 0.499232 0.577976 -0.00148358 0.362582 9.44794 0 1.41803 0 1.65345 0 0.244821 1.1898 1.10038 1.0042 1 1 1.00534 1.00351 0.00312316 0.0040324 0
810 18.4091 184.091 0.240138 0.415962 0.241812 1.32277 1.31863 1.86375 1.16283 1.15796 1.07533 1.07533 1.07226 1.06845 0.305152 0.341356 1 1e-05 0.00303225 0.0307728 26.6026 19.6567 3.53066 -23.1873 21.257 7.38477 25.6631 0.173086 0 0 0 0.547119 0.584351 -0.00288519 0.00490801 0.00744816 0.526995 0.490286 0.560197 0.134005 0.125783 0.138697 0.165716 0.15506 0.171873 0 0 0 0 0 0 0.499232 0.577976 -0.00250365 0.363711 9.34015 0 1.39998 0 1.6338 0 0.240138 1.16281 1.07533 1.0042 1 1 1.00534 1.00353 0.00307859 0.00397806 0
820 18.6364 186.364 0.235585 0.409446 0.237243 1.28658 1.28226 1.83488 1.1367 1.13193 1.05088 1.05088 1.04789 1.04419 0.298151 0.342132 1 1e-05 0.00304955 0.0308267 26.394 19.4301 3.48403 -22.9141 21.0182 7.30091 25.3659 0.17641 0 0 0 0.546834 0.584249 -0.00290267 0.00487222 0.0074193 0.52274 0.486271 0.556037 0.135498 0.127178 0.140271 0.167539 0.15676 0.173808 0 0 0 0 0 0 0.499232 0.577976 -0.00169598 0.364774 9.23457 0 1.38432 0 1.61442 0 0.235585 1.13667 1.05088 1.00421 1 1 1.00535 1.00355 0.00303861 0.00392628 0
830 18.8636 188.636 0.231164 0.403055 0.232806 1.24946 1.24507 1.79973 1.11143 1.10677 1.0272 1.0272 1.0243 1.02073 0.291368 0.342687 1 1e-05 0.00306674 0.030879 26.1878 19.209 3.43807 -22.6471 20.7836 7.21577 25.0762 0.17454 0 0 0 0.547245 0.584638 -0.00290537 0.00486281 0.00741556 0.5185 0.482333 0.551927 0.136978 0.128561 0.141832 0.169347 0.158445 0.175727 0 0 0 0 0 0 0.499232 0.577976 -0.00321838 0.363436 9.13135 0 1.36691 0 1.59305 0 0.231164 1.11141 1.0272 1.00422 1 1 1.00536 1.00357 0.00299725 0.00387341 0
840 19.0909 190.909 0.226861 0.396801 0.228486 1.21668 1.21151 1.76118 1.08682 1.08225 1.00424 1.00424 1.00141 0.997948 0.284806 0.343012 1 1e-05 0.00308398 0.0309329 25.9866 18.9914 3.39238 -22.3837 20.555 7.13253 24.7906 0.176288 0 0 0 0.548242 0.585655 -0.002914 0.00484412 0.0074119 0.514356 0.47844 0.547846 0.138446 0.129934 0.143381 0.171139 0.160116 0.177631 0 0 0 0 0 0 0.499232 0.577976 -0.00107491 0.363489 9.02963 0 1.35914 0 1.58554 0 0.226861 1.08679 1.00424 1.00422 1 1 1.00537 1.00359 0.00295556 0.00382139 0
850 19.3182 193.182 0.222665 0.390646 0.224274 1.18595 1.18157 1.73327 1.06298 1.05851 0.982073 0.982073 0.979321 0.975961 0.278491 0.343233 1 1e-05 0.00310113 0.0309859 25.788 18.7782 3.34906 -22.1273 20.3312 7.05092 24.5125 0.164761 0 0 0 0.549033 0.586296 -0.00296484 0.00483267 0.00741193 0.510243 0.474572 0.543806 0.139901 0.131295 0.144918 0.172916 0.161772 0.17952 0 0 0 0 0 0 0.499232 0.577976 -0.00072528 0.364303 8.93004 0 1.33837 0 1.56636 0 0.222665 1.06296 0.982073 1.00423 1 1 1.00538 1.00361 0.00291719 0.00377108 0
860 19.5455 195.455 0.218572 0.384636 0.220165 1.15708 1.15271 1.69246 1.03997 1.03558 0.960713 0.960713 0.958031 0.954761 0.272413 0.34398 1 1e-05 0.00311816 0.0310353 25.589 18.5705 3.30513 -21.8756 20.1131 6.97087 24.2418 0.169562 0 0 0 0.550085 0.587069 -0.00301347 0.00482557 0.00744548 0.506196 0.470744 0.53985 0.141345 0.132645 0.146444 0.174679 0.163415 0.181394 0 0 0 0 0 0 0.499232 0.577976 -0.00107655 0.363642 8.83282 0 1.33103 0 1.55553 0 0.218572 1.03994 0.960713 1.00424 1 1 1.00538 1.00363 0.00288089 0.00372375 0
870 19.7727 197.727 0.21459 0.378716 0.216167 1.12606 1.12131 1.66705 1.01746 1.01317 0.939961 0.939961 0.937348 0.934175 0.266537 0.343527 1 1e-05 0.00313528 0.0310876 25.3962 18.3657 3.26199 -21.6277 19.8997 6.89307 23.9749 0.169398 0 0 0 0.551269 0.588237 -0.00306283 0.0048154 0.00746615 0.502183 0.466945 0.535917 0.142777 0.133984 0.147957 0.176426 0.165044 0.183254 0 0 0 0 0 0 0.499232 0.577976 -0.00103623 0.362288 8.73671 0 1.31554 0 1.53936 0 0.21459 1.01743 0.939961 1.00424 1 1 1.00539 1.00365 0.00284169 0.00367568 0
880 20 200 0.210721 0.372936 0.212282 1.09376 1.08954 1.62756 0.99587 0.99166 0.92005 0.92005 0.917502 0.914412 0.2609 0.343382 1 1e-05 0.00315215 0.0311368 25.2048 18.1668 3.22 -21.3868 19.6925 6.81818 23.7162 0.170378 0 0 0 0.551936 0.58892 -0.00308893 0.00483087 0.00749752 0.498219 0.463243 0.53203 0.144197 0.135312 0.149458 0.17816 0.16666 0.185099 0 0 0 0 0 0 0.499232 0.577976 0.000590553 0.362267 8.64348 0 1.29188 0 1.5062 0 0.210721 0.995835 0.92005 1.00425 1 1 1.0054 1.00367 0.00280363 0.00362993 0
890 20.2273 202.273 0.206951 0.367263 0.208494 1.06669 1.0617 1.59751 0.974818 0.970692 0.900804 0.900804 0.898317 0.895303 0.255483 0.343178 1 1e-05 0.00316904 0.0311857 25.0158 17.9727 3.17765 -21.1504 19.4902 6.74603 23.463 0.165161 0 0 0 0.55238 0.589333 -0.00310799 0.00484335 0.0075139 0.494278 0.459551 0.528231 0.145605 0.136629 0.150947 0.179879 0.168262 0.18693 0 0 0 0 0 0 0.499232 0.577976 -0.00168562 0.363153 8.55161 0 1.28172 0 1.49851 0 0.206951 0.974778 0.900804 1.00425 1 1 1.0054 1.00368 0.00277006 0.00358758 0
900 20.4545 204.545 0.203258 0.361681 0.204784 1.0448 1.03974 1.57186 0.954325 0.950282 0.881913 0.881913 0.879484 0.876548 0.250135 0.34412 1 1e-05 0.00318593 0.0312333 24.8277 17.7806 3.13547 -20.9161 19.2898 6.66866 23.2132 0.168356 0 0 0 0.552444 0.589261 -0.00310779 0.0048888 0.00749101 0.490382 0.455911 0.524436 0.147002 0.137936 0.152425 0.181583 0.169851 0.188747 0 0 0 0 0 0 0.499232 0.577976 0.00176703 0.36276 8.46123 0 1.26905 0 1.48564 0 0.203258 0.954285 0.881913 1.00425 1 1 1.00541 1.0037 0.00273575 0.00354513 0
910 20.6818 206.818 0.199683 0.356189 0.201188 1.01272 1.00683 1.54656 0.934776 0.930812 0.863765 0.863765 0.861392 0.858538 0.24497 0.343541 1 1e-05 0.00320247 0.0312766 24.6406 17.5947 3.09323 -20.6879 19.0972 6.59742 22.9681 0.170791 0 0 0 0.552182 0.588969 -0.00308092 0.0049005 0.00747443 0.486479 0.452345 0.520673 0.148388 0.139232 0.153892 0.183274 0.171427 0.19055 0 0 0 0 0 0 0.499232 0.577976 0.00083402 0.360419 8.3741 0 1.25112 0 1.46072 0 0.199683 0.934735 0.863765 1.00426 1 1 1.00541 1.00372 0.00270395 0.00350462 0
920 20.9091 209.091 0.196189 0.350846 0.197675 0.989158 0.983788 1.50467 0.915854 0.911966 0.846071 0.846071 0.843752 0.84097 0.239908 0.343798 1 1e-05 0.00321889 0.0313174 24.454 17.4114 3.05208 -20.4634 18.9071 6.52575 22.7272 0.168371 0 0 0 0.551704 0.588592 -0.00306522 0.00489373 0.00745637 0.482655 0.448823 0.517004 0.149762 0.140518 0.155348 0.18495 0.17299 0.192339 0 0 0 0 0 0 0.499232 0.577976 0.00130676 0.36054 8.28889 0 1.23062 0 1.44315 0 0.196189 0.915809 0.846071 1.00426 1 1 1.00542 1.00374 0.00267136 0.00346526 0
930 21.1364 211.364 0.192791 0.34559 0.194259 0.962054 0.957112 1.48015 0.897092 0.89328 0.828634 0.828634 0.826366 0.823656 0.234941 0.344102 1 1e-05 0.0032356 0.0313653 24.2766 17.2302 3.01141 -20.2416 18.7176 6.45284 22.488 0.169229 0 0 0 0.551294 0.588284 -0.00308241 0.00487539 0.0074424 0.478875 0.445339 0.513352 0.151126 0.141793 0.156793 0.186613 0.174541 0.194115 0 0 0 0 0 0 0.499232 0.577976 7.59963e-05 0.359882 8.20353 0 1.22327 0 1.43772 0 0.192791 0.897046 0.828634 1.00427 1 1 1.00542 1.00376 0.00264127 0.00342784 0
940 21.3636 213.636 0.189476 0.340405 0.190927 0.938398 0.933549 1.45999 0.878679 0.874942 0.81157 0.81157 0.809358 0.806725 0.23009 0.34281 1 1e-05 0.00325243 0.0314165 24.1046 17.0509 2.97255 -20.0234 18.5321 6.37818 22.2506 0.171823 0 0 0 0.550877 0.587597 -0.00309843 0.00486244 0.00741208 0.475131 0.441883 0.509707 0.152478 0.143059 0.158227 0.188262 0.176079 0.195877 0 0 0 0 0 0 0.499232 0.577976 0.000355311 0.359618 8.11889 0 1.20834 0 1.41522 0 0.189476 0.878635 0.81157 1.00427 1 1 1.00543 1.00377 0.00260796 0.00338539 0
950 21.5909 215.909 0.186252 0.335343 0.187687 0.912256 0.907758 1.42557 0.860782 0.857119 0.794996 0.794996 0.792838 0.790274 0.225381 0.341612 1 1e-05 0.00326921 0.0314681 23.9364 16.8755 2.93278 -19.8083 18.3494 6.30857 22.0172 0.170058 0 0 0 0.550601 0.58705 -0.00311552 0.00483553 0.00738802 0.471443 0.438497 0.50611 0.15382 0.144314 0.159651 0.189898 0.177604 0.197626 0 0 0 0 0 0 0.499232 0.577976 -7.70283e-05 0.361939 8.03577 0 1.19414 0 1.39815 0 0.186252 0.860736 0.794996 1.00427 1 1 1.00543 1.00379 0.00257547 0.00334457 0
960 21.8182 218.182 0.183103 0.330382 0.184522 0.891371 0.886796 1.39708 0.843344 0.839752 0.778828 0.778828 0.776723 0.774232 0.220785 0.340075 1 1e-05 0.00328599 0.0315201 23.771 16.7022 2.89542 -19.5976 18.1684 6.24013 21.7877 0.165789 0 0 0 0.550452 0.586626 -0.00313805 0.00483004 0.0073437 0.467799 0.435174 0.502544 0.155152 0.14556 0.161065 0.19152 0.179118 0.199361 0 0 0 0 0 0 0.499232 0.577976 3.00018e-05 0.362369 7.95395 0 1.18473 0 1.3912 0 0.183103 0.843299 0.778828 1.00428 1 1 1.00544 1.00381 0.00254207 0.00330295 0
970 22.0455 220.455 0.180038 0.325469 0.181442 0.867225 0.863083 1.38349 0.826189 0.822667 0.763051 0.763051 0.760996 0.758574 0.216327 0.338646 1 1e-05 0.00330293 0.0315755 23.6109 16.5328 2.85705 -19.3899 17.9905 6.17166 21.5614 0.173066 0 0 0 0.550383 0.586309 -0.003148 0.00481521 0.00729088 0.464207 0.431832 0.498969 0.156474 0.146796 0.162467 0.193129 0.180619 0.201084 0 0 0 0 0 0 0.499232 0.577976 -0.00110298 0.361977 7.87262 0 1.17316 0 1.37513 0 0.180038 0.826145 0.763051 1.00428 1 1 1.00544 1.00382 0.00251109 0.00326394 0
980 22.2727 222.727 0.177055 0.3207 0.178444 0.844213 0.840072 1.34283 0.809478 0.806025 0.747689 0.747689 0.745683 0.743326 0.211987 0.33735 1 1e-05 0.00331985 0.0316321 23.4548 16.3648 2.82114 -19.1859 17.8146 6.10683 21.3388 0.169803 0 0 0 0.5503 0.586006 -0.00315868 0.00479112 0.00723521 0.460669 0.428566 0.495495 0.157785 0.148022 0.163859 0.194725 0.182109 0.202793 0 0 0 0 0 0 0.499232 0.577976 -0.00136599 0.359572 7.79258 0 1.15313 0 1.34988 0 0.177055 0.809433 0.747689 1.00428 1 1 1.00544 1.00384 0.00248 0.00322538 0
990 22.5 225 0.174149 0.316032 0.175521 0.823122 0.818261 1.31452 0.792802 0.789418 0.732643 0.732643 0.730685 0.728383 0.207798 0.336276 1 1e-05 0.00333718 0.0316979 23.3085 16.1982 2.78689 -18.9851 17.6388 6.04412 21.1196 0.168879 0 0 0 0.550161 0.585691 -0.00318558 0.00477784 0.007176 0.457161 0.425357 0.492076 0.159086 0.149239 0.165241 0.196309 0.183587 0.204489 0 0 0 0 0 0 0.499232 0.577976 0.000236972 0.360791 7.71188 0 1.14199 0 1.3338 0 0.174149 0.792754 0.732643 1.00429 1 1 1.00545 1.00386 0.00244951 0.00318679 0
1000 22.7273 227.273 0.171306 0.311484 0.172662 0.805091 0.800617 1.28065 0.776653 0.773336 0.718049 0.718049 0.716138 0.713901 0.20373 0.337017 1 1e-05 0.0033544 0.0317611 23.162 16.0341 2.75451 -18.7886 17.4641 5.98385 20.9066 0.168046 0 0 0 0.549682 0.585225 -0.00321331 0.00476023 0.00712009 0.453741 0.422206 0.488703 0.160377 0.150446 0.166613 0.19788 0.185053 0.206174 0 0 0 0 0 0 0.499232 0.577976 0.000549674 0.359403 7.63293 0 1.12856 0 1.31254 0 0.171306 0.776608 0.718049 1.00429 1 1 1.00545 1.00387 0.00241784 0.00314777 0
1010 22.9545 229.545 0.168542 0.307011 0.169883 0.782511 0.778302 1.2596 0.761149 0.757897 0.703908 0.703908 0.702042 0.699868 0.199759 0.336884 1 1e-05 0.00337136 0.0318207 23.0162 15.8749 2.72069 -18.5956 17.2952 5.9248 20.6963 0.167152 0 0 0 0.549287 0.584901 -0.00326846 0.00473254 0.00707114 0.450357 0.419101 0.48534 0.161659 0.151644 0.167974 0.199438 0.186508 0.207845 0 0 0 0 0 0 0.499232 0.577976 -0.000155946 0.359255 7.55635 0 1.11687 0 1.30552 0 0.168542 0.761107 0.703908 1.00429 1 1 1.00545 1.00389 0.00238866 0.00311104 0
1020 23.1818 231.818 0.165858 0.302631 0.167183 0.760409 0.755855 1.23356 0.746389 0.743197 0.690239 0.690239 0.688419 0.6863 0.195877 0.33706 1 1e-05 0.00338791 0.0318749 22.8699 15.7174 2.69014 -18.4076 17.1289 5.8663 20.4925 0.170782 0 0 0 0.549528 0.585209 -0.00331592 0.00469992 0.00702682 0.447057 0.416006 0.482017 0.162931 0.152832 0.169326 0.200985 0.187952 0.209505 0 0 0 0 0 0 0.499232 0.577976 9.97082e-07 0.358208 7.48271 0 1.0977 0 1.2861 0 0.165858 0.746344 0.690239 1.00429 1 1 1.00546 1.0039 0.00235844 0.00307313 0
1030 23.4091 234.091 0.16324 0.298321 0.16455 0.741543 0.737044 1.21369 0.731833 0.728703 0.676902 0.676902 0.675129 0.673072 0.19212 0.3385 1 1e-05 0.00340464 0.0319327 22.7285 15.5616 2.65981 -18.2214 16.9641 5.81004 20.2921 0.169992 0 0 0 0.550435 0.586253 -0.00331807 0.00469229 0.00697488 0.443752 0.412964 0.478734 0.164193 0.154012 0.170667 0.20252 0.189385 0.211152 0 0 0 0 0 0 0.499232 0.577976 -0.00196655 0.358096 7.40939 0 1.08766 0 1.27229 0 0.16324 0.731792 0.676902 1.0043 1 1 1.00546 1.00392 0.00232723 0.00303321 0
1040 23.6364 236.364 0.160695 0.29409 0.161985 0.722332 0.716939 1.19148 0.717911 0.714838 0.663995 0.663995 0.66226 0.660247 0.188449 0.338395 1 1e-05 0.00342103 0.0319865 22.5876 15.4096 2.63095 -18.0405 16.8038 5.75468 20.0958 0.166665 0 0 0 0.551137 0.587027 -0.00335735 0.0047068 0.00690993 0.440475 0.409958 0.475495 0.165446 0.155183 0.171999 0.204042 0.190807 0.212787 0 0 0 0 0 0 0.499232 0.577976 -0.00393446 0.360033 7.33856 0 1.07695 0 1.26057 0 0.160695 0.717868 0.663995 1.0043 1 1 1.00546 1.00393 0.00230163 0.00300112 0
1050 23.8636 238.636 0.158185 0.289958 0.159462 0.71044 0.706628 1.16355 0.704601 0.701584 0.651492 0.651492 0.649798 0.647838 0.184859 0.339426 1 1e-05 0.00343708 0.0320325 22.4419 15.261 2.60298 -17.864 16.6457 5.69964 19.905 0.164149 0 0 0 0.551926 0.587719 -0.00340498 0.00468979 0.00684639 0.437219 0.406999 0.472342 0.166689 0.156345 0.173322 0.205553 0.192218 0.21441 0 0 0 0 0 0 0.499232 0.577976 -0.00345315 0.357843 7.27021 0 1.06064 0 1.24158 0 0.158185 0.704558 0.651492 1.0043 1 1 1.00547 1.00395 0.00227406 0.0029652 0
1060 24.0909 240.909 0.155738 0.285894 0.157 0.69331 0.689052 1.14443 0.691615 0.688652 0.639391 0.639391 0.637733 0.635821 0.181404 0.34008 1 1e-05 0.0034531 0.0320788 22.2989 15.1158 2.57532 -17.6911 16.4932 5.64419 19.7176 0.166292 0 0 0 0.552672 0.588372 -0.00343856 0.00469054 0.00680155 0.434009 0.404076 0.469198 0.167923 0.1575 0.174636 0.207052 0.193619 0.216022 0 0 0 0 0 0 0.499232 0.577976 -0.00314137 0.358546 7.20289 0 1.05366 0 1.23485 0 0.155738 0.691574 0.639391 1.0043 1 1 1.00547 1.00396 0.00224889 0.00293344 0
1070 24.3182 243.182 0.153346 0.281911 0.154592 0.677843 0.673535 1.12152 0.678961 0.676051 0.627493 0.627493 0.625875 0.624009 0.177985 0.340049 1 1e-05 0.00346909 0.0321249 22.1577 14.9732 2.54643 -17.5197 16.3428 5.59058 19.5304 0.162819 0 0 0 0.553295 0.589073 -0.00346621 0.00471184 0.00676886 0.43085 0.401181 0.466094 0.169147 0.158646 0.17594 0.20854 0.195009 0.217622 0 0 0 0 0 0 0.499232 0.577976 -0.0030549 0.358632 7.13669 0 1.03869 0 1.21256 0 0.153346 0.67892 0.627493 1.0043 1 1 1.00547 1.00398 0.00222056 0.00289836 0
1080 24.5455 245.455 0.151008 0.278033 0.15224 0.662396 0.658425 1.09199 0.666269 0.663413 0.615808 0.615808 0.614223 0.612397 0.17468 0.341235 1 1e-05 0.00348549 0.0321795 22.0244 14.8316 2.51803 -17.3496 16.1915 5.53932 19.3461 0.160856 0 0 0 0.553843 0.58992 -0.00348362 0.0046977 0.00675506 0.427782 0.398364 0.463006 0.170362 0.159783 0.177236 0.210016 0.196389 0.219211 0 0 0 0 0 0 0.499232 0.577976 -0.00258247 0.357934 7.06967 0 1.02502 0 1.19721 0 0.151008 0.666227 0.615808 1.00431 1 1 1.00547 1.00399 0.00219691 0.00286878 0
1090 24.7727 247.727 0.148711 0.274234 0.149929 0.650794 0.646976 1.06994 0.653915 0.651111 0.604458 0.604458 0.602906 0.60112 0.171475 0.341365 1 1e-05 0.00350185 0.032232 21.8906 14.6919 2.49093 -17.1828 16.0431 5.48766 19.1658 0.154342 0 0 0 0.55391 0.590317 -0.00349005 0.00468166 0.00670933 0.424761 0.395567 0.45997 0.171569 0.160912 0.178523 0.211482 0.197759 0.220789 0 0 0 0 0 0 0.499232 0.577976 -0.000879761 0.357588 7.00381 0 1.01798 0 1.19152 0 0.148711 0.653873 0.604458 1.00431 1 1 1.00547 1.00401 0.00217341 0.00283903 0
1100 25 250 0.146471 0.270467 0.147675 0.63491 0.630788 1.0606 0.64214 0.639385 0.593563 0.593563 0.592045 0.590303 0.168383 0.342088 1 1e-05 0.00351779 0.0322786 21.7553 14.5567 2.46348 -17.0202 15.9001 5.43795 18.9904 0.159492 0 0 0 0.553965 0.590699 -0.00350213 0.00468957 0.00667728 0.421727 0.392756 0.456971 0.172766 0.162033 0.179801 0.212936 0.199119 0.222355 0 0 0 0 0 0 0.499232 0.577976 -0.00257529 0.357985 6.94046 0 1.01231 0 1.18226 0 0.146471 0.642099 0.593563 1.00431 1 1 1.00548 1.00402 0.00214728 0.00280872 0
1110 25.2273 252.273 0.144289 0.266764 0.145477 0.618819 0.614524 1.04275 0.630634 0.627927 0.582955 0.582955 0.581468 0.579767 0.165379 0.341367 1 1e-05 0.00353373 0.032326 21.6231 14.4244 2.43621 -16.8606 15.7603 5.38727 18.818 0.155634 0 0 0 0.554004 0.59108 -0.00350176 0.00469581 0.00666718 0.418743 0.389967 0.453992 0.173954 0.163146 0.181071 0.214379 0.200469 0.223911 0 0 0 0 0 0 0.499232 0.577976 -0.00342495 0.359323 6.87799 0 0.997118 0 1.16657 0 0.144289 0.630593 0.582955 1.00431 1 1 1.00548 1.00403 0.00212477 0.00277937 0
1120 25.4545 254.545 0.142143 0.263145 0.143317 0.608387 0.604117 1.01916 0.619364 0.616705 0.572576 0.572576 0.571121 0.569458 0.162442 0.340398 1 1e-05 0.0035497 0.0323731 21.4916 14.2937 2.40951 -16.7032 15.6224 5.33818 18.6474 0.155454 0 0 0 0.553456 0.590724 -0.00347541 0.00470882 0.00664846 0.415797 0.38722 0.451069 0.175134 0.164251 0.182332 0.215812 0.201809 0.225455 0 0 0 0 0 0 0.499232 0.577976 -0.00571784 0.359251 6.81626 0 0.980694 0 1.14995 0 0.142143 0.619324 0.572576 1.00431 1 1 1.00548 1.00405 0.00210185 0.00275 0
1130 25.6818 256.818 0.140034 0.259626 0.141193 0.597881 0.593923 0.990994 0.608094 0.605483 0.56234 0.56234 0.560914 0.559287 0.159578 0.339679 1 1e-05 0.00356604 0.0324267 21.3657 14.1633 2.38331 -16.5466 15.4846 5.28913 18.4783 0.151183 0 0 0 0.552663 0.589967 -0.00346226 0.00470222 0.00660818 0.412907 0.384513 0.448229 0.176305 0.165347 0.183584 0.217234 0.203139 0.226989 0 0 0 0 0 0 0.499232 0.577976 -0.00342757 0.357732 6.75395 0 0.973132 0 1.1371 0 0.140034 0.608054 0.56234 1.00431 1 1 1.00548 1.00406 0.00207921 0.00272245 0
1140 25.9091 259.091 0.137975 0.256153 0.139121 0.583511 0.579942 0.978 0.597331 0.594765 0.552324 0.552324 0.55093 0.549341 0.156722 0.339235 1 1e-05 0.003582 0.0324728 21.2365 14.0346 2.35867 -16.3933 15.3483 5.24091 18.3113 0.151935 0 0 0 0.552038 0.589247 -0.00345388 0.00469051 0.00657142 0.410034 0.381828 0.445405 0.177467 0.166436 0.184828 0.218646 0.204459 0.228512 0 0 0 0 0 0 0.499232 0.577976 -0.0026702 0.356413 6.69391 0 0.965148 0 1.12694 0 0.137975 0.59729 0.552324 1.00431 1 1 1.00548 1.00407 0.00205512 0.00269154 0
1150 26.1364 261.364 0.135959 0.25272 0.137092 0.57131 0.56768 0.966642 0.586577 0.584057 0.542521 0.542521 0.541156 0.539605 0.153971 0.338441 1 1e-05 0.00359831 0.0325263 21.1141 13.9084 2.33244 -16.2408 15.2151 5.19274 18.1455 0.1495 0 0 0 0.551773 0.588788 -0.0034112 0.00469346 0.00656111 0.40714 0.379187 0.4426 0.178621 0.167517 0.186064 0.220047 0.20577 0.230025 0 0 0 0 0 0 0.499232 0.577976 -0.00218564 0.354852 6.63338 0 0.959977 0 1.12426 0 0.135959 0.586537 0.542521 1.00432 1 1 1.00548 1.00409 0.00203335 0.00266445 0
1160 26.3636 263.636 0.133973 0.249344 0.135095 0.5626 0.559174 0.95086 0.576127 0.573651 0.532926 0.532926 0.531588 0.530065 0.151263 0.337859 1 1e-05 0.00361452 0.0325771 20.9909 13.7838 2.3069 -16.0907 15.0833 5.14372 17.9824 0.145308 0 0 0 0.551825 0.588633 -0.00337638 0.00471268 0.00654885 0.404275 0.37657 0.439823 0.179767 0.16859 0.187291 0.221438 0.207071 0.231528 0 0 0 0 0 0 0.499232 0.577976 -0.00225254 0.35342 6.57402 0 0.955323 0 1.11982 0 0.133973 0.576086 0.532926 1.00432 1 1 1.00549 1.0041 0.00201284 0.00263744 0
1170 26.5909 265.909 0.132032 0.246015 0.133141 0.550159 0.546493 0.937403 0.565956 0.563524 0.523542 0.523542 0.522231 0.520746 0.148605 0.337398 1 1e-05 0.00363065 0.0326274 20.8695 13.6618 2.28018 -15.942 14.954 5.09658 17.8203 0.144649 0 0 0 0.552027 0.588516 -0.00333657 0.00470631 0.00653536 0.401429 0.373969 0.437072 0.180905 0.169656 0.18851 0.222819 0.208363 0.233021 0 0 0 0 0 0 0.499232 0.577976 -0.00367474 0.35526 6.51573 0 0.943408 0 1.10791 0 0.132032 0.565916 0.523542 1.00432 1 1 1.00549 1.00411 0.00199183 0.00261136 0
1180 26.8182 268.182 0.130134 0.242759 0.13123 0.538148 0.534698 0.916897 0.555911 0.553521 0.514376 0.514376 0.51309 0.511639 0.146031 0.336778 1 1e-05 0.00364695 0.0326818 20.7526 13.5409 2.25432 -15.7952 14.8265 5.0495 17.661 0.144377 0 0 0 0.552233 0.588516 -0.00328156 0.00469386 0.00653197 0.398627 0.371395 0.434373 0.182035 0.170715 0.189722 0.224189 0.209646 0.234503 0 0 0 0 0 0 0.499232 0.577976 -0.00439083 0.35563 6.45764 0 0.92819 0 1.08949 0 0.130134 0.555873 0.514376 1.00432 1 1 1.00549 1.00412 0.00197178 0.00258653 0
1190 27.0455 270.455 0.128275 0.239556 0.129359 0.526791 0.523276 0.902011 0.546024 0.543676 0.505377 0.505377 0.504117 0.502701 0.14351 0.334722 1 1e-05 0.00366335 0.0327379 20.6384 13.4213 2.22898 -15.6503 14.7007 5.00232 17.5028 0.145587 0 0 0 0.552384 0.588535 -0.00323161 0.00467776 0.00652952 0.39587 0.368854 0.431677 0.183156 0.171765 0.190924 0.225549 0.21092 0.235976 0 0 0 0 0 0 0.499232 0.577976 -0.0031887 0.356572 6.39996 0 0.918252 0 1.07655 0 0.128275 0.545986 0.505377 1.00432 1 1 1.00549 1.00414 0.00195172 0.00256123 0
1200 27.2727 272.727 0.126464 0.236417 0.127536 0.513358 0.509981 0.88391 0.536405 0.534098 0.496538 0.496538 0.495304 0.493918 0.141013 0.334216 1 1e-05 0.00367966 0.0327943 20.5266 13.3021 2.2051 -15.5072 14.5743 4.95698 17.3471 0.14328 0 0 0 0.552136 0.588132 -0.00321587 0.00467268 0.00652179 0.393147 0.366343 0.429024 0.18427 0.172809 0.192119 0.226899 0.212184 0.237438 0 0 0 0 0 0 0.499232 0.577976 -0.00171759 0.354932 6.34334 0 0.90881 0 1.06696 0 0.126464 0.536368 0.496538 1.00432 1 1 1.00549 1.00415 0.00193011 0.00253394 0
1210 27.5 275 0.124681 0.23334 0.12574 0.505844 0.502233 0.866527 0.526895 0.524628 0.487874 0.487874 0.486663 0.485308 0.138583 0.333456 1 1e-05 0.00369616 0.032853 20.4171 13.1839 2.18123 -15.3651 14.4493 4.91271 17.1931 0.140713 0 0 0 0.551797 0.58767 -0.00319226 0.00466243 0.00649456 0.390465 0.363837 0.426426 0.185376 0.173845 0.193306 0.22824 0.21344 0.238891 0 0 0 0 0 0 0.499232 0.577976 -0.00202917 0.355252 6.28685 0 0.898807 0 1.05718 0 0.124681 0.526859 0.487874 1.00432 1 1 1.00549 1.00416 0.00191039 0.00250969 0
1220 27.7273 277.273 0.122936 0.230299 0.123984 0.49441 0.49136 0.85626 0.517645 0.515418 0.479455 0.479455 0.478268 0.476942 0.136223 0.332891 1 1e-05 0.00371256 0.0329109 20.3087 13.0685 2.158 -15.2265 14.3268 4.86997 17.0419 0.140669 0 0 0 0.551583 0.587375 -0.00315757 0.00465859 0.00649041 0.387814 0.361371 0.423803 0.186474 0.174874 0.194485 0.229571 0.214686 0.240335 0 0 0 0 0 0 0.499232 0.577976 -0.00263204 0.355583 6.23142 0 0.895025 0 1.0486 0 0.122936 0.51761 0.479455 1.00432 1 1 1.00549 1.00417 0.00189295 0.0024861 0
1230 27.9545 279.545 0.121231 0.227309 0.122267 0.483414 0.480005 0.842063 0.50879 0.506601 0.471269 0.471269 0.470107 0.468811 0.1339 0.33168 1 1e-05 0.00372861 0.0329623 20.1978 12.9553 2.135 -15.0903 14.2071 4.82678 16.8935 0.13629 0 0 0 0.551262 0.586964 -0.00313065 0.00463749 0.00648895 0.385204 0.358918 0.421204 0.187564 0.175896 0.195656 0.230892 0.215924 0.241768 0 0 0 0 0 0 0.499232 0.577976 -0.00339565 0.355414 6.17789 0 0.883561 0 1.03696 0 0.121231 0.508757 0.471269 1.00432 1 1 1.00549 1.00418 0.00187109 0.00245994 0
1240 28.1818 281.818 0.119554 0.224398 0.120578 0.475848 0.472483 0.819557 0.500052 0.4979 0.463245 0.463245 0.462103 0.460829 0.131635 0.331476 1 1e-05 0.0037448 0.0330151 20.0883 12.8417 2.11413 -14.9558 14.0872 4.78618 16.7476 0.135556 0 0 0 0.550914 0.586661 -0.0031149 0.00461013 0.00646554 0.382661 0.356518 0.418643 0.188647 0.176911 0.196819 0.232204 0.217153 0.243193 0 0 0 0 0 0 0.499232 0.577976 -0.00125984 0.355628 6.12461 0 0.874122 0 1.02638 0 0.119554 0.500018 0.463245 1.00432 1 1 1.00549 1.0042 0.00185381 0.00243853 0
1250 28.4091 284.091 0.117912 0.22152 0.118925 0.465313 0.462228 0.810376 0.491622 0.489506 0.455388 0.455388 0.454271 0.453027 0.129392 0.33165 1 1e-05 0.00376075 0.0330647 19.9787 12.7296 2.09357 -14.8232 13.9684 4.7453 16.604 0.135376 0 0 0 0.5504 0.586178 -0.00308691 0.00459174 0.00644613 0.380113 0.354138 0.416102 0.189722 0.177919 0.197975 0.233507 0.218373 0.244607 0 0 0 0 0 0 0.499232 0.577976 -0.00173269 0.354484 6.07276 0 0.867995 0 1.02013 0 0.117912 0.491589 0.455388 1.00432 1 1 1.00549 1.00421 0.00183316 0.00241216 0
1260 28.6364 286.364 0.116308 0.218702 0.117309 0.455022 0.451842 0.793657 0.483314 0.481234 0.44773 0.44773 0.446633 0.445413 0.127225 0.331384 1 1e-05 0.00377681 0.0331173 19.8725 12.6197 2.07364 -14.6933 13.8516 4.70602 16.4626 0.133497 0 0 0 0.55004 0.585954 -0.00305988 0.00457062 0.00645151 0.377595 0.351804 0.413595 0.19079 0.17892 0.199123 0.2348 0.219585 0.246013 0 0 0 0 0 0 0.499232 0.577976 -0.00321371 0.353105 6.02123 0 0.856163 0 1.00461 0 0.116308 0.483282 0.44773 1.00432 1 1 1.00549 1.00422 0.00181608 0.00239081 0
1270 28.8636 288.636 0.114738 0.215933 0.115728 0.445428 0.442041 0.779745 0.4753 0.473255 0.440198 0.440198 0.439124 0.437931 0.125061 0.331627 1 1e-05 0.00379263 0.0331664 19.7658 12.5102 2.05488 -14.5651 13.7349 4.66748 16.3229 0.137011 0 0 0 0.549574 0.585678 -0.0030365 0.00454981 0.00646316 0.375091 0.349527 0.4111 0.19185 0.179914 0.200263 0.236085 0.220789 0.247409 0 0 0 0 0 0 0.499232 0.577976 -0.00257973 0.352721 5.9711 0 0.845748 0 0.992495 0 0.114738 0.475269 0.440198 1.00432 1 1 1.00549 1.00423 0.00179543 0.00236549 0
1280 29.0909 290.909 0.113205 0.213192 0.114182 0.435301 0.431617 0.771782 0.467371 0.465359 0.432879 0.432879 0.431824 0.430655 0.122987 0.332986 1 1e-05 0.00380861 0.033219 19.6629 12.4036 2.03539 -14.439 13.6213 4.62738 16.1861 0.132865 0 0 0 0.549015 0.585249 -0.00303655 0.00453864 0.00645109 0.372597 0.347235 0.408637 0.192903 0.180902 0.201395 0.23736 0.221984 0.248797 0 0 0 0 0 0 0.499232 0.577976 -0.00122213 0.35454 5.92108 0 0.841194 0 0.98635 0 0.113205 0.467339 0.432879 1.00432 1 1 1.00549 1.00424 0.00177863 0.00234396 0
1290 29.3182 293.182 0.111696 0.210504 0.11266 0.428632 0.42507 0.75703 0.4595 0.457522 0.425669 0.425669 0.424634 0.423489 0.120955 0.333984 1 1e-05 0.00382482 0.033275 19.5628 12.2982 2.01582 -14.314 13.509 4.58837 16.0495 0.128981 0 0 0 0.548797 0.585015 -0.00302732 0.0045243 0.00643314 0.370153 0.344963 0.406196 0.193948 0.181883 0.202521 0.238626 0.223171 0.250175 0 0 0 0 0 0 0.499232 0.577976 -0.00219033 0.354556 5.87101 0 0.838672 0 0.984774 0 0.111696 0.459469 0.425669 1.00432 1 1 1.0055 1.00425 0.00176027 0.00232208 0
1300 29.5455 295.455 0.110203 0.207847 0.111156 0.42347 0.420215 0.748196 0.451838 0.449893 0.418637 0.418637 0.417621 0.416497 0.118971 0.334802 1 1e-05 0.00384093 0.0333285 19.4617 12.195 1.99584 -14.1908 13.3986 4.55011 15.915 0.127197 0 0 0 0.548885 0.585172 -0.00301852 0.00452076 0.0064425 0.367716 0.342703 0.403775 0.194987 0.182858 0.203639 0.239884 0.224351 0.251544 0 0 0 0 0 0 0.499232 0.577976 -0.00247564 0.354463 5.82186 0 0.829166 0 0.973691 0 0.110203 0.451808 0.418637 1.00432 1 1 1.0055 1.00426 0.00174389 0.00230023 0
