160 3.63636 36.3636 1.14452 1.12771 1.14307 0 0 0 5.2359 5.22767 4.86195 4.86195 4.84815 4.81327 1.38429 0.38226 1 1e-06 0.00207751 0.0317056 60.1329 41.3027 9.25749 -50.5601 44.1049 16.1986 55.4166 0.0589271 0 0 0 0.56007 0.59559 0.003801 0.0118494 0.0162109 0.869716 0.82425 0.905331 0.00247544 0.00233408 0.00256842 0.00308916 0.00292763 0.00321549 0 0 0 0 0 0 0.523628 0.600995 0.013544 0.391963 19.8455 0 0.562412 0 0.748417 0 1.14452 5.23844 4.86195 1.00158 1 1.00003 1.002 1.0019 0.00612935 0.00785935 0
170 3.86364 38.6364 1.11915 1.12699 1.11778 7.12366 7.14349 0.202885 5.13624 5.1276 4.76984 4.76984 4.75611 4.72175 1.3581 0.382763 1 1e-06 0.00208768 0.0316566 59.3634 40.9402 9.1032 -50.0434 43.726 16.0132 54.8611 0.0135835 0 0 0 0.560588 0.596496 0.00386992 0.0118109 0.0162079 0.869487 0.823968 0.905012 0.0049499 0.00466727 0.00513587 0.00617723 0.00585414 0.00642989 0 0 0 0 0 0 0.523628 0.600995 0.0123123 0.389987 19.6546 0 0.570633 0 0.787846 0 1.11915 5.13868 4.76984 1.00169 1 1.00003 1.00214 1.0019 0.00613949 0.00787046 0
180 4.09091 40.9091 1.09439 1.12619 1.09308 6.95342 6.97344 0.223553 5.03853 5.02951 4.67864 4.67864 4.66502 4.63126 1.332 0.382848 1 1e-06 0.0020979 0.0316079 58.6059 40.5653 8.96004 -49.5254 43.3365 15.8383 54.3112 0.00350774 0 0 0 0.561351 0.597854 0.00386369 0.011763 0.0162468 0.869123 0.823614 0.904806 0.0074235 0.0069996 0.00770254 0.00926429 0.00877953 0.00964336 0 0 0 0 0 0 0.523628 0.600995 0.0122907 0.38863 19.4657 0 0.55016 0 0.763866 0 1.09439 5.04088 4.67864 1.00179 1 1.00003 1.00228 1.0019 0.00613971 0.00786564 0
190 4.31818 43.1818 1.07035 1.12507 1.06913 6.74655 6.7697 0.315843 4.94353 4.93417 4.58896 4.58896 4.57542 4.54241 1.30611 0.383094 1 1e-06 0.00210807 0.031559 57.8623 40.1849 8.82964 -49.0145 42.9417 15.6672 53.771 0.12879 0 0 0 0.56152 0.598569 0.00398579 0.0116682 0.0163098 0.868653 0.823175 0.904417 0.00989597 0.00933088 0.0102685 0.0123499 0.0117036 0.0128559 0 0 0 0 0 0 0.523628 0.600995 0.0103778 0.386865 19.2803 0 0.54463 0 0.746987 0 1.07035 4.94582 4.58896 1.0019 1 1.00003 1.00241 1.00191 0.00613995 0.00786881 0
200 4.54545 45.4545 1.0468 1.12384 1.04565 6.61137 6.63133 0.347411 4.84995 4.84027 4.50067 4.50067 4.48724 4.45488 1.28064 0.382397 1 1e-06 0.00211833 0.0315107 57.1285 39.8066 8.70085 -48.5074 42.5481 15.5052 53.2328 0.0749417 0 0 0 0.561238 0.598572 0.00404047 0.0116112 0.0163149 0.868165 0.822767 0.903893 0.012367 0.011661 0.0128329 0.0154336 0.0146262 0.0160666 0 0 0 0 0 0 0.523628 0.600995 0.0166957 0.393293 19.096 0 0.580056 0 0.83331 0 1.0468 4.85215 4.50067 1.002 1 1.00003 1.00254 1.00191 0.00613091 0.0078611 0
210 4.77273 47.7273 1.02387 1.12231 1.02278 6.43886 6.45815 0.43189 4.75655 4.74658 4.41407 4.41407 4.40071 4.369 1.25602 0.382651 1 1e-06 0.00212881 0.0314697 56.4197 39.425 8.58356 -48.0086 42.1529 15.3438 52.7043 0.12747 0 0 0 0.560525 0.598084 0.00406698 0.0115964 0.0163583 0.867517 0.822236 0.903301 0.0148368 0.0139898 0.0153956 0.0185156 0.017547 0.0192754 0 0 0 0 0 0 0.523628 0.600995 0.0145888 0.388136 18.9103 0 0.572096 0 0.825713 0 1.02387 4.75866 4.41407 1.0021 1 1.00003 1.00267 1.00191 0.00612625 0.00786322 0
220 5 50 1.00153 1.12064 1.0005 6.2735 6.28975 0.468235 4.66489 4.65466 4.32772 4.32772 4.31445 4.28351 1.23115 0.382298 1 1e-06 0.00213935 0.0314302 55.7252 39.0389 8.46893 -47.5078 41.7532 15.1869 52.1723 0.0954772 0 0 0 0.559528 0.597284 0.00414975 0.0115284 0.01638 0.866849 0.821644 0.90264 0.0173044 0.0163171 0.0179565 0.021595 0.0204659 0.0224819 0 0 0 0 0 0 0.523628 0.600995 0.0156629 0.388306 18.7263 0 0.603398 0 0.854549 0 1.00153 4.66693 4.32772 1.0022 1 1.00002 1.00279 1.00192 0.00612062 0.00786079 0
230 5.22727 52.2727 0.979739 1.11867 0.978764 6.12223 6.13694 0.554646 4.57514 4.56467 4.24404 4.24404 4.23084 4.20044 1.20724 0.382418 1 1e-06 0.00214992 0.0313914 55.0419 38.6551 8.35889 -47.014 41.3567 15.0391 51.6545 0.131211 0 0 0 0.559412 0.597184 0.00413236 0.0114494 0.0163608 0.866086 0.820884 0.901881 0.0197701 0.0186424 0.0205154 0.024672 0.0233823 0.025686 0 0 0 0 0 0 0.523628 0.600995 0.0164006 0.391444 18.5444 0 0.619861 0 0.888743 0 0.979739 4.57707 4.24404 1.00229 1 1.00002 1.00291 1.00192 0.0061172 0.00785846 0
240 5.45455 54.5455 0.958442 1.1166 0.957516 5.98343 5.99701 0.582652 4.48675 4.47607 4.16067 4.16067 4.14749 4.1177 1.18321 0.381457 1 1e-06 0.00216058 0.0313543 54.3709 38.2674 8.24982 -46.5172 40.9576 14.9011 51.1307 0.193275 0 0 0 0.559534 0.597359 0.00419312 0.0114269 0.0164535 0.865229 0.82011 0.901114 0.0222337 0.0209655 0.0230722 0.027746 0.026296 0.0288874 0 0 0 0 0 0 0.523628 0.600995 0.0152611 0.388396 18.3635 0 0.637092 0 0.916321 0 0.958442 4.4886 4.16067 1.00239 1 1.00002 1.00303 1.00193 0.00612333 0.00787585 0
250 5.68182 56.8182 0.937633 1.11436 0.936771 5.84164 5.85991 0.633244 4.40168 4.3908 4.07947 4.07947 4.06632 4.03713 1.1596 0.380546 1 1e-06 0.00217109 0.0313121 53.6999 37.8863 8.13944 -46.0257 40.5721 14.7534 50.613 0.128666 0 0 0 0.558781 0.596248 0.00421343 0.0113649 0.0163297 0.864286 0.819216 0.900337 0.0246949 0.0232866 0.025627 0.0308168 0.0292067 0.0320858 0 0 0 0 0 0 0.523628 0.600995 0.0162803 0.389762 18.1878 0 0.661636 0 0.986026 0 0.937633 4.40348 4.07947 1.00248 1 1.00002 1.00315 1.00193 0.00612743 0.00788423 0
260 5.90909 59.0909 0.917176 1.11218 0.91639 5.73926 5.76075 0.611193 4.31619 4.30515 3.99871 3.99871 3.98557 3.95696 1.13631 0.380725 1 1e-06 0.00218191 0.0312756 53.0438 37.5029 8.03249 -45.5354 40.1778 14.6105 50.0974 0.153169 0 0 0 0.558088 0.594904 0.00430411 0.0113595 0.0163016 0.86341 0.818381 0.899525 0.0271538 0.0256055 0.0281796 0.0338844 0.0321143 0.0352815 0 0 0 0 0 0 0.523628 0.600995 0.0103708 0.388696 18.0095 0 0.689173 0 1.05236 0 0.917176 4.31791 3.99871 1.00257 1 1.00002 1.00326 1.00194 0.00612546 0.00790071 0
270 6.13636 61.3636 0.897259 1.10988 0.89653 5.59264 5.60854 0.648126 4.23133 4.22014 3.91794 3.91794 3.90484 3.87686 1.11287 0.381489 1 1e-06 0.00219291 0.0312448 52.4085 37.1145 7.93109 -45.0456 39.7802 14.4643 49.5766 0.0977732 0 0 0 0.55805 0.594496 0.00425863 0.0114024 0.0163278 0.86252 0.817429 0.898685 0.0296103 0.027922 0.0307304 0.0369489 0.0350187 0.0384743 0 0 0 0 0 0 0.523628 0.600995 0.0156979 0.388297 17.8308 0 0.700302 0 1.0703 0 0.897259 4.23302 3.91794 1.00265 1 1.00002 1.00337 1.00194 0.00613107 0.00790631 0
280 6.36364 63.6364 0.87781 1.10737 0.877107 5.46957 5.47682 0.706593 4.148 4.13668 3.83982 3.83982 3.82668 3.79903 1.09044 0.381548 1 1e-06 0.00220398 0.0312149 51.7832 36.7365 7.82711 -44.5636 39.3949 14.3182 49.0669 0.174601 0 0 0 0.558 0.594101 0.00434637 0.0114251 0.0163572 0.861505 0.816312 0.897882 0.0320643 0.0302359 0.0332789 0.0400099 0.0379194 0.0416642 0 0 0 0 0 0 0.523628 0.600995 0.0102525 0.388708 17.6536 0 0.659215 0 0.973212 0 0.87781 4.14954 3.83982 1.00274 1 1.00002 1.00348 1.00195 0.00615057 0.007939 0
290 6.59091 65.9091 0.858906 1.10464 0.858261 5.30696 5.32333 0.768878 4.06526 4.05383 3.76204 3.76204 3.74894 3.72181 1.06809 0.381432 1 1e-06 0.00221525 0.0311911 51.1791 36.3583 7.72133 -44.0797 39.0097 14.1719 48.5519 0.224586 0 0 0 0.557739 0.593712 0.00435648 0.0113707 0.0163188 0.860362 0.815332 0.896827 0.0345155 0.032547 0.0358251 0.0430672 0.0408164 0.0448509 0 0 0 0 0 0 0.523628 0.600995 0.00756276 0.386778 17.4759 0 0.685179 0 1.04435 0 0.858906 4.06672 3.76204 1.00282 1 1.00002 1.00358 1.00196 0.00614323 0.00794535 0
300 6.81818 68.1818 0.840319 1.10218 0.839716 5.22218 5.23431 0.695128 3.98358 3.97206 3.68336 3.68336 3.67036 3.644 1.04509 0.382856 1 1e-06 0.00222665 0.0311678 50.5801 35.9629 7.63456 -43.5975 38.5998 14.0211 48.0387 0.160689 0 0 0 0.556994 0.593245 0.00438311 0.0113734 0.0164004 0.859458 0.814302 0.895877 0.0369642 0.0348554 0.0383688 0.0461208 0.0437098 0.0480338 0 0 0 0 0 0 0.523628 0.600995 0.00902447 0.391168 17.2988 0 0.74365 0 1.11631 0 0.840319 3.98499 3.68336 1.0029 1 1.00002 1.00369 1.00196 0.00613272 0.00793076 0
310 7.04545 70.4545 0.822258 1.09925 0.821697 5.07434 5.0858 0.82413 3.90529 3.8937 3.60917 3.60917 3.59606 3.56988 1.02362 0.383362 1 1e-06 0.00223786 0.0311397 49.9844 35.5868 7.53968 -43.1265 38.2199 13.8832 47.5399 0.181578 0 0 0 0.556717 0.59375 0.00439098 0.0113389 0.016257 0.858382 0.813142 0.894694 0.0394104 0.0371607 0.0409097 0.0491707 0.0465993 0.0512129 0 0 0 0 0 0 0.523628 0.600995 0.011303 0.391486 17.1273 0 0.721063 0 1.08613 0 0.822258 3.90661 3.60917 1.00298 1 1.00002 1.00378 1.00197 0.00616002 0.00797733 0
320 7.27273 72.7273 0.80461 1.09629 0.804095 4.95662 4.96983 0.832977 3.83081 3.81914 3.53561 3.53561 3.52254 3.49689 1.0017 0.385111 1 1e-06 0.00224879 0.0311026 49.3816 35.2038 7.45671 -42.6605 37.8289 13.7471 47.0482 0.280162 0 0 0 0.556311 0.59397 0.00438808 0.0114233 0.0163374 0.857101 0.812021 0.893633 0.0418535 0.0394627 0.0434478 0.0522166 0.0494848 0.0543881 0 0 0 0 0 0 0.523628 0.600995 0.0112541 0.384843 16.9625 0 0.779767 0 1.18888 0 0.80461 3.83206 3.53561 1.00305 1 1.00002 1.00388 1.00197 0.0061663 0.00798389 0
330 7.5 75 0.7874 1.0935 0.786917 4.83748 4.8461 0.786092 3.75239 3.74068 3.4618 3.4618 3.44871 3.4235 0.980465 0.38553 1 1e-06 0.00226057 0.0310891 48.8255 34.8227 7.36588 -42.1886 37.4416 13.6038 46.5441 0.226366 0 0 0 0.555935 0.593791 0.00443139 0.0113769 0.0165104 0.856008 0.810895 0.892579 0.0442936 0.0417616 0.0459829 0.0552581 0.0523661 0.0575593 0 0 0 0 0 0 0.523628 0.600995 0.0114121 0.388132 16.7874 0 0.745889 0 1.12976 0 0.7874 3.75356 3.4618 1.00313 1 1.00002 1.00398 1.00198 0.00618635 0.00800643 0
340 7.72727 77.2727 0.770648 1.09041 0.770215 4.70317 4.71745 0.870342 3.67661 3.66488 3.39074 3.39074 3.37761 3.35271 0.960082 0.386097 1 1e-06 0.00227225 0.0310721 48.2726 34.4419 7.28311 -41.725 37.0575 13.4697 46.0577 0.177963 0 0 0 0.556243 0.593627 0.00442225 0.0112246 0.0165349 0.854845 0.809674 0.891339 0.0467307 0.0440574 0.0485153 0.0582956 0.0552433 0.0607266 0 0 0 0 0 0 0.523628 0.600995 0.0187502 0.391266 16.6164 0 0.75532 0 1.12895 0 0.770648 3.67771 3.39074 1.0032 1 1.00002 1.00407 1.00199 0.00619061 0.00802648 0
350 7.95455 79.5455 0.754256 1.08748 0.753845 4.6099 4.61613 0.82375 3.59878 3.58703 3.3187 3.3187 3.30569 3.28138 0.939593 0.386982 1 1e-06 0.00228456 0.0310707 47.7501 34.0642 7.19333 -41.2575 36.6673 13.3292 45.5579 0.178808 0 0 0 0.557615 0.594179 0.00450361 0.011188 0.0166178 0.853636 0.808528 0.890255 0.0491649 0.0463502 0.0510445 0.0613288 0.0581163 0.0638898 0 0 0 0 0 0 0.523628 0.600995 0.0135602 0.387822 16.439 0 0.726086 0 1.12606 0 0.754256 3.59984 3.3187 1.00327 1 1.00002 1.00416 1.00199 0.00618505 0.00800674 0
360 8.18182 81.8182 0.738183 1.08454 0.737826 4.51075 4.52617 0.828419 3.52206 3.51033 3.24707 3.24707 3.23411 3.21025 0.919134 0.387042 1 1e-06 0.00229702 0.0310713 47.2356 33.6796 7.11519 -40.7948 36.2659 13.1969 45.0602 0.235938 0 0 0 0.559797 0.595074 0.00449041 0.0112174 0.0166525 0.852432 0.807399 0.889128 0.0515961 0.0486399 0.0535711 0.0643578 0.0609852 0.0670492 0 0 0 0 0 0 0.523628 0.600995 0.0160911 0.392608 16.2623 0 0.7521 0 1.14423 0 0.738183 3.52309 3.24707 1.00334 1 1.00002 1.00425 1.002 0.00617679 0.00799469 0
370 8.40909 84.0909 0.722578 1.08145 0.722276 4.37898 4.39415 0.871469 3.44816 3.43645 3.17996 3.17996 3.16713 3.14384 0.900336 0.386768 1 1e-06 0.00230934 0.0310691 46.7265 33.3142 7.02594 -40.3401 35.8951 13.0616 44.5847 0.126096 0 0 0 0.561012 0.595441 0.00434622 0.0110736 0.0166868 0.851225 0.806144 0.887942 0.0540239 0.0509266 0.0560944 0.0673824 0.06385 0.070204 0 0 0 0 0 0 0.523628 0.600995 0.0140069 0.389492 16.0902 0 0.740735 0 1.14316 0 0.722578 3.44914 3.17996 1.00341 1 1.00002 1.00433 1.00201 0.00616201 0.00796814 0
380 8.63636 86.3636 0.707406 1.07833 0.707143 4.26142 4.27244 0.876242 3.37504 3.36335 3.11169 3.11169 3.09895 3.07608 0.880801 0.387098 1 1e-06 0.00232187 0.0310723 46.2342 32.9416 6.93549 -39.8771 35.5153 12.927 44.0935 0.1281 0 0 0 0.561092 0.595361 0.00432535 0.0110509 0.016627 0.849843 0.805094 0.886714 0.0564486 0.0532103 0.0586148 0.0704024 0.0667106 0.0733547 0 0 0 0 0 0 0.523628 0.600995 0.0127409 0.387182 15.9182 0 0.713841 0 1.08394 0 0.707406 3.37594 3.11169 1.00347 1 1.00002 1.00442 1.00202 0.00614669 0.00795041 0
390 8.86364 88.6364 0.692513 1.07519 0.69229 4.18265 4.19385 0.885467 3.3043 3.29266 3.04537 3.04537 3.03263 3.01012 0.861818 0.386103 1 1e-06 0.0023343 0.0310702 45.7378 32.5748 6.84724 -39.4221 35.1431 12.7877 43.6122 0.137652 0 0 0 0.559044 0.59351 0.00410465 0.0110803 0.0167475 0.848634 0.803839 0.885462 0.0588702 0.0554911 0.0611323 0.0734178 0.0695672 0.076501 0 0 0 0 0 0 0.523628 0.600995 0.012742 0.390954 15.75 0 0.734914 0 1.12383 0 0.692513 3.30519 3.04537 1.00354 1 1.00002 1.0045 1.00203 0.00613088 0.00795725 0
400 9.09091 90.9091 0.678083 1.07183 0.677886 4.05604 4.0635 0.94557 3.23443 3.22283 2.98133 2.98133 2.96861 2.9465 0.843742 0.384931 1 1e-06 0.00234692 0.0310741 45.2605 32.2153 6.75914 -38.9744 34.7806 12.6548 43.1414 0.285774 0 0 0 0.556299 0.59125 0.00413832 0.011115 0.0168529 0.847273 0.802737 0.883973 0.0612885 0.0577688 0.0636463 0.0764288 0.0724195 0.0796425 0 0 0 0 0 0 0.523628 0.600995 0.0108934 0.387322 15.5821 0 0.734042 0 1.08377 0 0.678083 3.23527 2.98133 1.0036 1 1.00002 1.00457 1.00203 0.00612932 0.00796512 0
410 9.31818 93.1818 0.664035 1.06869 0.663885 3.94275 3.95597 0.88488 3.16276 3.15122 2.91542 2.91542 2.90287 2.88136 0.825118 0.383551 1 1e-06 0.00236021 0.0310969 44.8186 31.8497 6.66937 -38.5191 34.4051 12.5153 42.6503 0.247015 0 0 0 0.553263 0.588922 0.00401571 0.0111867 0.0168981 0.845908 0.801521 0.882827 0.063703 0.0600434 0.0661567 0.0794347 0.0752676 0.0827792 0 0 0 0 0 0 0.523628 0.600995 0.0110663 0.385944 15.408 0 0.725783 0 1.09782 0 0.664035 3.16359 2.91542 1.00366 1 1.00002 1.00465 1.00204 0.00611285 0.00791794 0
420 9.54545 95.4545 0.650316 1.0655 0.650201 3.85346 3.8633 0.89978 3.09314 3.08168 2.85177 2.85177 2.83929 2.81808 0.807219 0.383152 1 1e-06 0.00237348 0.0311182 44.3799 31.4858 6.58168 -38.0675 34.0369 12.376 42.1733 0.318495 0 0 0 0.550788 0.586696 0.0039113 0.0111851 0.016873 0.844758 0.800334 0.881384 0.0661144 0.0623151 0.0686639 0.0824364 0.0781116 0.0859112 0 0 0 0 0 0 0.523628 0.600995 0.0125326 0.388439 15.2371 0 0.736361 0 1.11059 0 0.650316 3.0939 2.85177 1.00372 1 1.00002 1.00473 1.00205 0.00609223 0.00790097 0
430 9.77273 97.7273 0.637083 1.06239 0.636981 3.72277 3.72647 0.873513 3.02275 3.01138 2.78768 2.78768 2.77532 2.75463 0.789238 0.382275 1 1e-06 0.00238728 0.0311559 43.9756 31.1227 6.50186 -37.6245 33.6498 12.2388 41.696 0.223787 0 0 0 0.549546 0.585184 0.00388756 0.0112226 0.0168675 0.843511 0.799229 0.880061 0.0685224 0.0645839 0.0711676 0.0854335 0.0809514 0.0890383 0 0 0 0 0 0 0.523628 0.600995 0.00972232 0.391521 15.0622 0 0.742516 0 1.1247 0 0.637083 3.0235 2.78768 1.00378 1 1.00002 1.0048 1.00206 0.00607184 0.007874 0
440 10 100 0.624069 1.0592 0.623995 3.65676 3.66474 0.898732 2.95408 2.94281 2.7256 2.7256 2.7134 2.69322 0.771946 0.380317 1 1e-06 0.00240114 0.0311924 43.5722 30.7631 6.42268 -37.1858 33.2815 12.1017 41.2203 0.28745 0 0 0 0.548968 0.584124 0.00383533 0.011228 0.0169546 0.842271 0.797993 0.878743 0.0709274 0.0668498 0.0736679 0.0884263 0.083787 0.0921608 0 0 0 0 0 0 0.523628 0.600995 0.017878 0.382832 14.8898 0 0.757293 0 1.14506 0 0.624069 2.9548 2.7256 1.00383 1 1.00002 1.00487 1.00207 0.0060412 0.00782617 0
450 10.2273 102.273 0.611459 1.056 0.611428 3.53889 3.55098 0.902567 2.88554 2.87437 2.66521 2.66521 2.65321 2.63363 0.755461 0.381058 1 1e-06 0.00241537 0.0312395 43.1915 30.4093 6.3386 -36.7479 32.9161 11.9628 40.7562 0.218546 0 0 0 0.549647 0.584364 0.00377737 0.0114047 0.0170252 0.841039 0.796765 0.877389 0.0733294 0.0691126 0.0761647 0.0914146 0.0866181 0.0952785 0 0 0 0 0 0 0.523628 0.600995 0.0183801 0.390376 14.7156 0 0.737541 0 1.10509 0 0.611459 2.88624 2.66521 1.00388 1 1.00002 1.00494 1.00207 0.00600997 0.00777127 0
460 10.4545 104.545 0.599184 1.05291 0.599162 3.45419 3.45662 0.869622 2.81734 2.80629 2.60389 2.60389 2.59206 2.57287 0.738419 0.380853 1 1e-06 0.00242995 0.0312961 42.8304 30.0442 6.26442 -36.3087 32.5346 11.8216 40.2844 0.288325 0 0 0 0.550656 0.584682 0.0037173 0.0114592 0.016922 0.839745 0.795644 0.876126 0.0757282 0.0713724 0.078658 0.0943984 0.0894452 0.0983913 0 0 0 0 0 0 0.523628 0.600995 0.0127297 0.391004 14.5403 0 0.728909 0 1.10656 0 0.599184 2.81799 2.60389 1.00394 1 1.00001 1.005 1.00208 0.00597354 0.00771814 0
470 10.6818 106.818 0.587233 1.04975 0.587252 3.35385 3.3655 0.890095 2.75166 2.74073 2.54518 2.54518 2.53348 2.51484 0.722212 0.379176 1 1e-06 0.00244441 0.0313496 42.4703 29.6902 6.19118 -35.8814 32.1665 11.6939 39.8236 0.290538 0 0 0 0.551089 0.584232 0.00357004 0.0114273 0.0169755 0.83848 0.794468 0.874796 0.0781237 0.0736291 0.0811478 0.0973777 0.0922681 0.1015 0 0 0 0 0 0 0.523628 0.600995 0.0188152 0.387314 14.3695 0 0.768615 0 1.18517 0 0.587233 2.75228 2.54518 1.00399 1 1.00001 1.00507 1.00209 0.00593662 0.0076833 0
480 10.9091 109.091 0.575719 1.04642 0.57576 3.23615 3.24235 0.936688 2.68866 2.67785 2.48804 2.48804 2.47648 2.45822 0.706221 0.376098 1 1e-06 0.0024587 0.0314014 42.1181 29.3463 6.11178 -35.458 31.8109 11.5612 39.3667 0.246732 0 0 0 0.550162 0.582489 0.00359459 0.0114876 0.017051 0.837178 0.793286 0.873312 0.0805158 0.0758828 0.0836339 0.100352 0.0950867 0.104603 0 0 0 0 0 0 0.523628 0.600995 0.0145482 0.387138 14.2037 0 0.730134 0 1.09246 0 0.575719 2.68925 2.48804 1.00404 1 1.00001 1.00513 1.0021 0.0059104 0.00764409 0
490 11.1364 111.364 0.564432 1.04327 0.564508 3.16847 3.17824 0.886306 2.62422 2.61354 2.43053 2.43053 2.41909 2.40135 0.690379 0.374445 1 1e-06 0.00247375 0.0314711 41.7927 28.996 6.0364 -35.0324 31.4422 11.4301 38.9055 0.282075 0 0 0 0.549377 0.582021 0.00348267 0.0114742 0.0171329 0.835875 0.792167 0.871969 0.0829045 0.0781334 0.0861166 0.103322 0.0979014 0.107701 0 0 0 0 0 0 0.523628 0.600995 0.0130979 0.388073 14.0321 0 0.756025 0 1.13688 0 0.564432 2.62482 2.43053 1.00408 1 1.00001 1.00519 1.00211 0.00588342 0.00761106 0
500 11.3636 113.636 0.553529 1.03998 0.553617 3.06684 3.07034 0.928301 2.5645 2.55395 2.37644 2.37644 2.36514 2.34772 0.675289 0.373385 1 1e-06 0.00248811 0.0315258 41.4559 28.6592 5.96352 -34.6227 31.0978 11.3002 38.4636 0.300242 0 0 0 0.548725 0.582305 0.003452 0.011508 0.0170421 0.834541 0.790873 0.870641 0.0852897 0.0803808 0.0885963 0.106288 0.100712 0.110795 0 0 0 0 0 0 0.523628 0.600995 0.0124099 0.383132 13.8712 0 0.691457 0 1.01911 0 0.553529 2.56504 2.37644 1.00413 1 1.00001 1.00525 1.00212 0.00585011 0.00756871 0
510 11.5909 115.909 0.542976 1.03685 0.54308 2.96725 2.9718 0.880529 2.50587 2.49544 2.32191 2.32191 2.31076 2.29373 0.659724 0.37097 1 1e-06 0.00250262 0.0315872 41.1359 28.3241 5.88203 -34.2062 30.744 11.1714 38.0142 0.247353 0 0 0 0.549007 0.583535 0.00347687 0.0115899 0.0170437 0.833237 0.789753 0.869314 0.0876715 0.0826249 0.0910725 0.109248 0.103518 0.113883 0 0 0 0 0 0 0.523628 0.600995 0.0117919 0.388929 13.7114 0 0.696933 0 1.04984 0 0.542976 2.50636 2.32191 1.00418 1 1.00001 1.00531 1.00213 0.0058226 0.00752394 0
520 11.8182 118.182 0.532536 1.03382 0.532672 2.93092 2.9397 0.853281 2.44813 2.43784 2.26831 2.26831 2.25733 2.24076 0.644478 0.374011 1 1e-06 0.00251733 0.0316478 40.8136 27.9851 5.81646 -33.8015 30.3882 11.0471 37.569 0.233345 0 0 0 0.549541 0.584574 0.00349292 0.0116578 0.0169912 0.832044 0.788526 0.868084 0.0900498 0.084866 0.0935455 0.112204 0.106319 0.116967 0 0 0 0 0 0 0.523628 0.600995 0.0176432 0.386221 13.5522 0 0.732785 0 1.08193 0 0.532536 2.44861 2.26831 1.00422 1 1.00001 1.00536 1.00214 0.00578342 0.00746912 0
530 12.0455 120.455 0.522477 1.03056 0.522644 2.82399 2.83277 0.919279 2.39432 2.38416 2.21819 2.21819 2.20731 2.19101 0.630184 0.372921 1 1e-06 0.00253144 0.0316977 40.4874 27.6611 5.74207 -33.4031 30.0575 10.925 37.1448 0.279847 0 0 0 0.549184 0.584558 0.00344669 0.011664 0.0170532 0.830748 0.787244 0.866726 0.0924249 0.087104 0.0960149 0.115156 0.109117 0.120047 0 0 0 0 0 0 0.523628 0.600995 0.012396 0.384095 13.4022 0 0.70478 0 1.04414 0 0.522477 2.39476 2.21819 1.00426 1 1.00001 1.00542 1.00214 0.00574562 0.00743681 0
540 12.2727 122.727 0.512687 1.02759 0.512872 2.75167 2.75671 0.836108 2.33919 2.32916 2.16673 2.16673 2.15611 2.14041 0.615479 0.377438 1 1e-06 0.0025463 0.031767 40.191 27.3275 5.67955 -33.0071 29.6968 10.8117 36.7141 0.227513 0 0 0 0.54866 0.584381 0.00334096 0.0116761 0.0170734 0.82938 0.786225 0.865536 0.0947963 0.089339 0.0984811 0.118103 0.11191 0.123121 0 0 0 0 0 0 0.523628 0.600995 0.00855976 0.385622 13.2467 0 0.648445 0 0.949382 0 0.512687 2.33963 2.16673 1.0043 1 1.00001 1.00547 1.00215 0.0056931 0.00735582 0
550 12.5 125 0.503147 1.02444 0.503347 2.68236 2.6865 0.885425 2.2855 2.27562 2.11701 2.11701 2.10648 2.09091 0.601363 0.375752 1 1e-06 0.0025612 0.0318365 39.8993 27.0029 5.61276 -32.6157 29.3608 10.6896 36.2834 0.223315 0 0 0 0.548508 0.584934 0.00332371 0.0117912 0.0171459 0.828163 0.784913 0.864258 0.0971644 0.091571 0.100944 0.121045 0.114699 0.126192 0 0 0 0 0 0 0.523628 0.600995 0.0167048 0.385153 13.0935 0 0.722109 0 1.12079 0 0.503147 2.28588 2.11701 1.00434 1 1.00001 1.00552 1.00216 0.00565986 0.00732145 0
560 12.7273 127.273 0.493884 1.02134 0.494087 2.6075 2.60859 0.87409 2.23518 2.22543 2.0701 2.0701 2.05967 2.04441 0.58795 0.376788 1 1e-06 0.00257557 0.0318944 39.5992 26.6888 5.5426 -32.2314 29.0378 10.5754 35.8735 0.287173 0 0 0 0.547648 0.584361 0.00338288 0.0117797 0.0171969 0.826696 0.783903 0.862987 0.099529 0.0938 0.103404 0.123983 0.117484 0.129258 0 0 0 0 0 0 0.523628 0.600995 0.0183771 0.385822 12.9483 0 0.683386 0 0.998211 0 0.493884 2.23553 2.0701 1.00438 1 1.00001 1.00557 1.00217 0.00564024 0.00729341 0
570 12.9545 129.545 0.484921 1.01805 0.48514 2.51956 2.52383 0.926642 2.18576 2.17614 2.02428 2.02428 2.01396 1.99899 0.574938 0.377333 1 1e-06 0.00259008 0.031957 39.3116 26.3779 5.48501 -31.8629 28.7137 10.4547 35.4746 0.318001 0 0 0 0.546566 0.583277 0.0033015 0.0116681 0.0172263 0.825471 0.782641 0.861491 0.10189 0.0960261 0.10586 0.126916 0.120265 0.132319 0 0 0 0 0 0 0.523628 0.600995 0.0137962 0.384661 12.8042 0 0.711697 0 1.07558 0 0.484921 2.18613 2.02428 1.00442 1 1.00001 1.00562 1.00218 0.00560691 0.00725359 0
580 13.1818 131.818 0.476173 1.0149 0.47642 2.4557 2.46344 0.887534 2.1359 2.12642 1.98014 1.98014 1.96997 1.95537 0.562849 0.378815 1 1e-06 0.00260514 0.0320341 39.0461 26.0788 5.41645 -31.4953 28.4047 10.342 35.0793 0.231496 0 0 0 0.546056 0.582811 0.00328165 0.0116863 0.0173124 0.824071 0.781409 0.86029 0.104248 0.0982486 0.108313 0.129844 0.123041 0.135375 0 0 0 0 0 0 0.523628 0.600995 0.0131439 0.390322 12.657 0 0.696876 0 1.041 0 0.476173 2.13625 1.98014 1.00446 1 1.00001 1.00567 1.00219 0.00556522 0.00720354 0
590 13.4091 134.091 0.467695 1.01179 0.467947 2.38593 2.38741 0.874122 2.0862 2.07687 1.93636 1.93636 1.92634 1.91205 0.5509 0.381004 1 1e-06 0.00262059 0.0321223 38.8003 25.7731 5.35972 -31.1329 28.0882 10.2259 34.6896 0.32129 0 0 0 0.545908 0.582969 0.00322433 0.0117887 0.0172746 0.822802 0.780254 0.858944 0.106602 0.100468 0.110762 0.132768 0.125814 0.138427 0 0 0 0 0 0 0.523628 0.600995 0.0155837 0.386385 12.5087 0 0.703153 0 1.06104 0 0.467695 2.08652 1.93636 1.00449 1 1.00001 1.00571 1.0022 0.00552278 0.0071521 0
600 13.6364 136.364 0.459461 1.00851 0.45973 2.31388 2.31869 0.924862 2.04213 2.03292 1.8971 1.8971 1.88716 1.87305 0.540058 0.381793 1 1e-06 0.00263468 0.0321802 38.5238 25.4858 5.30394 -30.7898 27.8029 10.1292 34.3326 0.22492 0 0 0 0.545668 0.582979 0.00322486 0.0117666 0.0173188 0.821458 0.779025 0.85752 0.108952 0.102685 0.113208 0.135686 0.128582 0.141474 0 0 0 0 0 0 0.523628 0.600995 0.0102894 0.386575 12.3756 0 0.711876 0 1.09404 0 0.459461 2.04243 1.8971 1.00453 1 1.00001 1.00576 1.00221 0.00551032 0.00713082 0
610 13.8636 138.636 0.451366 1.00532 0.451644 2.27704 2.27963 0.896983 1.99956 1.99048 1.85798 1.85798 1.84809 1.83419 0.529049 0.385316 1 1e-06 0.00264866 0.0322313 38.2403 25.2061 5.23429 -30.4404 27.5206 10.0223 33.9717 0.318135 0 0 0 0.545284 0.58265 0.00332386 0.011799 0.0174289 0.820125 0.777894 0.856108 0.111299 0.104899 0.11565 0.1386 0.131345 0.144516 0 0 0 0 0 0 0.523628 0.600995 0.011297 0.386199 12.2458 0 0.70051 0 1.04135 0 0.451366 1.99982 1.85798 1.00456 1 1.00001 1.0058 1.00222 0.00548294 0.00711114 0
620 14.0909 140.909 0.443555 1.0022 0.443838 2.19823 2.19975 0.879809 1.95442 1.94548 1.81865 1.81865 1.80885 1.79518 0.518398 0.386166 1 1e-06 0.00266389 0.0323164 38.0052 24.9187 5.1814 -30.1001 27.2278 9.9192 33.6082 0.315593 0 0 0 0.54503 0.581825 0.00334024 0.0118218 0.0174658 0.818814 0.77681 0.854696 0.113643 0.10711 0.118088 0.141509 0.134105 0.147552 0 0 0 0 0 0 0.523628 0.600995 0.0145738 0.384982 12.1066 0 0.725118 0 1.11212 0 0.443555 1.95469 1.81865 1.00459 1 1.00001 1.00584 1.00222 0.00546084 0.00708072 0
630 14.3182 143.182 0.435941 0.998904 0.436252 2.13596 2.14395 0.927629 1.9143 1.90548 1.78292 1.78292 1.77313 1.75953 0.50855 0.387203 1 1e-06 0.0026778 0.0323718 37.7399 24.6491 5.12819 -29.7773 26.9547 9.82784 33.2778 0.297888 0 0 0 0.545906 0.582039 0.00338426 0.0118365 0.0173764 0.817449 0.775532 0.853308 0.115983 0.109318 0.120523 0.144414 0.136861 0.150584 0 0 0 0 0 0 0.523628 0.600995 0.014369 0.383867 11.9815 0 0.694171 0 1.026 0 0.435941 1.91451 1.78292 1.00463 1 1.00001 1.00588 1.00223 0.00545719 0.00708338 0
640 14.5455 145.455 0.428514 0.995572 0.42884 2.08728 2.09138 0.938251 1.87645 1.86775 1.74798 1.74798 1.73828 1.72484 0.49866 0.386678 1 1e-06 0.00269127 0.0324161 37.466 24.3815 5.07528 -29.4567 26.6921 9.73234 32.9469 0.306359 0 0 0 0.546446 0.582471 0.00339362 0.0118548 0.0173992 0.816014 0.774344 0.851855 0.118319 0.111523 0.122953 0.147313 0.139612 0.15361 0 0 0 0 0 0 0.523628 0.600995 0.0154624 0.385682 11.8622 0 0.681181 0 0.998922 0 0.428514 1.87662 1.74798 1.00466 1 1.00001 1.00592 1.00224 0.00543273 0.00704934 0
650 14.7727 147.727 0.421293 0.992422 0.421611 2.03571 2.03339 0.886939 1.83704 1.82847 1.71246 1.71246 1.70284 1.68965 0.488787 0.381347 1 1e-06 0.00270564 0.0324837 37.2244 24.117 5.01334 -29.1304 26.428 9.63978 32.6005 0.314413 0 0 0 0.546934 0.583046 0.00331945 0.0117409 0.0174548 0.814714 0.773147 0.850488 0.120652 0.113725 0.125381 0.150208 0.142359 0.156632 0 0 0 0 0 0 0.523628 0.600995 0.00755241 0.385371 11.7368 0 0.679092 0 1.00119 0 0.421293 1.83722 1.71246 1.00469 1 1.00001 1.00596 1.00225 0.00541861 0.00702137 0
660 15 150 0.414165 0.989333 0.414506 2.00073 2.00749 0.869798 1.79894 1.79049 1.67783 1.67783 1.66834 1.65538 0.479096 0.384877 1 1e-06 0.00271992 0.0325462 36.9766 23.8522 4.96607 -28.8182 26.1548 9.54378 32.272 0.305649 0 0 0 0.547284 0.583671 0.00336267 0.011815 0.0173658 0.813514 0.771874 0.84916 0.122982 0.115924 0.127804 0.153098 0.145102 0.159649 0 0 0 0 0 0 0.523628 0.600995 0.0117598 0.382798 11.6143 0 0.693922 0 1.02865 0 0.414165 1.79908 1.67783 1.00472 1 1.00001 1.006 1.00226 0.00538715 0.00697816 0
670 15.2273 152.273 0.407367 0.985956 0.407722 1.9104 1.91407 0.951179 1.76377 1.75544 1.64529 1.64529 1.63582 1.62296 0.469855 0.379712 1 1e-06 0.00273344 0.0325969 36.7269 23.6075 4.90514 -28.5126 25.9147 9.44548 31.9468 0.320342 0 0 0 0.54662 0.583135 0.00335288 0.0117969 0.0172916 0.812142 0.77049 0.847751 0.125308 0.118119 0.130224 0.155983 0.14784 0.16266 0 0 0 0 0 0 0.523628 0.600995 0.0169453 0.382713 11.5001 0 0.718048 0 1.09616 0 0.407367 1.76387 1.64529 1.00474 1 1.00001 1.00603 1.00227 0.00536737 0.00697139 0
680 15.4545 154.545 0.400621 0.98277 0.400979 1.89904 1.89977 0.897067 1.72962 1.7214 1.61366 1.61366 1.60429 1.59167 0.460873 0.378239 1 1e-06 0.00274688 0.0326434 36.472 23.3574 4.8553 -28.2127 25.67 9.3482 31.6345 0.289073 0 0 0 0.545536 0.582138 0.00333065 0.0118242 0.0173867 0.81082 0.769323 0.846317 0.127631 0.120311 0.13264 0.158864 0.150573 0.165667 0 0 0 0 0 0 0.523628 0.600995 0.00990506 0.388224 11.388 0 0.658699 0 0.968283 0 0.400621 1.72973 1.61366 1.00477 1 1.00001 1.00607 1.00228 0.00534631 0.0069322 0
690 15.6818 156.818 0.394121 0.979596 0.394474 1.83155 1.83057 0.893878 1.69541 1.68731 1.5812 1.5812 1.5719 1.55938 0.451488 0.373773 1 1e-06 0.00276069 0.0327016 36.2376 23.1113 4.79724 -27.9085 25.4231 9.26042 31.3025 0.356653 0 0 0 0.54511 0.581859 0.00332521 0.011876 0.0172061 0.80952 0.768063 0.844954 0.129951 0.1225 0.135052 0.16174 0.153302 0.168669 0 0 0 0 0 0 0.523628 0.600995 0.0149952 0.384147 11.2747 0 0.700449 0 1.07155 0 0.394121 1.69547 1.5812 1.0048 1 1.00001 1.0061 1.00229 0.00533049 0.00691053 0
700 15.9091 159.091 0.387778 0.976499 0.388143 1.78292 1.78608 0.871978 1.66098 1.653 1.55008 1.55008 1.54095 1.52875 0.442801 0.377901 1 1e-06 0.00277495 0.0327726 36.0216 22.8629 4.75118 -27.6141 25.1664 9.16606 30.9975 0.214579 0 0 0 0.544527 0.581179 0.00323921 0.0118362 0.0171165 0.808309 0.766788 0.843607 0.132267 0.124686 0.137461 0.164612 0.156026 0.171666 0 0 0 0 0 0 0.523628 0.600995 0.0118074 0.384991 11.1595 0 0.636036 0 0.939955 0 0.387778 1.66102 1.55008 1.00483 1 1.00001 1.00614 1.0023 0.0052909 0.00685283 0
710 16.1364 161.364 0.381589 0.973152 0.381962 1.74066 1.74284 0.94266 1.63051 1.62264 1.52138 1.52138 1.51226 1.50002 0.434544 0.372792 1 1e-06 0.00278787 0.0328115 35.7735 22.6343 4.6938 -27.3281 24.9485 9.08749 30.6937 0.313206 0 0 0 0.544175 0.58043 0.00332913 0.0119366 0.0172033 0.806867 0.765546 0.842146 0.13458 0.126869 0.139866 0.167479 0.158746 0.174658 0 0 0 0 0 0 0.523628 0.600995 0.014336 0.387792 11.0565 0 0.695239 0 1.00488 0 0.381589 1.63055 1.52138 1.00485 1 1.00001 1.00617 1.00231 0.00527 0.00684556 0
720 16.3636 163.636 0.375472 0.97023 0.375852 1.72036 1.72253 0.822852 1.59653 1.58878 1.49078 1.49078 1.48179 1.46985 0.426042 0.376879 1 1e-06 0.00280264 0.0328921 35.5708 22.4014 4.64063 -27.0421 24.6977 8.9969 30.3815 0.25916 0 0 0 0.544434 0.580188 0.00333558 0.0118919 0.017073 0.805703 0.764302 0.840919 0.13689 0.129048 0.142267 0.170341 0.161462 0.177645 0 0 0 0 0 0 0.523628 0.600995 0.0155583 0.387642 10.9405 0 0.632245 0 0.955649 0 0.375472 1.59655 1.49078 1.00488 1 1.00001 1.0062 1.00232 0.00525688 0.00680687 0
730 16.5909 165.909 0.369459 0.967266 0.369853 1.68957 1.6931 0.834441 1.56354 1.55591 1.46117 1.46117 1.45226 1.4405 0.417846 0.379272 1 1e-06 0.00281736 0.0329699 35.3662 22.1606 4.59769 -26.7583 24.4454 8.90433 30.0829 0.315999 0 0 0 0.544182 0.579747 0.00339237 0.0118185 0.0169874 0.804398 0.763156 0.839685 0.139196 0.131224 0.144665 0.173199 0.164173 0.180627 0 0 0 0 0 0 0.523628 0.600995 0.0116941 0.385378 10.8268 0 0.656529 0 0.9632 0 0.369459 1.56357 1.46117 1.0049 1 1.00001 1.00623 1.00233 0.0052277 0.00677139 0
740 16.8182 168.182 0.363703 0.964193 0.364101 1.61974 1.62099 0.865572 1.53321 1.52569 1.43299 1.43299 1.42419 1.4127 0.409837 0.378241 1 1e-06 0.00283124 0.0330332 35.1548 21.937 4.55176 -26.4888 24.2122 8.81987 29.7872 0.33775 0 0 0 0.543525 0.579065 0.00338275 0.011867 0.0169624 0.803169 0.761922 0.83832 0.141499 0.133397 0.14706 0.176052 0.16688 0.183606 0 0 0 0 0 0 0.523628 0.600995 0.0139 0.384906 10.7211 0 0.67343 0 0.999723 0 0.363703 1.53324 1.43299 1.00492 1 1.00001 1.00626 1.00234 0.00519949 0.00672998 0
750 17.0455 170.455 0.358107 0.961129 0.358511 1.57401 1.57577 0.862825 1.50412 1.49671 1.40643 1.40643 1.3978 1.38648 0.402357 0.376273 1 1e-06 0.00284488 0.0330954 34.9481 21.7198 4.50448 -26.2243 23.9921 8.74218 29.5041 0.293668 0 0 0 0.543585 0.57918 0.00333053 0.0117951 0.0170161 0.801905 0.760614 0.837061 0.143799 0.135567 0.14945 0.178901 0.169583 0.186579 0 0 0 0 0 0 0.523628 0.600995 0.0158094 0.380778 10.6188 0 0.650013 0 1.01613 0 0.358107 1.50413 1.40643 1.00495 1 1.00001 1.00629 1.00235 0.00515105 0.00666476 0
760 17.2727 172.727 0.352537 0.958071 0.352949 1.5664 1.56849 0.860962 1.47512 1.46783 1.37995 1.37995 1.37138 1.36019 0.394935 0.375662 1 1e-06 0.00285881 0.0331556 34.736 21.4965 4.45785 -25.9544 23.7631 8.66035 29.2259 0.296872 0 0 0 0.54496 0.580326 0.00338538 0.0118266 0.0169946 0.80049 0.759562 0.835718 0.146095 0.137735 0.151838 0.181745 0.172281 0.189548 0 0 0 0 0 0 0.523628 0.600995 0.0130116 0.385139 10.5159 0 0.678348 0 1.05897 0 0.352537 1.47512 1.37995 1.00497 1 1.00001 1.00632 1.00236 0.00512336 0.00664352 0
770 17.5 175 0.347244 0.954863 0.347673 1.48553 1.49073 0.903368 1.45111 1.4439 1.35668 1.35668 1.34819 1.33716 0.388086 0.378863 1 1e-06 0.00287061 0.0331768 34.4946 21.2999 4.40884 -25.7087 23.5745 8.58935 28.9673 0.348104 0 0 0 0.546349 0.581376 0.00335866 0.0117842 0.0170027 0.799221 0.758299 0.834239 0.148388 0.139899 0.154222 0.184584 0.174975 0.192511 0 0 0 0 0 0 0.523628 0.600995 0.0156003 0.385129 10.4298 0 0.640387 0 0.954914 0 0.347244 1.45111 1.35668 1.00499 1 1.00001 1.00635 1.00237 0.00509589 0.00661632 0
780 17.7273 177.273 0.342061 0.951723 0.342494 1.4586 1.45949 0.884253 1.42487 1.41777 1.33354 1.33354 1.32514 1.31423 0.381767 0.379953 1 1e-06 0.00288378 0.0332302 34.2895 21.1035 4.3558 -25.4594 23.3792 8.51709 28.7132 0.35534 0 0 0 0.547717 0.58242 0.00344444 0.011722 0.0169524 0.79791 0.756988 0.83292 0.150677 0.14206 0.156602 0.187419 0.177665 0.19547 0 0 0 0 0 0 0.523628 0.600995 0.0131732 0.382716 10.335 0 0.673526 0 1.00081 0 0.342061 1.42484 1.33354 1.00501 1 1.00001 1.00637 1.00237 0.00508381 0.00657991 0
790 17.9545 179.545 0.337007 0.948577 0.337456 1.4185 1.42303 0.88591 1.40107 1.39405 1.31077 1.31077 1.30247 1.29174 0.375167 0.37712 1 1e-06 0.002896 0.0332621 34.066 20.8998 4.31127 -25.2111 23.1873 8.44547 28.4589 0.324824 0 0 0 0.548675 0.582989 0.00343109 0.0117861 0.0169792 0.796629 0.755719 0.83152 0.152964 0.144217 0.158979 0.190249 0.18035 0.198424 0 0 0 0 0 0 0.523628 0.600995 0.0182872 0.38424 10.2482 0 0.652356 0 0.9788 0 0.337007 1.40104 1.31077 1.00503 1 1.00001 1.0064 1.00238 0.00504621 0.00654234 0
800 18.1818 181.818 0.332027 0.945529 0.332474 1.40318 1.40252 0.858296 1.37534 1.36842 1.28785 1.28785 1.27955 1.26888 0.368827 0.37997 1 1e-06 0.00290949 0.0333225 33.8733 20.7032 4.26574 -24.9689 22.9894 8.36698 28.2052 0.285056 0 0 0 0.549175 0.583025 0.00348891 0.0116801 0.0169694 0.795379 0.754577 0.830087 0.155247 0.146372 0.161352 0.193074 0.183031 0.201372 0 0 0 0 0 0 0.523628 0.600995 0.0169211 0.381849 10.1535 0 0.638705 0 0.935195 0 0.332027 1.37531 1.28785 1.00506 1 1.00001 1.00643 1.00239 0.0050404 0.00654013 0
810 18.4091 184.091 0.327069 0.942596 0.32752 1.39487 1.39618 0.826126 1.35049 1.34368 1.26479 1.26479 1.25663 1.24619 0.362277 0.381265 1 1e-06 0.00292283 0.0333749 33.6703 20.5072 4.21386 -24.7211 22.7915 8.29163 27.9443 0.291468 0 0 0 0.548946 0.582463 0.00340662 0.0116911 0.0168242 0.794157 0.753327 0.828857 0.157527 0.148524 0.163722 0.195896 0.185707 0.204316 0 0 0 0 0 0 0.523628 0.600995 0.0142235 0.384177 10.0613 0 0.661528 0 0.974464 0 0.327069 1.35044 1.26479 1.00507 1 1.00001 1.00645 1.0024 0.00500855 0.00648855 0
820 18.6364 186.364 0.322338 0.939508 0.322799 1.3294 1.3323 0.869431 1.32801 1.32128 1.24408 1.24408 1.23596 1.2256 0.356419 0.383846 1 1e-06 0.00293516 0.0334103 33.4595 20.3178 4.17414 -24.492 22.6084 8.22201 27.7111 0.288189 0 0 0 0.548351 0.581633 0.00344489 0.0116025 0.0167844 0.792799 0.752114 0.827533 0.159803 0.150672 0.166089 0.198712 0.188379 0.207256 0 0 0 0 0 0 0.523628 0.600995 0.0126449 0.382778 9.97709 0 0.67791 0 1.05244 0 0.322338 1.32795 1.24408 1.00509 1 1.00001 1.00648 1.00241 0.00499499 0.00647192 0
830 18.8636 188.636 0.317625 0.936548 0.318088 1.32673 1.32721 0.833669 1.3042 1.29757 1.22252 1.22252 1.2144 1.20414 0.350415 0.380785 1 1e-06 0.00294851 0.0334658 33.2679 20.1339 4.12375 -24.2576 22.4234 8.14999 27.4601 0.291522 0 0 0 0.547476 0.580843 0.00343288 0.0115856 0.0167678 0.791658 0.750899 0.826149 0.162076 0.152817 0.168452 0.201524 0.191047 0.21019 0 0 0 0 0 0 0.523628 0.600995 0.0187923 0.385063 9.88718 0 0.651878 0 1.01079 0 0.317625 1.30415 1.22252 1.00511 1 1.00001 1.0065 1.00242 0.00498323 0.00647464 0
840 19.0909 190.909 0.313061 0.933478 0.313537 1.28155 1.28495 0.864315 1.28152 1.27498 1.20115 1.20115 1.19317 1.18307 0.344247 0.382049 1 1e-06 0.00296151 0.033516 33.0762 19.9449 4.07629 -24.0212 22.2346 8.08435 27.2107 0.316434 0 0 0 0.546652 0.580045 0.00337403 0.0116027 0.0167657 0.790427 0.749681 0.824719 0.164347 0.15496 0.170811 0.204332 0.193711 0.21312 0 0 0 0 0 0 0.523628 0.600995 0.0123368 0.385141 9.80072 0 0.657663 0 1.01515 0 0.313061 1.28145 1.20115 1.00513 1 1.00001 1.00652 1.00243 0.00494239 0.00642421 0
850 19.3182 193.182 0.308682 0.930494 0.309159 1.23274 1.23316 0.840301 1.26124 1.25478 1.18075 1.18075 1.17283 1.16291 0.338128 0.378148 1 1e-06 0.00297338 0.0335464 32.8723 19.7531 4.04695 -23.8001 22.0484 8.01342 26.9758 0.299095 0 0 0 0.546155 0.579591 0.00347787 0.0115878 0.0167659 0.78913 0.748527 0.823389 0.166614 0.157099 0.173167 0.207135 0.19637 0.216045 0 0 0 0 0 0 0.523628 0.600995 0.0128664 0.384204 9.72278 0 0.642784 0 0.951507 0 0.308682 1.26117 1.18075 1.00515 1 1.00001 1.00655 1.00244 0.00492618 0.00639378 0
860 19.5455 195.455 0.304226 0.927695 0.30472 1.25006 1.25495 0.788329 1.23711 1.23075 1.15981 1.15981 1.15192 1.14204 0.332475 0.379048 1 1e-06 0.00298782 0.0336247 32.7091 19.5784 3.98964 -23.5681 21.8648 7.92915 26.7287 0.287893 0 0 0 0.546438 0.580258 0.00345014 0.0115729 0.016689 0.787926 0.747435 0.822134 0.168877 0.159236 0.17552 0.209934 0.199025 0.218965 0 0 0 0 0 0 0.523628 0.600995 0.0144251 0.380399 9.62924 0 0.650463 0 0.984452 0 0.304226 1.23702 1.15981 1.00517 1 1.00001 1.00657 1.00245 0.00492789 0.00638647 0
870 19.7727 197.727 0.300001 0.92473 0.300492 1.19052 1.18965 0.834781 1.21821 1.21192 1.14101 1.14101 1.13324 1.12358 0.326862 0.379321 1 1e-06 0.00299938 0.0336501 32.5057 19.4002 3.95373 -23.354 21.693 7.8662 26.5054 0.310551 0 0 0 0.546293 0.580615 0.00345966 0.0114159 0.0166038 0.786744 0.746223 0.82076 0.171138 0.16137 0.177869 0.212729 0.201676 0.22188 0 0 0 0 0 0 0.523628 0.600995 0.0122602 0.386221 9.55531 0 0.649066 0 0.956036 0 0.300001 1.21811 1.14101 1.00518 1 1.00001 1.00659 1.00246 0.00489559 0.00633921 0
880 20 200 0.295855 0.921789 0.29635 1.16648 1.16759 0.828429 1.19837 1.19217 1.12232 1.12232 1.11461 1.10499 0.321475 0.378439 1 1e-06 0.00301175 0.0336912 32.3185 19.2295 3.91023 -23.1398 21.5234 7.80234 26.2797 0.327726 0 0 0 0.544939 0.579697 0.00346571 0.0114877 0.016514 0.785543 0.745031 0.819407 0.173396 0.1635 0.180215 0.215519 0.204323 0.22479 0 0 0 0 0 0 0.523628 0.600995 0.0167335 0.384009 9.47713 0 0.633514 0 0.944335 0 0.295855 1.19829 1.12232 1.0052 1 1.00001 1.00661 1.00247 0.00487278 0.0063144 0
890 20.2273 202.273 0.291759 0.919033 0.292247 1.15553 1.15335 0.776096 1.17706 1.17095 1.10254 1.10254 1.09492 1.08544 0.315856 0.379678 1 1e-06 0.00302533 0.0337573 32.1554 19.0451 3.87138 -22.9165 21.3383 7.72899 26.0439 0.282 0 0 0 0.544645 0.579597 0.00340561 0.0114465 0.0164834 0.784302 0.744017 0.818153 0.17565 0.165628 0.182557 0.218305 0.206966 0.227696 0 0 0 0 0 0 0.523628 0.600995 0.0158957 0.380944 9.39239 0 0.609336 0 0.891894 0 0.291759 1.17694 1.10254 1.00522 1 1.00001 1.00663 1.00248 0.00484309 0.0062794 0
900 20.4545 204.545 0.287736 0.916214 0.288231 1.13074 1.13298 0.793842 1.15721 1.15119 1.08402 1.08402 1.07648 1.06707 0.310549 0.380558 1 1e-06 0.00303825 0.0338095 31.9815 18.8724 3.83594 -22.7083 21.1597 7.66135 25.8235 0.298209 0 0 0 0.544903 0.579952 0.00345949 0.0114219 0.0164877 0.783124 0.74289 0.816858 0.177902 0.167754 0.184897 0.221087 0.209605 0.230598 0 0 0 0 0 0 0.523628 0.600995 0.0126399 0.381666 9.31281 0 0.661973 0 0.984507 0 0.287736 1.15712 1.08402 1.00523 1 1.00001 1.00665 1.00249 0.00481513 0.00624345 0
910 20.6818 206.818 0.283825 0.91332 0.284323 1.10044 1.10141 0.814896 1.13994 1.13399 1.06732 1.06732 1.0598 1.05049 0.30566 0.377806 1 1e-06 0.00304973 0.0338334 31.7852 18.7074 3.79835 -22.5057 21.0036 7.60333 25.6171 0.29803 0 0 0 0.545061 0.580073 0.00345441 0.0114081 0.0164096 0.781858 0.741695 0.815614 0.180151 0.169876 0.187233 0.223864 0.21224 0.233494 0 0 0 0 0 0 0.523628 0.600995 0.0124183 0.380855 9.24297 0 0.61655 0 0.911764 0 0.283825 1.13982 1.06732 1.00525 1 1.00001 1.00667 1.0025 0.00480755 0.006239 0
920 20.9091 209.091 0.279964 0.910529 0.280466 1.08629 1.0872 0.785775 1.12078 1.11491 1.04941 1.04941 1.04195 1.03273 0.300538 0.37592 1 1e-06 0.00306272 0.0338872 31.6172 18.5381 3.763 -22.3011 20.8264 7.53487 25.4024 0.336692 0 0 0 0.545423 0.580207 0.00331592 0.0113657 0.0164523 0.780744 0.740596 0.814257 0.182396 0.171996 0.189565 0.226637 0.214871 0.236386 0 0 0 0 0 0 0.523628 0.600995 0.00613325 0.380554 9.16489 0 0.609312 0 0.910528 0 0.279964 1.12067 1.04941 1.00526 1 1.00001 1.00669 1.0025 0.00479124 0.00621313 0
930 21.1364 211.364 0.276212 0.90776 0.276717 1.05555 1.05662 0.779913 1.10308 1.09729 1.03189 1.03189 1.02451 1.0154 0.295322 0.371328 1 1e-06 0.00307497 0.0339256 31.4387 18.3746 3.72682 -22.1015 20.6551 7.48462 25.1828 0.291334 0 0 0 0.546698 0.580988 0.00337115 0.0113743 0.0163854 0.779546 0.739553 0.812951 0.184639 0.174113 0.191895 0.229406 0.217498 0.239274 0 0 0 0 0 0 0.523628 0.600995 0.0124323 0.381739 9.09216 0 0.616667 0 0.941439 0 0.276212 1.10296 1.03189 1.00528 1 1.00001 1.00671 1.00251 0.00476115 0.00617877 0
940 21.3636 213.636 0.272581 0.90491 0.273093 1.02051 1.02236 0.802417 1.08588 1.08017 1.01544 1.01544 1.00813 0.999189 0.290531 0.369254 1 1e-06 0.0030871 0.033968 31.2696 18.2065 3.69457 -21.9011 20.4915 7.42403 24.9799 0.313553 0 0 0 0.548412 0.582173 0.0032515 0.0112569 0.0164206 0.778307 0.738391 0.811688 0.186878 0.176228 0.194221 0.232171 0.220121 0.242157 0 0 0 0 0 0 0.523628 0.600995 0.0145993 0.380325 9.02095 0 0.605163 0 0.884514 0 0.272581 1.08576 1.01544 1.00529 1 1.00001 1.00673 1.00252 0.00473329 0.00615778 0
950 21.5909 215.909 0.268941 0.902215 0.269458 1.02385 1.02502 0.759117 1.06857 1.06293 0.998737 0.998737 0.991483 0.982628 0.285656 0.371049 1 1e-06 0.00309956 0.0340124 31.0996 18.0533 3.6531 -21.7064 20.3272 7.35729 24.7707 0.336503 0 0 0 0.550056 0.583424 0.00333298 0.0112408 0.0164106 0.777201 0.737285 0.810432 0.189115 0.17834 0.196544 0.234931 0.22274 0.245035 0 0 0 0 0 0 0.523628 0.600995 0.0151297 0.382773 8.94871 0 0.610553 0 0.884752 0 0.268941 1.06846 0.998737 1.00531 1 1.00001 1.00675 1.00253 0.00472547 0.00612884 0
960 21.8182 218.182 0.265475 0.899465 0.265996 0.974941 0.97602 0.774265 1.05057 1.04501 0.982973 0.982973 0.975815 0.967088 0.281354 0.371388 1 1e-06 0.00311279 0.0340787 30.9578 17.8993 3.61723 -21.5166 20.1749 7.29939 24.567 0.260211 0 0 0 0.551144 0.584857 0.00320806 0.0112134 0.0162511 0.776083 0.736093 0.809192 0.191349 0.180448 0.198864 0.237688 0.225355 0.247909 0 0 0 0 0 0 0.523628 0.600995 0.00969635 0.38212 8.87292 0 0.569526 0 0.846982 0 0.265475 1.05046 0.982973 1.00532 1 1.00001 1.00676 1.00254 0.00470293 0.00609076 0
970 22.0455 220.455 0.262069 0.896629 0.262594 0.957996 0.959103 0.798533 1.03422 1.02874 0.96768 0.96768 0.96058 0.95195 0.276988 0.367379 1 1e-06 0.00312504 0.0341241 30.7982 17.7446 3.58787 -21.3325 20.0186 7.23743 24.3754 0.356867 0 0 0 0.550947 0.585594 0.0032491 0.0111566 0.0163266 0.774896 0.735108 0.80772 0.19358 0.182554 0.201181 0.24044 0.227966 0.250778 0 0 0 0 0 0 0.523628 0.600995 0.0166177 0.380137 8.80358 0 0.629705 0 0.951002 0 0.262069 1.03411 0.96768 1.00533 1 1.00001 1.00678 1.00255 0.00467981 0.00606478 0
980 22.2727 222.727 0.258734 0.894005 0.259264 0.937664 0.939329 0.739094 1.01727 1.01186 0.952063 0.952063 0.945039 0.936574 0.27258 0.370335 1 1e-06 0.00313802 0.0341862 30.656 17.5976 3.54701 -21.1447 19.8643 7.18245 24.1699 0.289126 0 0 0 0.551062 0.58648 0.00326721 0.0111237 0.0163386 0.773815 0.733977 0.806535 0.195808 0.184658 0.203494 0.243188 0.230573 0.253642 0 0 0 0 0 0 0.523628 0.600995 0.0142408 0.379702 8.73106 0 0.630747 0 0.958379 0 0.258734 1.01716 0.952063 1.00535 1 1.00001 1.0068 1.00256 0.00467198 0.00603507 0
990 22.5 225 0.255492 0.891281 0.256018 0.914011 0.912839 0.766877 1.0033 0.99795 0.938232 0.938232 0.931271 0.922871 0.268451 0.367519 1 1e-06 0.00314891 0.0342076 30.4822 17.4488 3.52378 -20.9726 19.7219 7.13108 23.9914 0.284432 0 0 0 0.551772 0.587482 0.00326442 0.0109313 0.0163125 0.772587 0.732829 0.805378 0.198032 0.186758 0.205805 0.245933 0.233177 0.256502 0 0 0 0 0 0 0.523628 0.600995 0.0124184 0.383938 8.67084 0 0.55762 0 0.807015 0 0.255492 1.00318 0.938232 1.00536 1 1.00001 1.00681 1.00257 0.00463292 0.00600807 0
1000 22.7273 227.273 0.252233 0.888651 0.252752 0.919748 0.917689 0.74076 0.985444 0.98018 0.922601 0.922601 0.915735 0.907414 0.264202 0.371529 1 1e-06 0.00316311 0.0342961 30.3653 17.3011 3.48324 -20.7844 19.559 7.072 23.7886 0.331627 0 0 0 0.552281 0.587736 0.00322454 0.0109281 0.0164077 0.771491 0.731801 0.804096 0.200254 0.188856 0.208112 0.248673 0.235776 0.259358 0 0 0 0 0 0 0.523628 0.600995 0.014868 0.378997 8.5933 0 0.624468 0 0.933774 0 0.252233 0.985334 0.922601 1.00537 1 1.00001 1.00683 1.00258 0.00460178 0.0059636 0
1010 22.9545 229.545 0.249161 0.885853 0.249699 0.859676 0.865228 0.787922 0.972796 0.967587 0.909206 0.909206 0.902445 0.894353 0.260039 0.371138 1 1e-06 0.00317337 0.034306 30.1873 17.163 3.45285 -20.6159 19.4232 7.0261 23.6078 0.272314 0 0 0 0.553266 0.58835 0.0032393 0.0108846 0.016401 0.770216 0.730672 0.802865 0.202473 0.190952 0.210415 0.251408 0.238372 0.262209 0 0 0 0 0 0 0.523628 0.600995 0.0138987 0.38202 8.53792 0 0.580095 0 0.872579 0 0.249161 0.972685 0.909206 1.00538 1 1.00001 1.00685 1.00259 0.004568 0.00592238 0
1020 23.1818 231.818 0.245973 0.883389 0.246516 0.896451 0.897489 0.69374 0.955006 0.949881 0.893201 0.893201 0.886457 0.878383 0.255594 0.375052 1 1e-06 0.00318807 0.0344022 30.0773 17.0093 3.41983 -20.4291 19.2506 6.95992 23.401 0.293739 0 0 0 0.554749 0.589555 0.00322597 0.0108183 0.0163751 0.769234 0.729627 0.801687 0.204689 0.193044 0.212716 0.25414 0.240963 0.265056 0 0 0 0 0 0 0.523628 0.600995 0.0142061 0.381441 8.45944 0 0.587628 0 0.896259 0 0.245973 0.954883 0.893201 1.0054 1 1.00001 1.00686 1.00259 0.00455158 0.00591521 0
1030 23.4091 234.091 0.242978 0.880737 0.243516 0.844588 0.843559 0.746988 0.941192 0.936131 0.880015 0.880015 0.873325 0.865379 0.251775 0.37342 1 1e-06 0.00319974 0.0344435 29.9292 16.8749 3.3887 -20.2636 19.1118 6.91806 23.2214 0.297193 0 0 0 0.555516 0.589675 0.00320648 0.0107703 0.0163961 0.768074 0.728522 0.800494 0.206902 0.195134 0.215013 0.256868 0.243551 0.267898 0 0 0 0 0 0 0.523628 0.600995 0.0124069 0.3812 8.39799 0 0.601644 0 0.919037 0 0.242978 0.941067 0.880015 1.00541 1 1.00001 1.00687 1.0026 0.00454005 0.00589216 0
1040 23.6364 236.364 0.240074 0.878021 0.240615 0.817139 0.817777 0.764759 0.92781 0.92281 0.867325 0.867325 0.860686 0.852784 0.248099 0.376097 1 1e-06 0.00321124 0.034478 29.7775 16.7425 3.35564 -20.0981 18.9783 6.86077 23.0515 0.316293 0 0 0 0.556658 0.590241 0.00312627 0.0108577 0.0163483 0.766893 0.727516 0.799147 0.209112 0.197221 0.217308 0.259592 0.246135 0.270736 0 0 0 0 0 0 0.523628 0.600995 0.0143615 0.379176 8.33803 0 0.607912 0 0.921568 0 0.240074 0.927686 0.867325 1.00542 1 1.00001 1.00689 1.00261 0.004535 0.00586836 0
1050 23.8636 238.636 0.237221 0.87527 0.237779 0.798366 0.803244 0.774524 0.915851 0.910906 0.855961 0.855961 0.849334 0.84148 0.244813 0.376514 1 1e-06 0.0032217 0.0344976 29.6167 16.6211 3.32395 -19.9451 18.8646 6.81909 22.8898 0.312373 0 0 0 0.558115 0.591804 0.00320178 0.0107132 0.0163777 0.765733 0.726456 0.797782 0.211319 0.199306 0.219598 0.262312 0.248715 0.27357 0 0 0 0 0 0 0.523628 0.600995 0.0153989 0.383665 8.28407 0 0.585429 0 0.852635 0 0.237221 0.915718 0.855961 1.00543 1 1.00001 1.0069 1.00262 0.00453066 0.00586452 0
1060 24.0909 240.909 0.234369 0.872707 0.23492 0.805306 0.803159 0.72179 0.902214 0.897333 0.843091 0.843091 0.836545 0.82881 0.241108 0.377466 1 1e-06 0.00323383 0.0345462 29.4787 16.4887 3.29194 -19.7806 18.7234 6.76232 22.7176 0.288928 0 0 0 0.559084 0.59283 0.00318099 0.0106934 0.0163568 0.764641 0.725335 0.796635 0.213523 0.201387 0.221886 0.265027 0.251292 0.276399 0 0 0 0 0 0 0.523628 0.600995 0.0104937 0.379916 8.22212 0 0.596816 0 0.888268 0 0.234369 0.902078 0.843091 1.00544 1 1.00001 1.00692 1.00263 0.00450609 0.00582993 0
1070 24.3182 243.182 0.231609 0.870101 0.23215 0.77989 0.777438 0.733832 0.890322 0.885496 0.831681 0.831681 0.825181 0.817428 0.237775 0.3775 1 1e-06 0.0032446 0.0345734 29.3278 16.3587 3.26469 -19.6234 18.6027 6.72087 22.5566 0.291557 0 0 0 0.559781 0.593332 0.00314459 0.0106748 0.0163022 0.76358 0.724232 0.795384 0.215724 0.203466 0.22417 0.267739 0.253864 0.279223 0 0 0 0 0 0 0.523628 0.600995 0.014029 0.380002 8.16771 0 0.568854 0 0.845437 0 0.231609 0.890174 0.831681 1.00545 1 1.00001 1.00693 1.00264 0.0044858 0.00580646 0
1080 24.5455 245.455 0.228883 0.867592 0.229426 0.767043 0.76756 0.706523 0.876014 0.871257 0.819107 0.819107 0.812721 0.805199 0.234356 0.376929 1 1e-06 0.00325779 0.0346475 29.2164 16.2291 3.23578 -19.4649 18.4659 6.66916 22.3818 0.274429 0 0 0 0.560586 0.594007 0.0031652 0.0106087 0.0163485 0.76254 0.723206 0.79416 0.217923 0.205542 0.226451 0.270447 0.256433 0.282043 0 0 0 0 0 0 0.523628 0.600995 0.0138845 0.377659 8.10177 0 0.630358 0 1.01879 0 0.228883 0.875878 0.819107 1.00546 1 1.00001 1.00694 1.00265 0.00444606 0.00575902 0
1090 24.7727 247.727 0.226263 0.864952 0.226814 0.735747 0.737857 0.743599 0.865804 0.861094 0.807987 0.807987 0.801633 0.794131 0.230837 0.375577 1 1e-06 0.00326738 0.0346525 29.0525 16.1091 3.20393 -19.313 18.3493 6.61663 22.224 0.264452 0 0 0 0.560623 0.594053 0.00316894 0.0106216 0.016298 0.761302 0.722089 0.793039 0.220119 0.207616 0.228728 0.273151 0.258998 0.284859 0 0 0 0 0 0 0.523628 0.600995 0.0158521 0.3807 8.05438 0 0.564302 0 0.824041 0 0.226263 0.865656 0.807987 1.00547 1 1.00001 1.00696 1.00266 0.00442835 0.00574232 0
1100 25 250 0.22361 0.862479 0.22416 0.747249 0.747092 0.696253 0.852379 0.847734 0.79624 0.79624 0.789946 0.782526 0.227642 0.378658 1 1e-06 0.00328019 0.034719 28.9366 15.9768 3.18274 -19.1595 18.21 6.57213 22.0651 0.284922 0 0 0 0.560346 0.59418 0.00308919 0.0105247 0.0163148 0.7603 0.721064 0.791813 0.222311 0.209687 0.231003 0.275851 0.261559 0.287671 0 0 0 0 0 0 0.523628 0.600995 0.00893403 0.379626 7.99166 0 0.578164 0 0.847979 0 0.22361 0.852229 0.79624 1.00548 1 1.00001 1.00697 1.00267 0.00440994 0.00571785 0
1110 25.2273 252.273 0.221071 0.859861 0.221623 0.71454 0.714959 0.737401 0.841937 0.83734 0.786308 0.786308 0.780037 0.772671 0.224769 0.373959 1 1e-06 0.00329034 0.0347362 28.7859 15.8721 3.14344 -19.0155 18.1126 6.53037 21.9136 0.336349 0 0 0 0.559789 0.594026 0.00301447 0.0105152 0.0162751 0.759136 0.719956 0.790631 0.224501 0.211756 0.233275 0.278547 0.264116 0.290479 0 0 0 0 0 0 0.523628 0.600995 0.0145847 0.379297 7.94252 0 0.606111 0 0.88797 0 0.221071 0.841782 0.786308 1.00549 1 1.00001 1.00698 1.00268 0.00440902 0.00570777 0
1120 25.4545 254.545 0.218641 0.857236 0.219191 0.684878 0.684172 0.739113 0.833379 0.828821 0.776928 0.776928 0.770737 0.763421 0.22179 0.37735 1 1e-06 0.00329878 0.0347207 28.6141 15.7567 3.11532 -18.872 18.0098 6.48955 21.7786 0.28741 0 0 0 0.55858 0.592937 0.00304936 0.0104044 0.016223 0.758001 0.718862 0.789395 0.226689 0.213821 0.235543 0.281239 0.266669 0.293282 0 0 0 0 0 0 0.523628 0.600995 0.0124724 0.381042 7.90201 0 0.545352 0 0.811654 0 0.218641 0.8332 0.776928 1.0055 1 1.00001 1.00699 1.00268 0.00437204 0.00566977 0
1130 25.6818 256.818 0.216106 0.854835 0.216662 0.712014 0.713884 0.676011 0.821097 0.8166 0.765422 0.765422 0.759294 0.752103 0.218505 0.376325 1 1e-06 0.00331107 0.0347747 28.4911 15.6334 3.08539 -18.7188 17.8831 6.4371 21.6116 0.309196 0 0 0 0.557476 0.591863 0.0030197 0.0104042 0.0162194 0.756988 0.71793 0.788173 0.228873 0.215884 0.237808 0.283928 0.269219 0.296081 0 0 0 0 0 0 0.523628 0.600995 0.0135765 0.380533 7.84353 0 0.569786 0 0.884267 0 0.216106 0.820938 0.765422 1.00551 1 1.00001 1.007 1.00269 0.00435051 0.00564037 0
1140 25.9091 259.091 0.213707 0.852248 0.214276 0.671933 0.675474 0.728602 0.812229 0.807772 0.756664 0.756664 0.750585 0.743474 0.21589 0.381006 1 1e-06 0.00332009 0.0347694 28.3283 15.5272 3.05258 -18.5798 17.7888 6.3984 21.4812 0.294977 0 0 0 0.557392 0.59163 0.00302617 0.0103739 0.0162148 0.755881 0.716698 0.787073 0.231055 0.217944 0.24007 0.286612 0.271765 0.298876 0 0 0 0 0 0 0.523628 0.600995 0.0109378 0.380367 7.80102 0 0.554133 0 0.82324 0 0.213707 0.812073 0.756664 1.00552 1 1.00001 1.00702 1.0027 0.00432549 0.00561923 0
1150 26.1364 261.364 0.211369 0.849759 0.21194 0.657671 0.658424 0.700954 0.801856 0.797449 0.747205 0.747205 0.741174 0.73414 0.213245 0.377736 1 1e-06 0.0033308 0.0348034 28.2004 15.4144 3.03068 -18.4451 17.6808 6.36083 21.3428 0.21241 0 0 0 0.557695 0.591605 0.00304162 0.0103212 0.0161876 0.754779 0.715753 0.785827 0.233234 0.220002 0.242329 0.289292 0.274307 0.301666 0 0 0 0 0 0 0.523628 0.600995 0.0130194 0.380295 7.75101 0 0.525298 0 0.783684 0 0.211369 0.801682 0.747205 1.00553 1 1.00001 1.00703 1.00271 0.00432489 0.00559839 0
1160 26.3636 263.636 0.208956 0.847354 0.209518 0.682271 0.679528 0.677101 0.790618 0.786266 0.736431 0.736431 0.730448 0.723412 0.210098 0.374851 1 1e-06 0.00334259 0.0348437 28.0692 15.2969 3.00288 -18.2998 17.5591 6.31159 21.1843 0.289499 0 0 0 0.558303 0.592189 0.00287524 0.0102598 0.0161742 0.753817 0.714705 0.784643 0.23541 0.222057 0.244585 0.291969 0.276846 0.304452 0 0 0 0 0 0 0.523628 0.600995 0.0128647 0.381397 7.69647 0 0.554957 0 0.852139 0 0.208956 0.790444 0.736431 1.00553 1 1.00001 1.00704 1.00272 0.00428873 0.00557288 0
1170 26.5909 265.909 0.206613 0.84497 0.207172 0.660471 0.659793 0.671367 0.779464 0.775167 0.726449 0.726449 0.720537 0.71362 0.207328 0.382158 1 1e-06 0.00335451 0.0348957 27.9528 15.1885 2.9729 -18.1614 17.4415 6.26729 21.0392 0.272442 0 0 0 0.559211 0.59353 0.00296159 0.0101891 0.0162088 0.752731 0.713687 0.783573 0.237584 0.22411 0.246839 0.294642 0.27938 0.307235 0 0 0 0 0 0 0.523628 0.600995 0.0133681 0.380006 7.64196 0 0.575027 0 0.860545 0 0.206613 0.779289 0.726449 1.00554 1 1.00001 1.00705 1.00273 0.00426777 0.00554287 0
1180 26.8182 268.182 0.204448 0.842289 0.205013 0.608115 0.609724 0.755065 0.772935 0.768668 0.719227 0.719227 0.713301 0.706406 0.205041 0.380185 1 1e-06 0.00336159 0.0348561 27.7731 15.0926 2.94872 -18.0413 17.3611 6.23832 20.928 0.325565 0 0 0 0.560499 0.595343 0.00291333 0.0101442 0.0161596 0.751582 0.712546 0.782291 0.239755 0.22616 0.249089 0.297312 0.281911 0.310013 0 0 0 0 0 0 0.523628 0.600995 0.011144 0.379465 7.60986 0 0.566824 0 0.855615 0 0.204448 0.772757 0.719227 1.00555 1 1.00001 1.00706 1.00274 0.00426663 0.00554844 0
1190 27.0455 270.455 0.202215 0.839941 0.20279 0.625989 0.628854 0.66105 0.762781 0.758565 0.709678 0.709678 0.703858 0.69716 0.202306 0.379644 1 1e-06 0.00337274 0.0348954 27.6515 14.9856 2.92017 -17.9058 17.2539 6.19657 20.7812 0.268573 0 0 0 0.561931 0.596956 0.00282516 0.010213 0.0161629 0.750621 0.711476 0.781186 0.241924 0.228207 0.251336 0.299977 0.284438 0.312786 0 0 0 0 0 0 0.523628 0.600995 0.0132878 0.383619 7.55968 0 0.588557 0 0.913758 0 0.202215 0.762615 0.709678 1.00556 1 1.00001 1.00707 1.00274 0.00424765 0.00550107 0
1200 27.2727 272.727 0.200112 0.83738 0.20067 0.596788 0.592208 0.721404 0.754287 0.750111 0.701847 0.701847 0.69603 0.689203 0.20006 0.378098 1 1e-06 0.00338222 0.034907 27.5158 14.8924 2.89493 -17.7873 17.165 6.16694 20.6602 0.265663 0 0 0 0.562814 0.59823 0.00281872 0.0100773 0.0161221 0.749468 0.710406 0.779987 0.244089 0.230251 0.253579 0.302639 0.286961 0.315556 0 0 0 0 0 0 0.523628 0.600995 0.0102935 0.378225 7.51744 0 0.55088 0 0.854661 0 0.200112 0.754089 0.701847 1.00557 1 1.00001 1.00708 1.00275 0.0042404 0.00549737 0
1210 27.5 275 0.197931 0.834985 0.198499 0.611551 0.614114 0.674267 0.745119 0.740988 0.692915 0.692915 0.687121 0.680462 0.197456 0.378032 1 1e-06 0.00339259 0.0349301 27.3833 14.7849 2.8723 -17.6572 17.052 6.12317 20.5315 0.313709 0 0 0 0.561824 0.597476 0.00280128 0.0101492 0.016138 0.748494 0.709284 0.778872 0.246252 0.232293 0.25582 0.305297 0.289481 0.318321 0 0 0 0 0 0 0.523628 0.600995 0.0117965 0.380815 7.47158 0 0.572254 0 0.847078 0 0.197931 0.744953 0.692915 1.00558 1 1.00001 1.00709 1.00276 0.00423002 0.00548981 0
1220 27.7273 277.273 0.195859 0.832528 0.196426 0.583797 0.58337 0.691863 0.737936 0.733839 0.685289 0.685289 0.679559 0.672904 0.195066 0.376861 1 1e-06 0.00340084 0.034911 27.2227 14.6889 2.85182 -17.5408 16.9671 6.09228 20.41 0.244394 0 0 0 0.559974 0.59604 0.00281291 0.0101213 0.016145 0.747385 0.708325 0.777655 0.248413 0.234332 0.258058 0.307951 0.291996 0.321083 0 0 0 0 0 0 0.523628 0.600995 0.014974 0.380502 7.43546 0 0.553184 0 0.833278 0 0.195859 0.73776 0.685289 1.00558 1 1.00001 1.0071 1.00277 0.00420878 0.0054558 0
1230 27.9545 279.545 0.193799 0.830033 0.194368 0.579548 0.580039 0.70281 0.729088 0.725035 0.677588 0.677588 0.671871 0.665237 0.192986 0.389639 1 1e-06 0.00341113 0.0349386 27.1008 14.5947 2.82334 -17.418 16.8753 6.04596 20.2955 0.324723 0 0 0 0.557529 0.593877 0.00276919 0.0100759 0.0161169 0.746326 0.707102 0.776575 0.250571 0.236368 0.260293 0.310601 0.294508 0.32384 0 0 0 0 0 0 0.523628 0.600995 0.00966008 0.379666 7.39072 0 0.570914 0 0.868176 0 0.193799 0.728905 0.677588 1.00559 1 1.00001 1.00711 1.00278 0.00419773 0.00545105 0
1240 28.1818 281.818 0.191838 0.827522 0.192414 0.550218 0.552267 0.707001 0.721038 0.717025 0.670211 0.670211 0.664526 0.658007 0.190914 0.38702 1 1e-06 0.00342063 0.0349557 26.9768 14.498 2.80994 -17.3079 16.7867 6.01497 20.1807 0.293931 0 0 0 0.555082 0.591329 0.00271816 0.0100558 0.0160587 0.745261 0.706065 0.775307 0.252725 0.238401 0.262525 0.313247 0.297016 0.326593 0 0 0 0 0 0 0.523628 0.600995 0.0150117 0.378091 7.34978 0 0.567709 0 0.886183 0 0.191838 0.720875 0.670211 1.0056 1 1.00001 1.00712 1.00279 0.00419187 0.00543613 0
1250 28.4091 284.091 0.18978 0.82522 0.190347 0.581905 0.579668 0.64829 0.711707 0.70774 0.661086 0.661086 0.655465 0.649001 0.188214 0.390288 1 1e-06 0.0034318 0.0349939 26.8605 14.4059 2.77627 -17.1822 16.6791 5.97394 20.0371 0.299214 0 0 0 0.553411 0.589473 0.00268186 0.00997341 0.0159671 0.744229 0.704957 0.774338 0.254878 0.240432 0.264754 0.31589 0.299519 0.329342 0 0 0 0 0 0 0.523628 0.600995 0.0140876 0.37829 7.30203 0 0.587695 0 0.897493 0 0.18978 0.71153 0.661086 1.0056 1 1.00001 1.00713 1.00279 0.00416024 0.00540629 0
1260 28.6364 286.364 0.187843 0.822772 0.18841 0.545505 0.545426 0.689343 0.705129 0.701194 0.654751 0.654751 0.64919 0.642757 0.186355 0.388998 1 1e-06 0.0034398 0.0349784 26.7111 14.3169 2.75587 -17.0728 16.6062 5.94611 19.9347 0.241553 0 0 0 0.55308 0.588916 0.00269378 0.00994832 0.015927 0.743121 0.703869 0.773228 0.257027 0.242459 0.266981 0.318529 0.302019 0.332088 0 0 0 0 0 0 0.523628 0.600995 0.0120113 0.381157 7.26819 0 0.582742 0 0.894306 0 0.187843 0.704941 0.654751 1.00561 1 1.00001 1.00714 1.0028 0.00413765 0.00537645 0
1270 28.8636 288.636 0.185928 0.820324 0.186499 0.538116 0.539083 0.689237 0.697402 0.693505 0.647378 0.647378 0.641825 0.635408 0.184214 0.386487 1 1e-06 0.00344931 0.0349918 26.5845 14.227 2.73144 -16.9585 16.5189 5.9087 19.8179 0.299717 0 0 0 0.553183 0.588853 0.00268324 0.00979306 0.0160287 0.742071 0.702881 0.77197 0.259174 0.244485 0.269204 0.321164 0.304515 0.334829 0 0 0 0 0 0 0.523628 0.600995 0.0113241 0.376719 7.22823 0 0.551464 0 0.853121 0 0.185928 0.697215 0.647378 1.00562 1 1.00001 1.00714 1.00281 0.00412624 0.00537231 0
1280 29.0909 290.909 0.183987 0.81801 0.184555 0.547519 0.546846 0.651692 0.688372 0.684521 0.639785 0.639785 0.634208 0.627814 0.182226 0.385148 1 1e-06 0.00346058 0.0350344 26.4766 14.1299 2.7137 -16.8436 16.422 5.8754 19.7007 0.234591 0 0 0 0.552827 0.588196 0.00261472 0.0097805 0.0159032 0.74101 0.701896 0.770886 0.261318 0.246507 0.271424 0.323796 0.307008 0.337566 0 0 0 0 0 0 0.523628 0.600995 0.0173247 0.383519 7.18126 0 0.526652 0 0.792935 0 0.183987 0.688188 0.639785 1.00562 1 1.00001 1.00715 1.00282 0.00413295 0.00538669 0
1290 29.3182 293.182 0.182141 0.815567 0.182711 0.519168 0.519715 0.688031 0.681694 0.677877 0.632618 0.632618 0.627076 0.62073 0.179986 0.384448 1 1e-06 0.00346904 0.0350274 26.3379 14.0465 2.6864 -16.7329 16.3439 5.84101 19.5784 0.282711 0 0 0 0.552445 0.58775 0.00268084 0.00973219 0.0159074 0.740017 0.700813 0.769656 0.26346 0.248527 0.273642 0.326423 0.309497 0.340299 0 0 0 0 0 0 0.523628 0.600995 0.0123914 0.377001 7.14632 0 0.573247 0 0.868493 0 0.182141 0.681513 0.632618 1.00563 1 1.00001 1.00716 1.00283 0.00412424 0.00536888 0
1300 29.5455 295.455 0.180323 0.813085 0.180893 0.512067 0.511919 0.698877 0.674193 0.670413 0.626299 0.626299 0.620745 0.614342 0.178318 0.384571 1 1e-06 0.00347867 0.0350446 26.2186 13.9586 2.6679 -16.6265 16.2592 5.8134 19.4826 0.320414 0 0 0 0.552731 0.588089 0.00267195 0.00966241 0.0159199 0.738815 0.699817 0.768491 0.265598 0.250544 0.275856 0.329047 0.311982 0.343028 0 0 0 0 0 0 0.523628 0.600995 0.0168524 0.377285 7.10687 0 0.585583 0 0.868478 0 0.180323 0.673997 0.626299 1.00564 1 1.00001 1.00717 1.00284 0.00412748 0.00537332 0
