160 3.63636 36.3636 1.1442 1.16829 1.15544 0 0 0 5.22897 5.22076 4.85603 4.85603 4.84251 4.80787 1.38273 0.382702 1 0.000986304 0.00207819 0.0317221 60.1557 41.2717 9.26308 -50.5347 44.0695 16.1913 55.3888 -0.154073 0 0 0 0.552342 0.588367 0.000155946 0.00103771 -0.00151329 0.88212 0.847262 0.916833 0.00251127 0.00241142 0.00261139 0.00313389 0.00301014 0.0032571 0 0 0 0 0 0 0.499797 0.577191 0.000205826 0.395845 19.6508 0 1.21942 0 1.50017 0 1.1442 5.23152 4.85603 1.00157 1 1.00003 1.002 1.00186 0.00606547 0.00776332 0
170 3.86364 38.6364 1.11802 1.16458 1.14043 4.22579 7.37255 1.04395 5.11553 5.10695 4.75218 4.75218 4.739 4.70501 1.35344 0.383262 1 0.000986304 0.00208978 0.0317043 59.423 40.8548 9.10825 -49.9631 43.629 15.9907 54.7701 -0.334391 0 0 0 0.546153 0.58369 0.000148232 0.00103125 -0.00150627 0.88071 0.84581 0.915486 0.00501961 0.00481987 0.00521996 0.00626409 0.00601649 0.00651068 0 0 0 0 0 0 0.499797 0.577191 0.000413569 0.395137 19.4355 0 1.60478 0 1.90184 0 1.11802 5.11798 4.75218 1.00168 1 1.00003 1.00213 1.00187 0.00599127 0.00766621 0
180 4.09091 40.9091 1.09169 1.15862 1.12423 4.56129 7.41239 1.67813 4.99805 4.98918 4.64324 4.64324 4.63045 4.5974 1.32242 0.383323 1 0.000986304 0.00210211 0.0316961 58.6976 40.4051 8.95469 -49.3597 43.1538 15.7859 54.1186 -0.601483 0 0 0 0.534997 0.57452 0.000128708 0.00101368 -0.00149806 0.878439 0.84347 0.913314 0.00752282 0.00722307 0.00782357 0.00938777 0.00901611 0.00975801 0 0 0 0 0 0 0.499797 0.577191 0.000396058 0.39398 19.2101 0 1.98016 0 2.33306 0 1.09169 5.00039 4.64324 1.00178 1 1.00003 1.00226 1.00189 0.00591833 0.00757107 0
190 4.31818 43.1818 1.06496 1.14976 1.1064 5.0229 7.52716 2.49395 4.8731 4.86403 4.52619 4.52619 4.51382 4.48197 1.28883 0.382886 1 0.000986304 0.0021156 0.0317054 57.9857 39.9131 8.80076 -48.7138 42.6311 15.5666 53.4146 -0.94767 0 0 0 0.521446 0.562857 9.90026e-05 0.000993115 -0.00149598 0.87505 0.839973 0.910088 0.0100181 0.00961822 0.0104196 0.0125013 0.0120052 0.0129956 0 0 0 0 0 0 0.499797 0.577191 0.000288618 0.392781 18.9676 0 2.34636 0 2.75797 0 1.06496 4.8753 4.52619 1.00186 1 1.00003 1.00237 1.00191 0.00583881 0.00747028 0
200 4.54545 45.4545 1.03763 1.13769 1.08666 5.55699 7.69832 3.39904 4.73672 4.72752 4.39902 4.39902 4.38711 4.35662 1.25247 0.382445 1 0.000986304 0.00213079 0.0317439 57.3008 39.3679 8.64315 -48.011 42.0471 15.3312 52.6451 -1.34723 0 0 0 0.509856 0.552663 5.75617e-05 0.000965489 -0.00150401 0.870414 0.835181 0.90567 0.0125023 0.0120019 0.0130048 0.0156001 0.0149793 0.0162193 0 0 0 0 0 0 0.499797 0.577191 0.000109977 0.391687 18.6995 0 2.67864 0 3.14065 0 1.03763 4.73877 4.39902 1.00195 1 1.00003 1.00247 1.00194 0.0057543 0.00736244 0
210 4.77273 47.7273 1.00961 1.12243 1.065 6.09948 7.88959 4.29816 4.58829 4.57903 4.26119 4.26119 4.24978 4.22077 1.2132 0.381843 1 0.000986304 0.00214794 0.0318157 56.6449 38.7635 8.48255 -47.2461 41.3989 15.0768 51.8023 -1.76604 0 0 0 0.50217 0.545851 1.86965e-05 0.000919441 -0.00151595 0.864515 0.829099 0.900037 0.0149718 0.0143704 0.0155757 0.0186797 0.0179333 0.0194246 0 0 0 0 0 0 0.499797 0.577191 9.94733e-05 0.390726 18.4035 0 2.96521 0 3.46436 0 1.00961 4.59019 4.26119 1.00202 1 1.00003 1.00257 1.00197 0.00565717 0.00723882 0
220 5 50 0.980935 1.10428 1.04158 6.59598 8.07462 5.10995 4.42829 4.41905 4.11358 4.11358 4.10268 4.07515 1.17134 0.381389 1 0.000986304 0.0021672 0.031923 56.0181 38.0992 8.31862 -46.4178 40.685 14.8073 50.889 -2.16827 0 0 0 0.497511 0.541798 -1.85589e-05 0.000866929 -0.00154087 0.857448 0.821842 0.893267 0.017423 0.0167201 0.018129 0.0217353 0.0208628 0.022607 0 0 0 0 0 0 0.499797 0.577191 8.61681e-05 0.389689 18.0792 0 3.20381 0 3.7277 0 0.980935 4.43004 4.11358 1.00209 1 1.00003 1.00266 1.002 0.00555332 0.00710452 0
230 5.22727 52.2727 0.951727 1.08368 1.01667 7.01405 8.22488 5.8011 4.25986 4.25069 3.95827 3.95827 3.94788 3.92184 1.12733 0.380951 1 0.000986304 0.00218842 0.0320606 55.4111 37.3812 8.14738 -45.5286 39.9149 14.5261 49.9123 -2.54056 0 0 0 0.4957 0.540221 -5.74937e-05 0.000797703 -0.00157897 0.849362 0.813555 0.885482 0.0198529 0.0190479 0.0206614 0.0247628 0.0237635 0.0257623 0 0 0 0 0 0 0.499797 0.577191 0.000421759 0.388672 17.7314 0 3.39858 0 3.93661 0 0.951727 4.26148 3.95827 1.00216 1 1.00002 1.00274 1.00204 0.00544056 0.00696068 0
240 5.45455 54.5455 0.922175 1.06112 0.990621 7.33604 8.32189 6.35256 4.087 4.07795 3.7979 3.7979 3.78804 3.7635 1.08167 0.380753 1 0.000986304 0.0022113 0.0322203 54.8111 36.6176 7.97628 -44.5939 39.0976 14.2357 48.8871 -2.85884 0 0 0 0.495641 0.540383 -8.61532e-05 0.000713813 -0.00162447 0.840425 0.804418 0.876839 0.0222585 0.0213509 0.02317 0.0277587 0.0266317 0.0288871 0 0 0 0 0 0 0.499797 0.577191 0.000445743 0.387679 17.3674 0 3.55101 0 4.09325 0 0.922175 4.0885 3.7979 1.00222 1 1.00002 1.00282 1.00207 0.00532036 0.00680571 0
250 5.68182 56.8182 0.892485 1.0371 0.963775 7.55989 8.36077 6.76593 3.91219 3.9033 3.63523 3.63523 3.6259 3.60285 1.03526 0.381028 1 0.000986304 0.0022357 0.0323986 54.2157 35.8214 7.80341 -43.6248 38.2475 13.9384 47.8263 -3.11967 0 0 0 0.49651 0.541421 -0.000109028 0.000607443 -0.00166891 0.830807 0.794598 0.867507 0.0246376 0.0236267 0.0256526 0.0307198 0.0294645 0.0319782 0 0 0 0 0 0 0.499797 0.577191 0.000418284 0.386546 16.9914 0 3.66749 0 4.20857 0 0.892485 3.91359 3.63523 1.00228 1 1.00002 1.00289 1.00211 0.00519546 0.00664452 0
260 5.90909 59.0909 0.862873 1.012 0.936437 7.69823 8.33885 7.06729 3.73737 3.72868 3.47245 3.47245 3.46363 3.44203 0.988811 0.381279 1 0.000986304 0.00226149 0.0325938 53.6257 35.0031 7.62908 -42.6322 37.3751 13.6375 46.7422 -3.31876 0 0 0 0.49723 0.542271 -0.000134455 0.000488342 -0.00170409 0.820661 0.784225 0.857617 0.0269882 0.0258735 0.0281072 0.0336438 0.0322595 0.0350331 0 0 0 0 0 0 0.499797 0.577191 0.000533946 0.385626 16.607 0 3.75324 0 4.28893 0 0.862873 3.73868 3.47245 1.00233 1 1.00002 1.00296 1.00214 0.00506611 0.0064804 0
270 6.13636 61.3636 0.833527 0.986185 0.908876 7.76121 8.2637 7.26968 3.56406 3.5556 3.31121 3.31121 3.30288 3.2827 0.942824 0.382255 1 0.000986304 0.00228858 0.032805 53.0435 34.1705 7.45804 -41.6286 36.4882 13.3308 45.6455 -3.47058 0 0 0 0.498504 0.543619 -0.000159361 0.000365423 -0.00172593 0.810107 0.773422 0.847298 0.0293087 0.0280895 0.0305321 0.0365289 0.0350147 0.03805 0 0 0 0 0 0 0.499797 0.577191 0.000335431 0.384667 16.217 0 3.8152 0 4.34295 0 0.833527 3.56528 3.31121 1.00238 1 1.00002 1.00302 1.00218 0.00493501 0.00631363 0
280 6.36364 63.6364 0.804621 0.959949 0.881322 7.75909 8.13994 7.38812 3.3934 3.38519 3.15279 3.15279 3.14495 3.12612 0.897725 0.384063 1 0.000986304 0.0023169 0.0330321 52.4725 33.3328 7.28452 -40.6173 35.595 13.0201 44.5429 -3.56546 0 0 0 0.499587 0.544792 -0.00018588 0.000243299 -0.00174763 0.79925 0.762295 0.836661 0.031598 0.0302735 0.032926 0.0393736 0.0377286 0.0410273 0 0 0 0 0 0 0.499797 0.577191 0.000240312 0.383983 15.8236 0 3.8556 0 4.37239 0 0.804621 3.39453 3.15279 1.00243 1 1.00002 1.00308 1.00221 0.00480158 0.00614541 0
290 6.59091 65.9091 0.776312 0.933553 0.853987 7.6976 7.97185 7.43313 3.22679 3.21885 2.9984 2.9984 2.99101 2.9735 0.85383 0.386339 1 0.000986304 0.00234632 0.033273 51.9132 32.495 7.11136 -39.6064 34.7025 12.7092 43.4418 -3.62101 0 0 0 0.50055 0.545634 -0.000212819 0.000117378 -0.0017608 0.788187 0.750949 0.825798 0.033855 0.0324247 0.0352881 0.0421768 0.0404001 0.0439638 0 0 0 0 0 0 0.499797 0.577191 0.000169827 0.383131 15.4299 0 3.8774 0 4.38306 0 0.776312 3.22784 2.9984 1.00247 1 1.00002 1.00314 1.00224 0.00466792 0.00597643 0
300 6.81818 68.1818 0.748707 0.907182 0.827018 7.59451 7.77363 7.42606 3.06556 3.05789 2.84876 2.84876 2.84182 2.82555 0.811244 0.389012 1 0.000986304 0.00237665 0.0335243 51.3631 31.6616 6.94079 -38.6024 33.8153 12.3982 42.348 -3.6361 0 0 0 0.501732 0.546713 -0.000241911 -1.52043e-05 -0.00176238 0.776987 0.73946 0.814772 0.0360791 0.0345423 0.0376174 0.0449378 0.0430285 0.0468587 0 0 0 0 0 0 0.499797 0.577191 0.000100259 0.382246 15.0392 0 3.88479 0 4.37746 0 0.748707 3.06653 2.84876 1.00251 1 1.00002 1.00319 1.00228 0.00453337 0.00580667 0
310 7.04545 70.4545 0.721884 0.881007 0.80054 7.45616 7.55323 7.37088 2.90977 2.90239 2.70445 2.70445 2.69794 2.68284 0.770234 0.391721 1 0.000986304 0.00240791 0.0337879 50.8274 30.8355 6.77481 -37.6103 32.9362 12.0905 41.2666 -3.62895 0 0 0 0.503207 0.54804 -0.00026527 -0.000150213 -0.00174545 0.765722 0.727904 0.803641 0.0382698 0.0366259 0.0399136 0.047656 0.0456133 0.0497114 0 0 0 0 0 0 0.499797 0.577191 4.66254e-05 0.381302 14.6518 0 3.87972 0 4.36047 0 0.721884 2.91066 2.70445 1.00254 1 1.00001 1.00323 1.00231 0.00440253 0.00563962 0
320 7.27273 72.7273 0.695909 0.855144 0.774641 7.2931 7.31454 7.28287 2.76012 2.75303 2.56585 2.56585 2.55975 2.54575 0.730848 0.394038 1 0.000986304 0.00243996 0.0340612 50.3045 30.0198 6.61163 -36.6314 32.0687 11.7908 40.2001 -3.59268 0 0 0 0.504265 0.549036 -0.000284873 -0.000293758 -0.00172006 0.754435 0.716333 0.792454 0.0404268 0.0386753 0.0421761 0.0503313 0.0481543 0.0525214 0 0 0 0 0 0 0.499797 0.577191 4.4149e-05 0.3806 14.2699 0 3.86473 0 4.33341 0 0.695909 2.76095 2.56585 1.00257 1 1.00001 1.00327 1.00235 0.00427115 0.00547238 0
330 7.5 75 0.670824 0.829695 0.749394 7.10968 7.06396 7.16637 2.61671 2.60992 2.43309 2.43309 2.42736 2.41439 0.693138 0.396154 1 0.000986304 0.00247278 0.0343452 49.7976 29.2185 6.44973 -35.6683 31.2157 11.4929 39.1521 -3.53979 0 0 0 0.505472 0.550146 -0.000299844 -0.000446194 -0.00168793 0.743167 0.704783 0.781265 0.0425499 0.0406902 0.0444048 0.0529636 0.0506513 0.0552886 0 0 0 0 0 0 0.499797 0.577191 -7.70599e-05 0.379679 13.894 0 3.84101 0 4.29785 0 0.670824 2.61748 2.43309 1.0026 1 1.00001 1.00331 1.00238 0.00414407 0.00531006 0
340 7.72727 77.2727 0.646644 0.804733 0.724846 6.91267 6.80904 7.02945 2.47938 2.47288 2.30612 2.30612 2.30077 2.28876 0.657113 0.397718 1 0.000986304 0.00250638 0.0346408 49.3093 28.4296 6.29337 -34.7229 30.3771 11.2004 38.1234 -3.47757 0 0 0 0.506912 0.551292 -0.000306615 -0.000599379 -0.00165433 0.731948 0.693279 0.770118 0.0446391 0.0426708 0.0465995 0.0555529 0.0531046 0.0580129 0 0 0 0 0 0 0.499797 0.577191 -0.000154826 0.378912 13.5243 0 3.81104 0 4.25737 0 0.646644 2.4801 2.30612 1.00263 1 1.00001 1.00334 1.00241 0.00401737 0.00514833 0
350 7.95455 79.5455 0.623385 0.780319 0.701034 6.7056 6.54981 6.87502 2.34789 2.34168 2.18495 2.18495 2.17994 2.16883 0.62282 0.398701 1 0.000986304 0.0025408 0.0349504 48.8435 27.6576 6.13764 -33.7952 29.5554 10.9161 37.1138 -3.39652 0 0 0 0.50771 0.552167 -0.000307384 -0.000757587 -0.00161276 0.720805 0.681859 0.759043 0.0466945 0.0446171 0.0487604 0.0580993 0.0555142 0.0606945 0 0 0 0 0 0 0.499797 0.577191 -0.000171406 0.378271 13.1607 0 3.77465 0 4.20994 0 0.623385 2.34856 2.18495 1.00265 1 1.00001 1.00337 1.00244 0.00389099 0.00498943 0
360 8.18182 81.8182 0.601064 0.756504 0.677989 6.48923 6.2855 6.70609 2.22272 2.21679 2.06959 2.06959 2.06491 2.05465 0.590173 0.399344 1 0.000986304 0.00257588 0.0352705 48.3968 26.9017 5.98625 -32.8879 28.7514 10.6393 36.1264 -3.30902 0 0 0 0.508434 0.552746 -0.000309117 -0.00091436 -0.0015704 0.709763 0.670546 0.748074 0.0487164 0.0465292 0.0508875 0.0606032 0.0578805 0.0633336 0 0 0 0 0 0 0.499797 0.577191 -0.000307888 0.377436 12.8049 0 3.73387 0 4.15849 0 0.601064 2.22334 2.06959 1.00267 1 1.00001 1.0034 1.00248 0.00376761 0.00483265 0
370 8.40909 84.0909 0.579664 0.733316 0.65572 6.27115 6.02632 6.5298 2.10344 2.09779 1.95998 1.95998 1.9556 1.94612 0.55922 0.399936 1 0.000986304 0.00261169 0.0356038 47.973 26.1653 5.8369 -32.0022 27.9672 10.3659 35.1627 -3.21278 0 0 0 0.509501 0.553666 -0.000309695 -0.0010684 -0.00152335 0.698837 0.659361 0.737226 0.0507049 0.0484076 0.052981 0.0630649 0.0602039 0.0659306 0 0 0 0 0 0 0.499797 0.577191 -0.000251962 0.376816 12.4565 0 3.68905 0 4.10281 0 0.579664 2.10402 1.95998 1.00269 1 1.00001 1.00342 1.00251 0.00364697 0.00467926 0
380 8.63636 86.3636 0.559186 0.710787 0.634242 6.04825 5.76669 6.34426 1.99032 1.98494 1.85606 1.85606 1.85197 1.84322 0.529882 0.400585 1 0.000986304 0.00264806 0.0359472 47.5688 25.4486 5.69001 -31.1386 27.2038 10.0999 34.2231 -3.1134 0 0 0 0.510673 0.554776 -0.000304929 -0.00121657 -0.00147853 0.688045 0.648332 0.726521 0.0526604 0.0502525 0.0550413 0.0654847 0.0624849 0.0684859 0 0 0 0 0 0 0.499797 0.577191 -0.000403444 0.376387 12.1168 0 3.64209 0 4.04576 0 0.559186 1.99086 1.85606 1.00271 1 1.00001 1.00344 1.00254 0.00352825 0.00452729 0
390 8.86364 88.6364 0.539592 0.68892 0.613535 5.83109 5.51766 6.15765 1.88322 1.8781 1.75753 1.75753 1.75372 1.74564 0.502042 0.401294 1 0.000986304 0.00268496 0.0362997 47.1824 24.7505 5.54739 -30.2978 26.4603 9.83993 33.3079 -3.0137 0 0 0 0.512043 0.556091 -0.000291785 -0.00136215 -0.00143848 0.677403 0.63746 0.715969 0.0545833 0.0520642 0.0570687 0.0678633 0.064724 0.071 0 0 0 0 0 0 0.499797 0.577191 -0.000172337 0.375582 11.7862 0 3.59298 0 3.98666 0 0.539592 1.88372 1.75753 1.00273 1 1.00001 1.00346 1.00257 0.00341152 0.00437834 0
400 9.09091 90.9091 0.520857 0.66772 0.593589 5.61669 5.27581 5.96988 1.78164 1.77677 1.66416 1.66416 1.6606 1.65315 0.475674 0.401919 1 0.000986304 0.00272247 0.0366642 46.8177 24.0717 5.40812 -29.4798 25.7374 9.58407 32.4164 -2.91343 0 0 0 0.512727 0.556686 -0.000269731 -0.00149768 -0.00139986 0.66692 0.626755 0.705575 0.0564738 0.0538432 0.0590637 0.070201 0.0669218 0.0734734 0 0 0 0 0 0 0.499797 0.577191 -0.000161194 0.374954 11.4638 0 3.54191 0 3.92622 0 0.520857 1.7821 1.66416 1.00274 1 1.00001 1.00348 1.0026 0.0032969 0.00423308 0
410 9.31818 93.1818 0.50296 0.6472 0.574401 5.40334 5.0397 5.77865 1.68555 1.68092 1.57584 1.57584 1.57253 1.56565 0.450737 0.402288 1 0.000986304 0.00276049 0.037039 46.473 23.4136 5.27084 -28.6844 25.0353 9.33486 31.5496 -2.81283 0 0 0 0.513536 0.557391 -0.000243109 -0.00162161 -0.00136432 0.656604 0.616239 0.695356 0.0583324 0.05559 0.0610265 0.0724986 0.069079 0.0759068 0 0 0 0 0 0 0.499797 0.577191 0.000120225 0.374327 11.1503 0 3.48935 0 3.86436 0 0.50296 1.68598 1.57584 1.00275 1 1.00001 1.00349 1.00263 0.00318638 0.00409195 0
420 9.54545 95.4545 0.485859 0.62734 0.55594 5.19854 4.81567 5.5926 1.59477 1.59038 1.49234 1.49234 1.48925 1.48289 0.427141 0.402754 1 0.000986304 0.00279899 0.0374229 46.1458 22.7739 5.13777 -27.9117 24.3535 9.09228 30.7073 -2.71601 0 0 0 0.514292 0.558133 -0.000209708 -0.00173119 -0.00133154 0.646456 0.605906 0.685312 0.0601596 0.0573052 0.0629576 0.0747564 0.0711962 0.0783007 0 0 0 0 0 0 0.499797 0.577191 0.000197727 0.373885 10.8459 0 3.43696 0 3.80358 0 0.485859 1.59516 1.49234 1.00276 1 1.00001 1.00351 1.00265 0.00307734 0.00395329 0
430 9.77273 97.7273 0.469522 0.608141 0.538192 4.99789 4.60046 5.40635 1.50899 1.50483 1.41349 1.41349 1.41062 1.40475 0.404874 0.403144 1 0.000986304 0.00283796 0.0378166 45.8368 22.154 5.0085 -27.1625 23.6928 8.85561 29.8898 -2.6187 0 0 0 0.515268 0.55899 -0.000170844 -0.00182925 -0.00129831 0.636486 0.595761 0.675453 0.0619558 0.0589892 0.0648577 0.0769753 0.073274 0.0806558 0 0 0 0 0 0 0.499797 0.577191 7.80298e-05 0.373128 10.5501 0 3.38356 0 3.74164 0 0.469522 1.50936 1.41349 1.00277 1 1.00001 1.00352 1.00268 0.00297079 0.00381836 0
440 10 100 0.453928 0.58959 0.521137 4.80264 4.39135 5.22405 1.42795 1.424 1.33908 1.33908 1.33641 1.33099 0.383885 0.403366 1 0.000986304 0.00287741 0.0382208 45.547 21.5531 4.88273 -26.4358 23.0529 8.6256 29.0968 -2.52349 0 0 0 0.516207 0.559738 -0.000128462 -0.00191065 -0.00126728 0.626689 0.585809 0.665784 0.0637214 0.0606424 0.066727 0.0791557 0.0753132 0.0829727 0 0 0 0 0 0 0.499797 0.577191 -2.5515e-05 0.372627 10.2629 0 3.32972 0 3.67972 0 0.453928 1.42829 1.33908 1.00278 1 1.00001 1.00353 1.00271 0.00286859 0.00368825 0
450 10.2273 102.273 0.439038 0.571675 0.504754 4.61358 4.19281 5.04472 1.3515 1.34775 1.26889 1.26889 1.2664 1.26139 0.36408 0.40357 1 0.000986304 0.00291729 0.0386341 45.2741 20.9708 4.76112 -25.7319 22.4336 8.40219 28.3277 -2.43035 0 0 0 0.517116 0.560473 -8.03845e-05 -0.00198163 -0.00124209 0.617071 0.576052 0.656306 0.0654569 0.0622655 0.0685662 0.0812982 0.0773145 0.0852521 0 0 0 0 0 0 0.499797 0.577191 1.0611e-05 0.372236 9.98431 0 3.27557 0 3.61801 0 0.439038 1.35181 1.26889 1.00278 1 1.00001 1.00354 1.00274 0.00276933 0.00356184 0
460 10.4545 104.545 0.424822 0.554383 0.489019 4.43086 4.00335 4.86933 1.27938 1.27582 1.20269 1.20269 1.20037 1.19574 0.345407 0.403716 1 0.000986304 0.00295757 0.0390564 45.0178 20.4074 4.64289 -25.0503 21.8339 8.18474 27.5828 -2.33995 0 0 0 0.51794 0.56115 -3.50254e-05 -0.002042 -0.0012148 0.607633 0.566489 0.647023 0.0671626 0.063859 0.0703759 0.0834037 0.0792786 0.0874947 0 0 0 0 0 0 0.499797 0.577191 -8.00791e-05 0.371515 9.71423 0 3.22156 0 3.55642 0 0.424822 1.27966 1.20269 1.00279 1 1.00001 1.00354 1.00276 0.00267317 0.00343958 0
470 10.6818 106.818 0.411244 0.537702 0.473909 4.25496 3.82365 4.69744 1.21121 1.20783 1.14022 1.14022 1.13806 1.13379 0.327809 0.403953 1 0.000986304 0.00299834 0.0394902 44.7802 19.8621 4.52766 -24.3898 21.2532 7.97341 26.8605 -2.25415 0 0 0 0.518501 0.561591 6.79226e-06 -0.00209504 -0.00118357 0.59838 0.557123 0.637934 0.068839 0.0654233 0.0721564 0.0854726 0.0812062 0.0897012 0 0 0 0 0 0 0.499797 0.577191 -0.000137322 0.371097 9.45187 0 3.16802 0 3.49628 0 0.411244 1.21147 1.14022 1.00279 1 1.00001 1.00355 1.00279 0.0025812 0.00332193 0
480 10.9091 109.091 0.398275 0.521608 0.459396 4.087 3.65199 4.5321 1.1469 1.1437 1.08124 1.08124 1.07923 1.07527 0.31118 0.404292 1 0.000986304 0.00303953 0.0399333 44.5586 19.3338 4.41566 -23.7495 20.6903 7.76889 26.1599 -2.171 0 0 0 0.519152 0.562312 5.04814e-05 -0.00214047 -0.00114914 0.589311 0.547949 0.629032 0.0704868 0.0669591 0.0739084 0.0875056 0.083098 0.0918722 0 0 0 0 0 0 0.499797 0.577191 -0.000275367 0.370807 9.19752 0 3.11491 0 3.43661 0 0.398275 1.14715 1.08124 1.0028 1 1.00001 1.00355 1.00281 0.00249198 0.0032074 0
490 11.1364 111.364 0.385889 0.506091 0.445462 3.92382 3.48779 4.36949 1.08633 1.08329 1.02557 1.02557 1.02371 1.02004 0.295465 0.404738 1 0.000986304 0.00308105 0.0403847 44.3517 18.8221 4.30741 -23.1296 20.145 7.57021 25.481 -2.08775 0 0 0 0.519832 0.562929 9.60485e-05 -0.00217865 -0.00111229 0.580429 0.538965 0.620324 0.0721064 0.068467 0.0756325 0.0895034 0.0849547 0.0940085 0 0 0 0 0 0 0.499797 0.577191 -0.000138769 0.370058 8.95132 0 3.06128 0 3.37629 0 0.385889 1.08655 1.02557 1.0028 1 1 1.00356 1.00283 0.00240557 0.003096 0
500 11.3636 113.636 0.37406 0.491136 0.432087 3.76635 3.33105 4.21135 1.02931 1.02643 0.973079 0.973079 0.971341 0.96795 0.280623 0.405658 1 0.000986304 0.00312286 0.040843 44.1577 18.3274 4.20143 -22.5288 19.6172 7.37886 24.8232 -2.00817 0 0 0 0.520905 0.56372 0.000142131 -0.00221143 -0.00107121 0.571732 0.530173 0.61181 0.0736983 0.0699475 0.0773289 0.0914667 0.086777 0.0961107 0 0 0 0 0 0 0.499797 0.577191 -0.000212748 0.369594 8.71324 0 3.00872 0 3.31729 0 0.37406 1.02952 0.973079 1.0028 1 1 1.00356 1.00285 0.00232116 0.0029882 0
510 11.5909 115.909 0.362764 0.476727 0.419251 3.61459 3.18113 4.05759 0.975643 0.972914 0.923577 0.923577 0.92196 0.918823 0.266609 0.407022 1 0.000986304 0.00316495 0.0413089 43.9773 17.8486 4.09861 -21.9472 19.106 7.19408 24.1865 -1.93082 0 0 0 0.521504 0.564233 0.000189712 -0.00224326 -0.0010296 0.563222 0.52157 0.603491 0.075263 0.0714009 0.0789983 0.0933962 0.0885655 0.0981796 0 0 0 0 0 0 0.499797 0.577191 -0.000121479 0.369157 8.48304 0 2.95638 0 3.25865 0 0.362764 0.975838 0.923577 1.00281 1 1 1.00356 1.00288 0.00223977 0.00288416 0
520 11.8182 118.182 0.351976 0.462849 0.406935 3.46818 3.03798 3.90802 0.925166 0.922576 0.876921 0.876921 0.875416 0.872514 0.253379 0.408687 1 0.000986304 0.00320727 0.0417807 43.8085 17.3864 3.99845 -21.3849 18.6123 7.01516 23.57 -1.85393 0 0 0 0.522069 0.564555 0.000235986 -0.00227238 -0.000986577 0.554897 0.513157 0.595364 0.0768011 0.0728278 0.0806412 0.0952924 0.090321 0.100216 0 0 0 0 0 0 0.499797 0.577191 -0.00011796 0.368678 8.26067 0 2.90383 0 3.19976 0 0.351976 0.925347 0.876921 1.00281 1 1 1.00357 1.0029 0.00216188 0.00278474 0
530 12.0455 120.455 0.341676 0.449482 0.395117 3.3279 2.90048 3.76434 0.877819 0.875361 0.832953 0.832953 0.831553 0.828865 0.240867 0.410531 1 0.000986304 0.00324967 0.042256 43.6489 16.9394 3.90149 -20.8409 18.1347 6.84295 22.9737 -1.78185 0 0 0 0.522712 0.565111 0.000277829 -0.00230225 -0.00094266 0.546751 0.504931 0.587427 0.0783131 0.0742288 0.0822582 0.0971561 0.0920442 0.10222 0 0 0 0 0 0 0.499797 0.577191 2.98184e-05 0.368034 8.04651 0 2.85292 0 3.14291 0 0.341676 0.877989 0.832953 1.00281 1 1 1.00357 1.00292 0.00208599 0.00268724 0
540 12.2727 122.727 0.331837 0.436608 0.383776 3.19362 2.77041 3.62523 0.833284 0.83095 0.791524 0.791524 0.79022 0.787731 0.229062 0.412531 1 0.000986304 0.00329225 0.0427366 43.5002 16.5074 3.80802 -20.3155 17.6727 6.67603 22.3977 -1.71135 0 0 0 0.523565 0.565795 0.000318121 -0.00232754 -0.000896972 0.538785 0.496892 0.579678 0.0797993 0.0756044 0.0838497 0.0989879 0.0937358 0.104193 0 0 0 0 0 0 0.499797 0.577191 -3.13516e-05 0.367606 7.83974 0 2.8024 0 3.08656 0 0.331837 0.833443 0.791524 1.00281 1 1 1.00357 1.00294 0.00201408 0.00259514 0
550 12.5 125 0.322442 0.424208 0.372893 3.06469 2.6457 3.4918 0.791499 0.789282 0.752493 0.752493 0.751279 0.748973 0.217906 0.414334 1 0.000986304 0.00333487 0.0432199 43.3598 16.0906 3.71703 -19.8076 17.2272 6.51552 21.8401 -1.64249 0 0 0 0.524186 0.566288 0.00035484 -0.00234928 -0.000849192 0.530992 0.489035 0.572109 0.0812605 0.0769551 0.0854163 0.100788 0.0953963 0.106135 0 0 0 0 0 0 0.499797 0.577191 -0.000154199 0.36709 7.64065 0 2.75241 0 3.03077 0 0.322442 0.791647 0.752493 1.00281 1 1 1.00357 1.00296 0.00194405 0.00250565 0
560 12.7273 127.273 0.313469 0.412267 0.362449 2.94112 2.52686 3.36275 0.752198 0.750091 0.715719 0.715719 0.714587 0.712442 0.20738 0.416584 1 0.000986304 0.0033776 0.0437084 43.2301 15.6873 3.63029 -19.3176 16.7959 6.35962 21.3022 -1.57691 0 0 0 0.524873 0.566947 0.000388663 -0.00236878 -0.000800547 0.523373 0.481354 0.564722 0.082697 0.0782813 0.0869587 0.102558 0.0970266 0.108047 0 0 0 0 0 0 0.499797 0.577191 -0.000183658 0.366773 7.44854 0 2.70341 0 2.97619 0 0.313469 0.752336 0.715719 1.00281 1 1 1.00357 1.00297 0.00187817 0.00242039 0
570 12.9545 129.545 0.304892 0.400765 0.352423 2.82332 2.41524 3.23871 0.71524 0.713237 0.68105 0.68105 0.679995 0.678002 0.197439 0.418685 1 0.000986304 0.00342041 0.0442003 43.1091 15.298 3.54656 -18.8446 16.3792 6.20816 20.7825 -1.51547 0 0 0 0.52583 0.567801 0.000421534 -0.00238949 -0.000752747 0.515923 0.473852 0.557511 0.0841094 0.0795838 0.0884772 0.104298 0.0986271 0.10993 0 0 0 0 0 0 0.499797 0.577191 -6.37572e-05 0.366342 7.26325 0 2.65554 0 2.92311 0 0.304892 0.715369 0.68105 1.00281 1 1 1.00357 1.00299 0.0018139 0.0023383 0
580 13.1818 131.818 0.29669 0.389686 0.342795 2.71126 2.30972 3.12006 0.68039 0.678485 0.648337 0.648337 0.647354 0.645503 0.188055 0.420783 1 0.000986304 0.00346339 0.0446989 42.9994 14.9208 3.46656 -18.3873 15.9756 6.06194 20.28 -1.45547 0 0 0 0.526713 0.568524 0.000445914 -0.00240518 -0.000705137 0.508635 0.466523 0.55047 0.0854982 0.0808629 0.0899724 0.106009 0.100199 0.111785 0 0 0 0 0 0 0.499797 0.577191 -9.63497e-05 0.365923 7.08409 0 2.60848 0 2.87087 0 0.29669 0.680511 0.648337 1.00281 1 1 1.00357 1.00301 0.00175089 0.00225773 0
590 13.4091 134.091 0.288847 0.379014 0.33355 2.60323 2.2087 3.00524 0.647512 0.645699 0.617485 0.617485 0.616569 0.614852 0.179207 0.422522 1 0.000986304 0.00350654 0.0452039 42.9009 14.5566 3.38876 -17.9454 15.5864 5.92023 19.794 -1.39889 0 0 0 0.527033 0.568674 0.000466721 -0.00241852 -0.000656014 0.50151 0.459364 0.543599 0.0868638 0.0821191 0.0914448 0.107691 0.101742 0.113611 0 0 0 0 0 0 0.499797 0.577191 -6.43495e-05 0.365362 6.91081 0 2.5621 0 2.81964 0 0.288847 0.647626 0.617485 1.00281 1 1 1.00357 1.00303 0.00169091 0.00218095 0
600 13.6364 136.364 0.281339 0.368732 0.324669 2.501 2.11402 2.8954 0.616473 0.614747 0.588355 0.588355 0.587499 0.585901 0.170851 0.423867 1 0.000986304 0.00354987 0.0457159 42.8135 14.2046 3.31345 -17.5181 15.2102 5.78219 19.3237 -1.34507 0 0 0 0.52737 0.569069 0.000487354 -0.00242988 -0.00060547 0.494543 0.45237 0.536891 0.0882066 0.0833527 0.0928948 0.109345 0.103257 0.115409 0 0 0 0 0 0 0.499797 0.577191 -0.000148095 0.365077 6.74314 0 2.51705 0 2.76988 0 0.281339 0.61658 0.588355 1.00281 1 1 1.00357 1.00304 0.00163342 0.00210718 0
610 13.8636 138.636 0.274156 0.358828 0.316137 2.40255 2.02294 2.78898 0.587154 0.585511 0.560842 0.560842 0.560045 0.558558 0.16296 0.425392 1 0.000986304 0.00359337 0.0462351 42.7374 13.8646 3.24032 -17.1049 14.8464 5.64815 18.8688 -1.29329 0 0 0 0.528023 0.569588 0.000504235 -0.00243475 -0.000554981 0.487733 0.445538 0.530346 0.0895271 0.0845645 0.0943229 0.110971 0.104745 0.117181 0 0 0 0 0 0 0.499797 0.577191 -0.000169917 0.364738 6.58085 0 2.47246 0 2.72054 0 0.274156 0.587254 0.560842 1.00281 1 1 1.00357 1.00306 0.00157745 0.00203539 0
620 14.0909 140.909 0.267277 0.349287 0.30794 2.30843 1.93698 2.68669 0.559413 0.557849 0.534862 0.534862 0.534118 0.532735 0.155519 0.426368 1 0.000986304 0.00363711 0.0467627 42.6734 13.5361 3.169 -16.7051 14.495 5.51894 18.4284 -1.24394 0 0 0 0.528514 0.570007 0.000519245 -0.00243686 -0.000505962 0.48108 0.438867 0.523957 0.0908257 0.0857548 0.0957295 0.11257 0.106207 0.118927 0 0 0 0 0 0 0.499797 0.577191 -0.000146559 0.364555 6.42351 0 2.42872 0 2.67248 0 0.267277 0.559508 0.534862 1.00281 1 1 1.00356 1.00307 0.001524 0.00196681 0
630 14.3182 143.182 0.260687 0.340095 0.300061 2.21863 1.85569 2.58832 0.533178 0.531687 0.510306 0.510306 0.509611 0.508319 0.148489 0.427368 1 0.000986304 0.00368105 0.0472988 42.6212 13.218 3.10074 -16.3187 14.1545 5.39399 18.0025 -1.19636 0 0 0 0.529215 0.570619 0.000533707 -0.00243549 -0.000455469 0.474579 0.432353 0.517723 0.092103 0.0869239 0.0971152 0.114142 0.107643 0.120646 0 0 0 0 0 0 0.499797 0.577191 -0.000157845 0.364245 6.27108 0 2.386 0 2.62533 0 0.260687 0.533266 0.510306 1.0028 1 1 1.00356 1.00309 0.00147292 0.00190101 0
640 14.5455 145.455 0.254375 0.331238 0.292487 2.13268 1.77751 2.49415 0.508429 0.507008 0.487093 0.487093 0.486445 0.48524 0.141834 0.428297 1 0.000986304 0.00372504 0.0478397 42.5776 12.9109 3.03462 -15.9455 13.8254 5.27253 17.5903 -1.15137 0 0 0 0.529848 0.571126 0.000547387 -0.00243078 -0.000403507 0.468228 0.425991 0.511636 0.0933593 0.0880726 0.0984804 0.115689 0.109053 0.122341 0 0 0 0 0 0 0.499797 0.577191 -0.000235368 0.363935 6.12381 0 2.34432 0 2.57934 0 0.254375 0.508511 0.487093 1.0028 1 1 1.00356 1.0031 0.00142271 0.00183688 0
650 14.7727 147.727 0.248326 0.322705 0.285207 2.05018 1.70334 2.40308 0.484971 0.483616 0.465155 0.465155 0.464549 0.463422 0.135557 0.429001 1 0.000986304 0.00376929 0.0483904 42.5465 12.6143 2.96985 -15.5841 13.5073 5.15508 17.1914 -1.10718 0 0 0 0.530228 0.571349 0.000558425 -0.00242309 -0.000350897 0.462024 0.419779 0.505697 0.0945951 0.0892011 0.0998255 0.117211 0.110438 0.124011 0 0 0 0 0 0 0.499797 0.577191 -0.000177063 0.363457 5.98088 0 2.30283 0 2.53364 0 0.248326 0.485048 0.465155 1.0028 1 1 1.00356 1.00311 0.00137616 0.00177676 0
660 15 150 0.242529 0.314483 0.278208 1.97082 1.63242 2.31515 0.462867 0.461575 0.444429 0.444429 0.443863 0.44281 0.129616 0.429775 1 0.000986304 0.0038135 0.0489439 42.5219 12.3273 2.90732 -15.2347 13.1996 5.04152 16.8059 -1.06466 0 0 0 0.530516 0.571572 0.00056645 -0.00241465 -0.00029906 0.455966 0.413715 0.499901 0.0958108 0.09031 0.101151 0.118707 0.111799 0.125657 0 0 0 0 0 0 0.499797 0.577191 -0.000168869 0.363224 5.84299 0 2.26207 0 2.48866 0 0.242529 0.462939 0.444429 1.0028 1 1 1.00356 1.00313 0.00133005 0.00171775 0
670 15.2273 152.273 0.236971 0.306562 0.271479 1.89499 1.56518 2.23069 0.441989 0.440756 0.424849 0.424849 0.424319 0.423334 0.124003 0.430562 1 0.000986304 0.00385775 0.0495026 42.5056 12.0503 2.84621 -14.8965 12.9025 4.93233 16.433 -1.02465 0 0 0 0.531017 0.571965 0.000569677 -0.00240543 -0.000247599 0.450053 0.407794 0.494246 0.0970067 0.0913996 0.102457 0.12018 0.113137 0.127279 0 0 0 0 0 0 0.499797 0.577191 -0.000105953 0.362851 5.7097 0 2.22237 0 2.44505 0 0.236971 0.442057 0.424849 1.0028 1 1 1.00355 1.00314 0.00128676 0.00166206 0
680 15.4545 154.545 0.23164 0.298929 0.265007 1.82259 1.50115 2.14949 0.422264 0.421087 0.406342 0.406342 0.405847 0.404926 0.118696 0.431285 1 0.000986304 0.00390203 0.0500664 42.4976 11.7822 2.78807 -14.5702 12.6148 4.82679 16.0731 -0.986308 0 0 0 0.531218 0.572145 0.000568693 -0.00239451 -0.00019658 0.44428 0.402014 0.488731 0.0981835 0.0924704 0.103745 0.121628 0.114451 0.128878 0 0 0 0 0 0 0.499797 0.577191 -3.17528e-06 0.362422 5.58085 0 2.18347 0 2.4023 0 0.23164 0.422328 0.406342 1.0028 1 1 1.00355 1.00315 0.00124455 0.00160806 0
690 15.6818 156.818 0.226526 0.291571 0.258779 1.75363 1.44037 2.07196 0.403604 0.402479 0.38884 0.38884 0.388376 0.387515 0.113678 0.431514 1 0.000986304 0.00394637 0.0506356 42.4977 11.5232 2.73139 -14.2546 12.3373 4.72515 15.7244 -0.949684 0 0 0 0.531635 0.572385 0.000566004 -0.00238296 -0.000143696 0.438641 0.39637 0.483349 0.0993414 0.0935226 0.105014 0.123054 0.115742 0.130454 0 0 0 0 0 0 0.499797 0.577191 2.6745e-05 0.362222 5.45615 0 2.1456 0 2.36056 0 0.226526 0.403665 0.38884 1.00279 1 1 1.00355 1.00316 0.00120513 0.00155696 0
700 15.9091 159.091 0.221616 0.284479 0.252788 1.68721 1.38247 1.99692 0.386005 0.38493 0.372286 0.372286 0.371851 0.371043 0.108921 0.432198 1 0.000986304 0.0039906 0.0512062 42.5023 11.2727 2.67698 -13.9497 12.0684 4.62657 15.3878 -0.914176 0 0 0 0.531926 0.572581 0.000561734 -0.00237041 -9.10903e-05 0.433137 0.390862 0.478099 0.100481 0.0945568 0.106265 0.124456 0.117011 0.132008 0 0 0 0 0 0 0.499797 0.577191 0.000109062 0.362055 5.33587 0 2.10788 0 2.31915 0 0.221616 0.386061 0.372286 1.00279 1 1 1.00355 1.00317 0.00116701 0.00150762 0
710 16.1364 161.364 0.216901 0.277644 0.247022 1.62375 1.32773 1.92483 0.369369 0.368341 0.356627 0.356627 0.356219 0.35546 0.10442 0.432677 1 0.000986304 0.00403478 0.0517804 42.5134 11.0308 2.62359 -13.6544 11.809 4.53096 15.0621 -0.880586 0 0 0 0.532249 0.572954 0.000554576 -0.00235723 -3.85889e-05 0.427764 0.385485 0.472977 0.101602 0.0955734 0.107498 0.125837 0.118259 0.133541 0 0 0 0 0 0 0.499797 0.577191 0.000191584 0.361696 5.21962 0 2.07143 0 2.27918 0 0.216901 0.369422 0.356627 1.00279 1 1 1.00355 1.00318 0.0011304 0.0014607 0
720 16.3636 163.636 0.21237 0.271054 0.24147 1.56341 1.27594 1.85582 0.353628 0.352644 0.341802 0.341802 0.341419 0.340706 0.100156 0.433242 1 0.000986304 0.00407895 0.0523578 42.5299 10.7968 2.57252 -13.3693 11.5579 4.43874 14.7473 -0.848665 0 0 0 0.532896 0.573374 0.000545966 -0.0023419 1.36875e-05 0.422516 0.38024 0.46798 0.102706 0.0965727 0.108714 0.127196 0.119485 0.135053 0 0 0 0 0 0 0.499797 0.577191 0.000316266 0.361468 5.1072 0 2.0356 0 2.23997 0 0.21237 0.353678 0.341802 1.00279 1 1 1.00354 1.00319 0.00109556 0.00141566 0
730 16.5909 165.909 0.208016 0.2647 0.236124 1.50529 1.22614 1.78918 0.338756 0.337814 0.327771 0.327771 0.327411 0.326742 0.0961163 0.433775 1 0.000986304 0.00412299 0.0529365 42.5508 10.5704 2.52359 -13.094 11.3149 4.34972 14.4432 -0.817262 0 0 0 0.533384 0.573734 0.000535893 -0.00232587 6.47269e-05 0.417394 0.375119 0.463108 0.103792 0.0975552 0.109913 0.128533 0.120691 0.136544 0 0 0 0 0 0 0.499797 0.577191 0.00029712 0.361121 4.99866 0 2.00021 0 2.20116 0 0.208016 0.338804 0.327771 1.00279 1 1 1.00354 1.0032 0.00106165 0.00137194 0
740 16.8182 168.182 0.203832 0.258573 0.230977 1.44955 1.17826 1.72545 0.324669 0.323766 0.314487 0.314487 0.314148 0.313518 0.0922927 0.434034 1 0.000986304 0.004167 0.0535201 42.579 10.3519 2.47558 -12.8275 11.0805 4.26375 14.1487 -0.787315 0 0 0 0.533566 0.573955 0.00052374 -0.00230877 0.000114439 0.412392 0.370121 0.458355 0.104862 0.0985213 0.111095 0.12985 0.121876 0.138014 0 0 0 0 0 0 0.499797 0.577191 0.000194033 0.360775 4.89362 0 1.96583 0 2.16345 0 0.203832 0.324713 0.314487 1.00279 1 1 1.00354 1.00321 0.00103026 0.00133122 0
750 17.0455 170.455 0.199809 0.252663 0.226018 1.39637 1.13277 1.66428 0.311339 0.310474 0.301907 0.301907 0.301588 0.300994 0.0886692 0.434583 1 0.000986304 0.0042109 0.0541052 42.6115 10.1405 2.42952 -12.57 10.8537 4.18025 13.8644 -0.758912 0 0 0 0.533875 0.574276 0.000511193 -0.00229003 0.00016441 0.407506 0.365245 0.453719 0.105914 0.0994712 0.112261 0.131146 0.123041 0.139465 0 0 0 0 0 0 0.499797 0.577191 0.000137201 0.360433 4.79211 0 1.93215 0 2.12665 0 0.199809 0.311381 0.301907 1.00279 1 1 1.00354 1.00322 0.00099973 0.00129168 0
760 17.2727 172.727 0.195938 0.246961 0.221239 1.34574 1.09014 1.60558 0.298733 0.297903 0.289985 0.289985 0.289685 0.289126 0.0852306 0.435354 1 0.000986304 0.00425464 0.0546898 42.6462 9.9362 2.38496 -12.3212 10.6341 4.09982 13.5895 -0.731853 0 0 0 0.534247 0.574503 0.00049639 -0.00227059 0.000213647 0.402736 0.360485 0.449196 0.106951 0.100405 0.113411 0.132422 0.124187 0.140897 0 0 0 0 0 0 0.499797 0.577191 0.000253195 0.360087 4.69409 0 1.89936 0 2.0907 0 0.195938 0.298771 0.289985 1.00278 1 1 1.00354 1.00323 0.000970073 0.00125327 0
770 17.5 175 0.192212 0.24146 0.216633 1.29715 1.0492 1.54924 0.286794 0.285998 0.278684 0.278684 0.278401 0.277875 0.0819688 0.436059 1 0.000986304 0.00429823 0.0552766 42.6857 9.73852 2.34175 -12.0803 10.4217 4.02215 13.3237 -0.7054 0 0 0 0.534808 0.574864 0.000480302 -0.00225126 0.000260557 0.398078 0.355839 0.444783 0.107971 0.101324 0.114546 0.133679 0.125314 0.142309 0 0 0 0 0 0 0.499797 0.577191 0.000221847 0.359825 4.59935 0 1.86682 0 2.05524 0 0.192212 0.286831 0.278684 1.00278 1 1 1.00354 1.00324 0.0009413 0.00121619 0
780 17.7273 177.273 0.188625 0.236152 0.212193 1.25037 1.01004 1.49475 0.27547 0.274706 0.267972 0.267972 0.267706 0.26721 0.0788785 0.436849 1 0.000986304 0.00434174 0.0558659 42.7301 9.54771 2.29951 -11.8472 10.2167 3.94682 13.0664 -0.680284 0 0 0 0.534891 0.574948 0.00046232 -0.00223034 0.000306542 0.39353 0.351307 0.440478 0.108976 0.102228 0.115666 0.134916 0.126423 0.143704 0 0 0 0 0 0 0.499797 0.577191 0.000193096 0.359469 4.50763 0 1.83503 0 2.02049 0 0.188625 0.275505 0.267972 1.00278 1 1 1.00353 1.00325 0.000914249 0.00118103 0
790 17.9545 179.545 0.185171 0.231029 0.207911 1.20575 0.972794 1.44254 0.264731 0.263997 0.257812 0.257812 0.257561 0.257093 0.0759471 0.437307 1 0.000986304 0.00438511 0.0564561 42.7781 9.36325 2.25875 -11.622 10.0186 3.87405 12.8175 -0.656767 0 0 0 0.534882 0.57493 0.000442757 -0.00220881 0.000350993 0.389091 0.346882 0.436278 0.109966 0.103116 0.11677 0.136135 0.127513 0.14508 0 0 0 0 0 0 0.499797 0.577191 5.95617e-05 0.359165 4.4189 0 1.80414 0 1.98685 0 0.185171 0.264765 0.257812 1.00278 1 1 1.00353 1.00326 0.000887991 0.00114716 0
800 18.1818 181.818 0.181841 0.226084 0.20378 1.16313 0.937643 1.39242 0.254559 0.253854 0.248168 0.248168 0.247931 0.247489 0.0731602 0.437807 1 0.000986304 0.00442827 0.0570464 42.8288 9.18504 2.21898 -11.404 9.82714 3.80354 12.5765 -0.634028 0 0 0 0.534937 0.574954 0.000421899 -0.00218796 0.000394873 0.384757 0.342565 0.43218 0.110941 0.103991 0.117861 0.137336 0.128586 0.146438 0 0 0 0 0 0 0.499797 0.577191 5.24488e-05 0.358818 4.33317 0 1.77391 0 1.95388 0 0.181841 0.254591 0.248168 1.00278 1 1 1.00353 1.00326 0.000862389 0.00111436 0
810 18.4091 184.091 0.178632 0.22131 0.199795 1.12223 0.903686 1.34442 0.244918 0.24424 0.239013 0.239013 0.23879 0.238372 0.0705116 0.438522 1 0.000986304 0.00447121 0.0576361 42.882 9.01245 2.18073 -11.1932 9.64157 3.73521 12.3437 -0.611798 0 0 0 0.53541 0.575277 0.000400305 -0.00216713 0.000437415 0.380526 0.338351 0.42818 0.111902 0.104851 0.118937 0.138518 0.129641 0.147779 0 0 0 0 0 0 0.499797 0.577191 -6.48559e-05 0.358501 4.25033 0 1.74418 0 1.92145 0 0.178632 0.244948 0.239013 1.00278 1 1 1.00353 1.00327 0.000837432 0.00108253 0
820 18.6364 186.364 0.175538 0.216699 0.195949 1.08308 0.871142 1.29846 0.235787 0.235134 0.230319 0.230319 0.230108 0.229713 0.0679915 0.439261 1 0.000986304 0.00451388 0.0582233 42.9361 8.84565 2.14326 -10.9889 9.46221 3.66898 12.1183 -0.591017 0 0 0 0.535999 0.575732 0.000379175 -0.00214578 0.000478249 0.376395 0.334237 0.424276 0.112848 0.105698 0.119999 0.139684 0.130679 0.149103 0 0 0 0 0 0 0.499797 0.577191 5.91385e-05 0.358239 4.17035 0 1.71528 0 1.8901 0 0.175538 0.235815 0.230319 1.00278 1 1 1.00353 1.00328 0.000813557 0.00105181 0
830 18.8636 188.636 0.172554 0.212246 0.192236 1.04559 0.840447 1.25405 0.227109 0.22648 0.222062 0.222062 0.221863 0.221489 0.0655993 0.440013 1 0.000986304 0.0045564 0.0588123 42.9942 8.68454 2.1071 -10.7916 9.28891 3.60448 11.9002 -0.570994 0 0 0 0.536044 0.575847 0.000357088 -0.00212495 0.000517061 0.372362 0.330222 0.420466 0.113781 0.106531 0.121048 0.140832 0.131701 0.15041 0 0 0 0 0 0 0.499797 0.577191 5.67673e-05 0.358029 4.09289 0 1.68678 0 1.85899 0 0.172554 0.227136 0.222062 1.00278 1 1 1.00353 1.00328 0.00079083 0.00102244 0
840 19.0909 190.909 0.169674 0.207944 0.188651 1.00953 0.810984 1.21131 0.218869 0.218263 0.214218 0.214218 0.214029 0.213675 0.0633256 0.4404 1 0.000986304 0.00459869 0.0593997 43.0539 8.52882 2.07175 -10.6006 9.12164 3.54209 11.689 -0.552104 0 0 0 0.536185 0.57597 0.000334542 -0.00210316 0.000554535 0.368426 0.326301 0.416747 0.114699 0.10735 0.122083 0.141963 0.132706 0.151702 0 0 0 0 0 0 0.499797 0.577191 0.000156591 0.357817 4.01795 0 1.65939 0 1.82914 0 0.169674 0.218894 0.214218 1.00277 1 1 1.00352 1.00329 0.00076901 0.000994297 0
850 19.3182 193.182 0.166893 0.203788 0.185188 0.975163 0.783139 1.17032 0.211054 0.21047 0.206755 0.206755 0.206576 0.206241 0.0611576 0.440925 1 0.000986304 0.00464067 0.0599846 43.1142 8.37792 2.03766 -10.4156 8.95943 3.48177 11.4845 -0.533691 0 0 0 0.536485 0.576192 0.000311274 -0.00208151 0.00059185 0.364584 0.322474 0.413117 0.115605 0.108157 0.123105 0.143078 0.133696 0.152977 0 0 0 0 0 0 0.499797 0.577191 0.000177439 0.357572 3.94557 0 1.63221 0 1.79951 0 0.166893 0.211078 0.206755 1.00277 1 1 1.00352 1.0033 0.000747675 0.000966856 0
860 19.5455 195.455 0.164207 0.199772 0.181842 0.942109 0.756391 1.13099 0.203621 0.203058 0.199656 0.199656 0.199487 0.199168 0.0590953 0.441396 1 0.000986304 0.00468246 0.0605691 43.1767 8.23174 2.0048 -10.2365 8.80239 3.42333 11.2866 -0.516224 0 0 0 0.536918 0.576554 0.000287577 -0.00206053 0.000628432 0.360833 0.318738 0.409572 0.116497 0.108951 0.124115 0.144176 0.13467 0.154237 0 0 0 0 0 0 0.499797 0.577191 0.000175142 0.357356 3.87547 0 1.60595 0 1.77096 0 0.164207 0.203643 0.199656 1.00277 1 1 1.00352 1.0033 0.000727671 0.000941154 0
870 19.7727 197.727 0.161611 0.195889 0.178608 0.91069 0.731122 1.09334 0.196562 0.196018 0.192893 0.192893 0.192733 0.19243 0.0571259 0.441763 1 0.000986304 0.00472394 0.0611505 43.2393 8.09034 1.97245 -10.0628 8.65044 3.36663 11.0945 -0.49973 0 0 0 0.537045 0.576662 0.000263993 -0.0020387 0.000663522 0.35717 0.31509 0.406111 0.117377 0.109733 0.125112 0.145259 0.135629 0.155481 0 0 0 0 0 0 0.499797 0.577191 5.8793e-05 0.357044 3.8077 0 1.58005 0 1.7429 0 0.161611 0.196583 0.192893 1.00277 1 1 1.00352 1.00331 0.000707925 0.000915443 0
880 20 200 0.159101 0.192136 0.175482 0.880361 0.706766 1.05684 0.189847 0.189323 0.186452 0.186452 0.1863 0.186012 0.0552486 0.442312 1 0.000986304 0.00476516 0.0617306 43.3035 7.95344 1.94129 -9.89473 8.50307 3.31153 10.9086 -0.483548 0 0 0 0.537115 0.5767 0.000240237 -0.00201624 0.000697731 0.353595 0.311528 0.402733 0.118244 0.110502 0.126097 0.146327 0.136573 0.156711 0 0 0 0 0 0 0.499797 0.577191 8.04797e-05 0.356867 3.7421 0 1.55458 0 1.71527 0 0.159101 0.189867 0.186452 1.00277 1 1 1.00352 1.00331 0.000689409 0.000891346 0
890 20.2273 202.273 0.156675 0.188508 0.17246 0.851145 0.68319 1.02175 0.183473 0.182967 0.180316 0.180316 0.180172 0.179898 0.0534556 0.442743 1 0.000986304 0.00480601 0.0623057 43.3666 7.82083 1.91108 -9.73191 8.36045 3.25801 10.7283 -0.467705 0 0 0 0.537269 0.576781 0.000215251 -0.00199397 0.00073129 0.350105 0.30805 0.399434 0.119099 0.11126 0.127069 0.147379 0.137503 0.157926 0 0 0 0 0 0 0.499797 0.577191 0.000110624 0.356687 3.67875 0 1.52956 0 1.68802 0 0.156675 0.183492 0.180316 1.00277 1 1 1.00352 1.00332 0.00067143 0.00086783 0
900 20.4545 204.545 0.154329 0.185 0.169537 0.82306 0.660668 0.987962 0.177403 0.176913 0.174468 0.174468 0.174332 0.174071 0.0517462 0.442791 1 0.000986304 0.0048466 0.0628782 43.4302 7.69263 1.88141 -9.57404 8.22259 3.20645 10.5534 -0.452817 0 0 0 0.537554 0.57702 0.000190711 -0.0019721 0.000764316 0.346699 0.304654 0.396214 0.119942 0.112006 0.128031 0.148417 0.138418 0.159127 0 0 0 0 0 0 0.499797 0.577191 8.1592e-05 0.356493 3.61738 0 1.50519 0 1.66157 0 0.154329 0.177421 0.174468 1.00277 1 1 1.00352 1.00332 0.000653701 0.000845023 0
910 20.6818 206.818 0.152059 0.181606 0.166709 0.796219 0.639224 0.955615 0.171611 0.171137 0.168891 0.168891 0.168761 0.168513 0.0501162 0.443221 1 0.000986304 0.00488699 0.0634512 43.4965 7.568 1.85304 -9.42104 8.08844 3.15625 10.3842 -0.43858 0 0 0 0.538059 0.577449 0.000165899 -0.00195059 0.000796576 0.343372 0.301338 0.393069 0.120773 0.11274 0.12898 0.149441 0.139319 0.160314 0 0 0 0 0 0 0.499797 0.577191 7.84017e-05 0.356331 3.55784 0 1.4814 0 1.63576 0 0.152059 0.171628 0.168891 1.00277 1 1 1.00352 1.00333 0.000637015 0.000823303 0
920 20.9091 209.091 0.149861 0.178324 0.163974 0.770385 0.618758 0.924335 0.166099 0.165641 0.163569 0.163569 0.163447 0.163211 0.0485584 0.443392 1 0.000986304 0.00492703 0.0640192 43.5616 7.44745 1.8252 -9.27265 7.95873 3.10747 10.2199 -0.424962 0 0 0 0.538272 0.577637 0.00014109 -0.00192863 0.000828719 0.340125 0.298099 0.389999 0.121593 0.113464 0.129919 0.15045 0.140207 0.161487 0 0 0 0 0 0 0.499797 0.577191 8.66176e-05 0.356057 3.50024 0 1.45804 0 1.6104 0 0.149861 0.166116 0.163569 1.00277 1 1 1.00351 1.00333 0.000620894 0.000802188 0
930 21.1364 211.364 0.147734 0.175148 0.161326 0.745573 0.599094 0.89434 0.160849 0.160405 0.158489 0.158489 0.158373 0.158149 0.0470688 0.443441 1 0.000986304 0.00496675 0.0645835 43.6266 7.33046 1.79834 -9.12881 7.83302 3.06042 10.0603 -0.4116 0 0 0 0.538281 0.577661 0.000116482 -0.00190743 0.000860014 0.336954 0.294937 0.387001 0.122401 0.114177 0.130846 0.151445 0.141081 0.162647 0 0 0 0 0 0 0.499797 0.577191 -7.62611e-06 0.355798 3.44448 0 1.4352 0 1.58557 0 0.147734 0.160865 0.158489 1.00277 1 1 1.00351 1.00334 0.000605339 0.000781844 0
940 21.3636 213.636 0.145673 0.172074 0.158763 0.721791 0.580298 0.865512 0.155848 0.155419 0.153638 0.153638 0.153527 0.153314 0.0456435 0.443495 1 0.000986304 0.00500612 0.0651447 43.6919 7.21709 1.77222 -8.98931 7.71115 3.01427 9.90568 -0.398969 0 0 0 0.538432 0.577822 9.14277e-05 -0.00188692 0.00088989 0.333856 0.291848 0.384074 0.123199 0.114879 0.131763 0.152427 0.141943 0.163794 0 0 0 0 0 0 0.499797 0.577191 2.14903e-05 0.355581 3.39052 0 1.41293 0 1.56145 0 0.145673 0.155864 0.153638 1.00276 1 1 1.00351 1.00334 0.000589849 0.000761887 0
950 21.5909 215.909 0.143677 0.169099 0.156281 0.698944 0.562196 0.837806 0.151058 0.150642 0.149 0.149 0.148895 0.148691 0.044283 0.443478 1 0.000986304 0.00504534 0.0657071 43.7604 7.10728 1.74663 -8.8539 7.59305 2.96926 9.75544 -0.386692 0 0 0 0.538683 0.57811 6.5634e-05 -0.00186687 0.000918412 0.33083 0.288833 0.381215 0.123985 0.115571 0.13267 0.153396 0.142791 0.164927 0 0 0 0 0 0 0.499797 0.577191 1.4911e-05 0.355395 3.338 0 1.39109 0 1.53776 0 0.143677 0.151073 0.149 1.00276 1 1 1.00351 1.00335 0.000575827 0.000743395 0
960 21.8182 218.182 0.141742 0.166219 0.153877 0.676915 0.544781 0.811107 0.146498 0.146095 0.144568 0.144568 0.144467 0.144273 0.0429788 0.443768 1 0.000986304 0.00508415 0.0662634 43.827 7.00046 1.72209 -8.72256 7.47816 2.92559 9.60984 -0.37494 0 0 0 0.538918 0.578301 4.13496e-05 -0.00184732 0.000945311 0.327874 0.285888 0.378423 0.124761 0.116252 0.133566 0.154352 0.143628 0.166049 0 0 0 0 0 0 0.499797 0.577191 -9.11024e-06 0.355189 3.28724 0 1.36965 0 1.51451 0 0.141742 0.146512 0.144568 1.00276 1 1 1.00351 1.00335 0.000561292 0.000724612 0
970 22.0455 220.455 0.139866 0.16343 0.151548 0.655688 0.528191 0.785286 0.142133 0.141741 0.14033 0.14033 0.140234 0.140048 0.0417331 0.443973 1 0.000986304 0.00512274 0.0668179 43.8947 6.89696 1.69814 -8.5951 7.3669 2.88333 9.46832 -0.363502 0 0 0 0.539256 0.578522 1.78417e-05 -0.001828 0.000971941 0.324987 0.283012 0.375696 0.125527 0.116924 0.134452 0.155295 0.144452 0.167158 0 0 0 0 0 0 0.499797 0.577191 -1.0842e-05 0.35503 3.23789 0 1.34862 0 1.49169 0 0.139866 0.142146 0.14033 1.00276 1 1 1.00351 1.00336 0.000548172 0.000707367 0
980 22.2727 222.727 0.138047 0.160729 0.149292 0.635327 0.512239 0.760522 0.137965 0.137585 0.136274 0.136274 0.136183 0.136005 0.0405393 0.443851 1 0.000986304 0.005161 0.0673699 43.9631 6.79653 1.67467 -8.47119 7.259 2.84202 9.33085 -0.352571 0 0 0 0.539498 0.578709 -4.77244e-06 -0.00180925 0.000998424 0.322167 0.280204 0.373032 0.126282 0.117585 0.135328 0.156225 0.145264 0.168255 0 0 0 0 0 0 0.499797 0.577191 6.06922e-06 0.354832 3.19007 0 1.32809 0 1.46945 0 0.138047 0.137978 0.136274 1.00276 1 1 1.00351 1.00336 0.000535138 0.000690375 0
990 22.5 225 0.136283 0.158114 0.147106 0.615688 0.496877 0.736528 0.133979 0.13361 0.132396 0.132396 0.132309 0.132139 0.0393977 0.444097 1 0.000986304 0.00519896 0.0679195 44.0322 6.69908 1.652 -8.35108 7.15413 2.80199 9.19756 -0.342054 0 0 0 0.539623 0.578758 -2.68572e-05 -0.00179124 0.001024 0.319413 0.277461 0.37043 0.127028 0.118238 0.136194 0.157144 0.146064 0.169341 0 0 0 0 0 0 0.499797 0.577191 -4.52579e-05 0.354707 3.14364 0 1.30771 0 1.44733 0 0.136283 0.133991 0.132396 1.00276 1 1 1.00351 1.00336 0.000522466 0.000673846 0
1000 22.7273 227.273 0.134571 0.155581 0.144987 0.59679 0.482158 0.713329 0.130156 0.129798 0.128686 0.128686 0.128603 0.128441 0.0383075 0.444534 1 0.000986304 0.00523672 0.0684675 44.1025 6.60468 1.62988 -8.23456 7.05244 2.76301 9.06821 -0.331933 0 0 0 0.539706 0.578823 -4.88527e-05 -0.00177447 0.00104853 0.316724 0.274783 0.367888 0.127764 0.11888 0.137051 0.15805 0.146853 0.170414 0 0 0 0 0 0 0.499797 0.577191 3.08602e-05 0.354569 3.09848 0 1.28811 0 1.42594 0 0.134571 0.130168 0.128686 1.00276 1 1 1.00351 1.00337 0.000510503 0.00065837 0
1010 22.9545 229.545 0.132909 0.153126 0.142932 0.578619 0.467814 0.6912 0.126498 0.12615 0.125134 0.125134 0.125055 0.124899 0.0372633 0.444892 1 0.000986304 0.00527418 0.0690133 44.1736 6.51295 1.60849 -8.12144 6.95372 2.72495 8.94263 -0.322113 0 0 0 0.539695 0.578816 -7.09208e-05 -0.00175836 0.00107248 0.314098 0.272168 0.365403 0.12849 0.119514 0.137899 0.158945 0.14763 0.171477 0 0 0 0 0 0 0.499797 0.577191 9.17846e-05 0.354369 3.05462 0 1.26875 0 1.40499 0 0.132909 0.126509 0.125134 1.00276 1 1 1.00351 1.00337 0.000498841 0.000643126 0
1020 23.1818 231.818 0.131297 0.150748 0.140939 0.561064 0.45408 0.669717 0.122991 0.122652 0.12173 0.12173 0.121655 0.121506 0.0362632 0.444974 1 0.000986304 0.00531138 0.0695562 44.2449 6.42391 1.58761 -8.01152 6.85797 2.68797 8.8205 -0.312535 0 0 0 0.539625 0.578801 -9.26608e-05 -0.00174317 0.00109599 0.311534 0.269614 0.362975 0.129207 0.120139 0.138737 0.159829 0.148397 0.172529 0 0 0 0 0 0 0.499797 0.577191 2.87321e-05 0.354237 3.01198 0 1.2495 0 1.38413 0 0.131297 0.123002 0.12173 1.00276 1 1 1.00351 1.00337 0.000487692 0.000628743 0
1030 23.4091 234.091 0.129732 0.148443 0.139007 0.544095 0.440716 0.649091 0.119641 0.119312 0.118472 0.118472 0.1184 0.118257 0.0353042 0.445298 1 0.000986304 0.00534817 0.0700934 44.3148 6.33738 1.56751 -7.90489 6.76486 2.65222 8.70206 -0.303201 0 0 0 0.539623 0.578799 -0.000113368 -0.00172816 0.00111825 0.309029 0.267119 0.360603 0.129915 0.120755 0.139567 0.160701 0.149153 0.173569 0 0 0 0 0 0 0.499797 0.577191 4.29065e-06 0.354127 2.97068 0 1.23091 0 1.3639 0 0.129732 0.119652 0.118472 1.00276 1 1 1.00351 1.00338 0.00047666 0.000614376 0
1040 23.6364 236.364 0.128213 0.146208 0.137133 0.527808 0.427791 0.629388 0.116425 0.116105 0.115351 0.115351 0.115282 0.115145 0.0343871 0.44564 1 0.000986304 0.00538472 0.07063 44.3866 6.25335 1.54795 -7.8013 6.67453 2.61747 8.58705 -0.294225 0 0 0 0.539727 0.578919 -0.000133921 -0.00171333 0.0011389 0.306581 0.264681 0.358284 0.130614 0.121362 0.140388 0.161562 0.149899 0.1746 0 0 0 0 0 0 0.499797 0.577191 -5.14326e-05 0.353968 2.93048 0 1.21253 0 1.344 0 0.128213 0.116435 0.115351 1.00276 1 1 1.00351 1.00338 0.000466187 0.000600787 0
1050 23.8636 238.636 0.126737 0.144041 0.135314 0.512118 0.41553 0.610217 0.113331 0.11302 0.112359 0.112359 0.112293 0.112162 0.0335101 0.445883 1 0.000986304 0.0054211 0.0711665 44.4605 6.17166 1.52906 -7.70072 6.5866 2.58378 8.47545 -0.285638 0 0 0 0.539808 0.579033 -0.000153802 -0.00169935 0.00115921 0.304191 0.2623 0.356017 0.131304 0.12196 0.141201 0.162413 0.150634 0.175619 0 0 0 0 0 0 0.499797 0.577191 -6.92793e-05 0.353736 2.89129 0 1.19467 0 1.32456 0 0.126737 0.113341 0.112359 1.00276 1 1 1.00351 1.00338 0.000456532 0.000588346 0
1060 24.0909 240.909 0.125303 0.14194 0.133549 0.497018 0.403743 0.591751 0.11037 0.110067 0.10949 0.10949 0.109427 0.109301 0.032668 0.446129 1 0.000986304 0.0054571 0.0716969 44.5325 6.0925 1.51033 -7.60283 6.50155 2.55077 8.36681 -0.277303 0 0 0 0.539871 0.579116 -0.000173015 -0.00168627 0.00117849 0.301855 0.259974 0.353802 0.131986 0.122551 0.142005 0.163253 0.151359 0.176629 0 0 0 0 0 0 0.499797 0.577191 -6.02734e-05 0.353579 2.85327 0 1.17713 0 1.30553 0 0.125303 0.11038 0.10949 1.00276 1 1 1.0035 1.00339 0.000446484 0.00057533 0
1070 24.3182 243.182 0.12391 0.139901 0.131836 0.48247 0.392238 0.574077 0.107518 0.107222 0.106738 0.106738 0.106677 0.106556 0.0318624 0.446436 1 0.000986304 0.00549293 0.0722282 44.6072 6.01557 1.49208 -7.50765 6.41891 2.51891 8.2612 -0.26939 0 0 0 0.53992 0.579171 -0.000191339 -0.00167365 0.00119764 0.299573 0.257701 0.351636 0.132659 0.123134 0.142801 0.164083 0.152074 0.177629 0 0 0 0 0 0 0.499797 0.577191 -2.535e-05 0.353375 2.81616 0 1.16007 0 1.28695 0 0.12391 0.107527 0.106738 1.00276 1 1 1.0035 1.00339 0.00043721 0.000563283 0
1080 24.5455 245.455 0.122557 0.137923 0.130173 0.468381 0.381166 0.556897 0.104776 0.104488 0.104099 0.104099 0.104041 0.103924 0.0310916 0.446653 1 0.000986304 0.00552853 0.0727577 44.6829 5.94085 1.47451 -7.41536 6.33855 2.48793 8.15874 -0.261663 0 0 0 0.539942 0.579152 -0.000208576 -0.00166194 0.00121586 0.297343 0.25548 0.349519 0.133324 0.123708 0.143589 0.164903 0.15278 0.178619 0 0 0 0 0 0 0.499797 0.577191 -8.46321e-06 0.353264 2.78001 0 1.14319 0 1.26859 0 0.122557 0.104784 0.104099 1.00276 1 1 1.0035 1.00339 0.000428543 0.000551974 0
1090 24.7727 247.727 0.121241 0.136005 0.128558 0.454835 0.370665 0.540266 0.102154 0.101873 0.101567 0.101567 0.101511 0.101398 0.0303498 0.446876 1 0.000986304 0.00556366 0.0732804 44.7565 5.86825 1.45745 -7.3257 6.26043 2.45772 8.05926 -0.254188 0 0 0 0.540088 0.579262 -0.00022447 -0.0016505 0.0012334 0.295165 0.25331 0.347449 0.133981 0.124275 0.14437 0.165713 0.153476 0.1796 0 0 0 0 0 0 0.499797 0.577191 8.00802e-06 0.353105 2.74501 0 1.12656 0 1.2506 0 0.121241 0.102162 0.101567 1.00276 1 1 1.0035 1.00339 0.000419623 0.000540402 0
1100 25 250 0.11996 0.134142 0.126989 0.441848 0.360543 0.524402 0.0996276 0.0993536 0.0991353 0.0991353 0.0990818 0.0989732 0.0296394 0.447215 1 0.000986304 0.0055986 0.0738025 44.8318 5.79775 1.44054 -7.23829 6.18452 2.42841 7.96253 -0.2471 0 0 0 0.540253 0.579389 -0.000240135 -0.00163933 0.00125015 0.293035 0.25119 0.345426 0.13463 0.124835 0.145143 0.166514 0.154163 0.180571 0 0 0 0 0 0 0.499797 0.577191 4.43155e-05 0.352912 2.71085 0 1.11058 0 1.23323 0 0.11996 0.0996356 0.0991353 1.00276 1 1 1.0035 1.0034 0.000411132 0.000529351 0
1110 25.2273 252.273 0.118714 0.132335 0.125464 0.429324 0.350841 0.509045 0.0971967 0.0969294 0.0967992 0.0967992 0.0967478 0.0966433 0.0289578 0.447327 1 0.000986304 0.00563328 0.074322 44.9073 5.72926 1.42406 -7.15332 6.11079 2.40009 7.86836 -0.240137 0 0 0 0.540496 0.579544 -0.000255114 -0.00162868 0.00126607 0.290953 0.249118 0.343448 0.135272 0.125386 0.145908 0.167305 0.154841 0.181533 0 0 0 0 0 0 0.499797 0.577191 -6.19058e-05 0.352816 2.67758 0 1.09467 0 1.21592 0 0.118714 0.0972044 0.0967992 1.00276 1 1 1.0035 1.0034 0.000402919 0.000518807 0
1120 25.4545 254.545 0.117502 0.13058 0.123983 0.417141 0.341407 0.494088 0.0948696 0.0946087 0.0945568 0.0945568 0.0945073 0.0944068 0.0283021 0.44739 1 0.000986304 0.00566751 0.0748331 44.9797 5.66267 1.40801 -7.07068 6.03921 2.37273 7.7768 -0.23345 0 0 0 0.540599 0.579665 -0.000269537 -0.00161814 0.00128149 0.288919 0.247094 0.341513 0.135907 0.125931 0.146666 0.168087 0.155511 0.182487 0 0 0 0 0 0 0.499797 0.577191 2.33147e-06 0.352747 2.64533 0 1.07909 0 1.19899 0 0.117502 0.094877 0.0945568 1.00276 1 1 1.0035 1.0034 0.000395101 0.000508693 0
1130 25.6818 256.818 0.116322 0.128876 0.122543 0.40548 0.332413 0.479782 0.0926299 0.0923752 0.0924017 0.0924017 0.0923541 0.0922573 0.0276726 0.447483 1 0.000986304 0.00570146 0.075342 45.0529 5.5979 1.39248 -6.99038 5.96962 2.34581 7.68788 -0.226988 0 0 0 0.540656 0.579718 -0.000284048 -0.00160768 0.00129645 0.28693 0.245116 0.339621 0.136534 0.126469 0.147417 0.168859 0.156171 0.183431 0 0 0 0 0 0 0.499797 0.577191 2.96786e-05 0.352682 2.61392 0 1.06387 0 1.18241 0 0.116322 0.0926371 0.0924017 1.00276 1 1 1.0035 1.0034 0.000387575 0.000498809 0
1140 25.9091 259.091 0.115172 0.127222 0.121143 0.394251 0.323852 0.465885 0.0904745 0.0902257 0.0903294 0.0903294 0.0902837 0.0901903 0.0270677 0.447627 1 0.000986304 0.00573512 0.0758493 45.1269 5.5349 1.37736 -6.91227 5.90189 2.3198 7.60138 -0.220793 0 0 0 0.540683 0.579757 -0.000297553 -0.00159818 0.0013105 0.284986 0.243184 0.33777 0.137153 0.126999 0.148161 0.169623 0.156823 0.184368 0 0 0 0 0 0 0.499797 0.577191 5.77969e-05 0.352507 2.58333 0 1.04898 0 1.16626 0 0.115172 0.0904814 0.0903294 1.00276 1 1 1.0035 1.00341 0.000380062 0.000489099 0
1150 26.1364 261.364 0.114051 0.125615 0.119781 0.383447 0.315418 0.452632 0.0883982 0.0881552 0.0883358 0.0883358 0.0882917 0.0882016 0.0264863 0.447742 1 0.000986304 0.0057685 0.0763526 45.2005 5.47371 1.3624 -6.83612 5.83608 2.29444 7.51715 -0.214701 0 0 0 0.540718 0.579794 -0.000309755 -0.00158943 0.00132423 0.283085 0.241295 0.33596 0.137766 0.127523 0.148898 0.170379 0.157467 0.185295 0 0 0 0 0 0 0.499797 0.577191 8.83074e-05 0.352342 2.55351 0 1.03438 0 1.1504 0 0.114051 0.0884049 0.0883358 1.00276 1 1 1.0035 1.00341 0.000372881 0.000479775 0
1160 26.3636 263.636 0.112961 0.124053 0.118457 0.372989 0.307143 0.439865 0.0864002 0.0861627 0.0864177 0.0864177 0.0863753 0.0862881 0.0259269 0.447628 1 0.000986304 0.00580157 0.0768509 45.2728 5.41421 1.34771 -6.76192 5.7722 2.26977 7.43511 -0.208797 0 0 0 0.540893 0.579957 -0.000320899 -0.00158146 0.00133697 0.281227 0.239449 0.334187 0.138372 0.12804 0.149629 0.171126 0.158103 0.186215 0 0 0 0 0 0 0.499797 0.577191 7.94793e-05 0.352233 2.52449 0 1.02019 0 1.13495 0 0.112961 0.0864068 0.0864177 1.00276 1 1 1.0035 1.00341 0.000366067 0.000470747 0
1170 26.5909 265.909 0.111898 0.122534 0.117168 0.36287 0.299195 0.427543 0.0844727 0.0842405 0.0845716 0.0845716 0.0845306 0.0844464 0.0253895 0.447578 1 0.000986304 0.00583438 0.0773483 45.3468 5.35634 1.3333 -6.68963 5.71007 2.2458 7.35526 -0.203146 0 0 0 0.540904 0.579947 -0.000331357 -0.00157296 0.00134905 0.279411 0.237645 0.332451 0.138971 0.128551 0.150352 0.171864 0.15873 0.187127 0 0 0 0 0 0 0.499797 0.577191 5.94934e-05 0.352062 2.49617 0 1.00612 0 1.11967 0 0.111898 0.0844791 0.0845716 1.00276 1 1 1.0035 1.00341 0.000359492 0.000462327 0
1180 26.8182 268.182 0.110863 0.121058 0.115914 0.353136 0.291652 0.41562 0.082623 0.0823959 0.0827933 0.0827933 0.0827539 0.0826726 0.0248704 0.44738 1 0.000986304 0.00586676 0.0778392 45.4187 5.29996 1.31944 -6.6194 5.64957 2.22256 7.27749 -0.197852 0 0 0 0.540872 0.579946 -0.000341603 -0.00156486 0.00136056 0.277635 0.23588 0.330751 0.139564 0.129055 0.15107 0.172595 0.15935 0.18803 0 0 0 0 0 0 0.499797 0.577191 7.21076e-05 0.351887 2.46869 0 0.99246 0 1.10485 0 0.110863 0.0826293 0.0827933 1.00276 1 1 1.0035 1.00341 0.000352808 0.000453554 0
1190 27.0455 270.455 0.109852 0.119624 0.114693 0.343727 0.284447 0.403999 0.08084 0.0806178 0.0810806 0.0810806 0.0810426 0.0809638 0.0243707 0.447068 1 0.000986304 0.00589885 0.0783257 45.4898 5.24506 1.30596 -6.55102 5.59073 2.19973 7.20183 -0.192696 0 0 0 0.541022 0.580103 -0.000350956 -0.00155811 0.00137167 0.275899 0.234155 0.329088 0.14015 0.129553 0.151781 0.173317 0.159963 0.188927 0 0 0 0 0 0 0.499797 0.577191 0.000116133 0.351759 2.44191 0 0.979083 0 1.09028 0 0.109852 0.0808461 0.0810806 1.00276 1 1 1.0035 1.00342 0.000346658 0.000445494 0
1200 27.2727 272.727 0.108867 0.118229 0.113505 0.33462 0.277366 0.39278 0.0791182 0.0789007 0.0794305 0.0794305 0.0793938 0.0793174 0.0238901 0.446967 1 0.000986304 0.00593068 0.0788101 45.5612 5.19167 1.29266 -6.48433 5.53341 2.17754 7.12819 -0.187662 0 0 0 0.541145 0.580155 -0.000359518 -0.00155154 0.00138231 0.274203 0.232469 0.327458 0.140729 0.130045 0.152486 0.174032 0.160568 0.189815 0 0 0 0 0 0 0.499797 0.577191 6.52726e-05 0.351677 2.41576 0 0.965902 0 1.07594 0 0.108867 0.079124 0.0794305 1.00276 1 1 1.0035 1.00342 0.000340556 0.000437656 0
1210 27.5 275 0.107907 0.116872 0.112348 0.325839 0.270494 0.382015 0.07746 0.0772471 0.0778403 0.0778403 0.0778048 0.0777309 0.0234266 0.446584 1 0.000986304 0.00596217 0.0792883 45.6308 5.13973 1.27965 -6.41937 5.47772 2.15582 7.05644 -0.182802 0 0 0 0.541165 0.580154 -0.000367328 -0.00154506 0.00139171 0.272545 0.23082 0.325862 0.141302 0.130531 0.153185 0.174739 0.161165 0.190696 0 0 0 0 0 0 0.499797 0.577191 4.8452e-05 0.351543 2.39032 0 0.953148 0 1.06205 0 0.107907 0.0774656 0.0778403 1.00276 1 1 1.0035 1.00342 0.000334631 0.000429861 0
1220 27.7273 277.273 0.10697 0.115552 0.111221 0.317429 0.2639 0.371728 0.0758624 0.0756539 0.0763072 0.0763072 0.0762729 0.0762012 0.0229797 0.446549 1 0.000986304 0.00599332 0.0797617 45.6993 5.08911 1.26707 -6.35618 5.42337 2.13466 6.98666 -0.17808 0 0 0 0.541017 0.580081 -0.000374592 -0.00153825 0.00140053 0.270923 0.229206 0.324299 0.14187 0.131011 0.153878 0.175439 0.161756 0.19157 0 0 0 0 0 0 0.499797 0.577191 8.06132e-05 0.351434 2.36554 0 0.940452 0 1.04826 0 0.10697 0.0758678 0.0763072 1.00276 1 1 1.0035 1.00342 0.000328907 0.000422502 0
1230 27.9545 279.545 0.106055 0.114268 0.110122 0.309256 0.257617 0.361671 0.0743252 0.074121 0.0748291 0.0748291 0.074796 0.0747263 0.0225481 0.446283 1 0.000986304 0.00602407 0.0802301 45.7666 5.0399 1.25471 -6.29461 5.37058 2.11412 6.9186 -0.173434 0 0 0 0.540914 0.58001 -0.000381663 -0.00153173 0.00140891 0.269338 0.227628 0.322767 0.142431 0.131485 0.154566 0.176132 0.162339 0.192437 0 0 0 0 0 0 0.499797 0.577191 8.67527e-05 0.351264 2.34145 0 0.928035 0 1.03477 0 0.106055 0.0743304 0.0748291 1.00276 1 1 1.0035 1.00342 0.000323159 0.00041514 0
1240 28.1818 281.818 0.105162 0.113018 0.109052 0.301327 0.251495 0.351966 0.0728428 0.0726426 0.073403 0.073403 0.073371 0.0733032 0.0221316 0.445974 1 0.000986304 0.00605448 0.0806918 45.8317 4.99197 1.24259 -6.23456 5.31922 2.09404 6.85227 -0.16912 0 0 0 0.54084 0.579965 -0.000388111 -0.0015254 0.00141705 0.267788 0.226084 0.321267 0.142986 0.131954 0.155247 0.176817 0.162916 0.193298 0 0 0 0 0 0 0.499797 0.577191 4.4667e-05 0.351194 2.31798 0 0.916004 0 1.02167 0 0.105162 0.0728478 0.073403 1.00276 1 1 1.0035 1.00342 0.000317784 0.000408157 0
1250 28.4091 284.091 0.10429 0.111802 0.108009 0.293687 0.245598 0.342552 0.0714129 0.0712166 0.0720265 0.0720265 0.0719956 0.0719297 0.0217294 0.445783 1 0.000986304 0.00608457 0.0811486 45.8955 4.94529 1.23075 -6.17604 5.26914 2.07434 6.78769 -0.16487 0 0 0 0.540899 0.580015 -0.00039392 -0.00151927 0.00142506 0.266271 0.224573 0.319797 0.143536 0.132417 0.155924 0.177495 0.163486 0.194151 0 0 0 0 0 0 0.499797 0.577191 -1.54856e-05 0.351077 2.29512 0 0.904099 0 1.0087 0 0.10429 0.0714177 0.0720265 1.00276 1 1 1.0035 1.00343 0.000312498 0.000401304 0
1260 28.6364 286.364 0.103438 0.110618 0.106993 0.286237 0.239743 0.333442 0.0700386 0.0698461 0.070699 0.070699 0.0706691 0.0706053 0.0213406 0.445741 1 0.000986304 0.0061142 0.0815983 45.9572 4.89973 1.2194 -6.11913 5.22022 2.05526 6.72492 -0.160716 0 0 0 0.540976 0.580026 -0.000398733 -0.0015136 0.00143314 0.264788 0.223095 0.318356 0.144081 0.132874 0.156594 0.178167 0.164049 0.194998 0 0 0 0 0 0 0.499797 0.577191 -8.36624e-06 0.350983 2.27293 0 0.89233 0 0.995881 0 0.103438 0.0700433 0.070699 1.00276 1 1 1.0035 1.00343 0.000307279 0.00039454 0
1270 28.8636 288.636 0.102607 0.109464 0.106002 0.279131 0.234221 0.324726 0.0687083 0.0685194 0.0694174 0.0694174 0.0693884 0.0693265 0.020966 0.445515 1 0.000986304 0.00614358 0.0820448 46.0185 4.8553 1.20834 -6.06364 5.17261 2.03678 6.66368 -0.156774 0 0 0 0.540965 0.579973 -0.000403158 -0.00150848 0.00144092 0.263337 0.22165 0.316944 0.144619 0.133326 0.15726 0.178832 0.164606 0.195838 0 0 0 0 0 0 0.499797 0.577191 1.91048e-05 0.350854 2.25124 0 0.881051 0 0.983614 0 0.102607 0.0687129 0.0694174 1.00276 1 1 1.0035 1.00343 0.000302413 0.00038831 0
1280 29.0909 290.909 0.101794 0.108341 0.105035 0.272271 0.228915 0.316328 0.0674219 0.0672365 0.0681794 0.0681794 0.0681513 0.0680912 0.0206043 0.44508 1 0.000986304 0.00617268 0.0824873 46.0792 4.81207 1.19753 -6.0096 5.12632 2.01883 6.60388 -0.152938 0 0 0 0.540948 0.57999 -0.000407009 -0.00150335 0.00144815 0.261917 0.220235 0.31556 0.145153 0.133773 0.15792 0.17949 0.165157 0.196672 0 0 0 0 0 0 0.499797 0.577191 -3.51558e-05 0.350699 2.23006 0 0.869873 0 0.971479 0 0.101794 0.0674264 0.0681794 1.00276 1 1 1.0035 1.00343 0.000297595 0.000382073 0
1290 29.3182 293.182 0.100999 0.107247 0.104092 0.265632 0.22377 0.308186 0.0661795 0.0659976 0.0669832 0.0669832 0.0669559 0.0668975 0.0202547 0.444743 1 0.000986304 0.00620145 0.0829243 46.1384 4.76984 1.18715 -5.95699 5.08104 2.00106 6.54576 -0.149156 0 0 0 0.540933 0.580007 -0.000409969 -0.00149807 0.00145477 0.260527 0.21885 0.314204 0.145681 0.134215 0.158575 0.180142 0.165702 0.197499 0 0 0 0 0 0 0.499797 0.577191 -2.82446e-05 0.35063 2.20942 0 0.858913 0 0.959539 0 0.100999 0.0661839 0.0669832 1.00276 1 1 1.0035 1.00343 0.000293013 0.000376104 0
1300 29.5455 295.455 0.100222 0.10618 0.103171 0.259192 0.218702 0.300309 0.0649847 0.0648061 0.0658276 0.0658276 0.0658012 0.0657443 0.019916 0.444626 1 0.000986304 0.00622976 0.0833535 46.195 4.7287 1.17697 -5.90568 5.03697 1.98379 6.48907 -0.145527 0 0 0 0.540963 0.580078 -0.00041233 -0.00149307 0.00146088 0.259166 0.217495 0.312874 0.146204 0.134652 0.159226 0.180788 0.16624 0.198321 0 0 0 0 0 0 0.499797 0.577191 -5.02271e-05 0.350587 2.18939 0 0.848132 0 0.947814 0 0.100222 0.064989 0.0658276 1.00276 1 1 1.0035 1.00343 0.00028842 0.0003702 0
