160 3.63636 36.3636 1.14421 1.16369 1.14468 0 0 0 5.22927 5.22105 4.85625 4.85625 4.84272 4.80807 1.38278 0.382697 1 0.0001 0.00207816 0.0317214 60.1547 41.2726 9.26299 -50.5356 44.0707 16.1916 55.39 -0.145327 0 0 0 0.553887 0.589461 -0.00226749 0.00295754 -0.000755013 0.883018 0.844515 0.91348 0.00251363 0.00240309 0.00260199 0.00313704 0.00300038 0.00324518 0 0 0 0 0 0 0.502362 0.579259 0.000189156 0.396512 19.8329 0 1.21728 0 1.49683 0 1.14421 5.23181 4.85625 1.00157 1 1.00003 1.002 1.00186 0.00606671 0.00776486 0
170 3.86364 38.6364 1.11809 1.16007 1.12063 6.77091 7.35498 1.01803 5.11711 5.10853 4.75345 4.75345 4.74025 4.70625 1.35376 0.383213 1 0.0001 0.00208962 0.0317005 59.4178 40.8608 9.10765 -49.9685 43.6361 15.992 54.7766 -0.302826 0 0 0 0.552303 0.588217 -0.00226999 0.00294256 -0.000754539 0.88165 0.843097 0.912152 0.00502444 0.00480327 0.00520125 0.0062705 0.00599702 0.00648687 0 0 0 0 0 0 0.502362 0.579259 0.000188764 0.395391 19.618 0 1.58002 0 1.87 0 1.11809 5.11956 4.75345 1.00168 1 1.00003 1.00213 1.00187 0.00599552 0.00767146 0
180 4.09091 40.9091 1.09194 1.15435 1.09636 6.83436 7.36425 1.61111 5.00253 4.99366 4.64701 4.64701 4.63418 4.6011 1.32341 0.383237 1 0.0001 0.00210164 0.0316854 58.6844 40.4224 8.95413 -49.3765 43.1742 15.7903 54.1388 -0.525631 0 0 0 0.547351 0.584347 -0.00227598 0.00290092 -0.000754575 0.879477 0.840849 0.91005 0.00753038 0.00719844 0.00779578 0.00939768 0.00898716 0.00972248 0 0 0 0 0 0 0.502362 0.579259 -0.000435297 0.394454 19.3962 0 1.92976 0 2.27261 0 1.09194 5.00488 4.64701 1.00178 1 1.00003 1.00226 1.00189 0.0059266 0.00758135 0
190 4.31818 43.1818 1.06555 1.14593 1.07164 6.96208 7.43143 2.37018 4.8835 4.8744 4.53485 4.53485 4.52243 4.4905 1.29108 0.382684 1 0.0001 0.00211447 0.0316803 57.9558 39.953 8.80036 -48.7534 42.6774 15.5781 53.4622 -0.819671 0 0 0 0.539513 0.578066 -0.00227118 0.00285647 -0.00075954 0.87623 0.837542 0.906978 0.0100289 0.00958601 0.0103831 0.0125151 0.0119673 0.0129488 0 0 0 0 0 0 0.502362 0.579259 -0.00103657 0.392987 19.1632 0 2.26764 0 2.66568 0 1.06555 4.88571 4.53485 1.00187 1 1.00003 1.00237 1.00191 0.00585326 0.00748804 0
200 4.54545 45.4545 1.03874 1.13453 1.04627 7.14369 7.55036 3.20946 4.75597 4.74672 4.41539 4.41539 4.40338 4.37274 1.25681 0.382098 1 0.0001 0.00212864 0.0316965 57.2459 39.4439 8.64376 -48.0876 42.134 15.3554 52.737 -1.13744 0 0 0 0.531638 0.571563 -0.00228343 0.00279236 -0.000767577 0.871808 0.833049 0.902802 0.0125168 0.0119628 0.0129603 0.0156186 0.0149333 0.0161619 0 0 0 0 0 0 0.502362 0.579259 -0.00154351 0.391636 18.9105 0 2.57469 0 3.02295 0 1.03874 4.75804 4.41539 1.00195 1 1.00003 1.00248 1.00194 0.00577977 0.00739463 0
210 4.77273 47.7273 1.01147 1.12018 1.02022 7.33653 7.67876 4.04268 4.61937 4.61003 4.28827 4.28827 4.2767 4.24745 1.22053 0.381491 1 0.0001 0.00214433 0.0317378 56.558 38.8905 8.4862 -47.3767 41.5424 15.1197 51.9579 -1.46879 0 0 0 0.526504 0.567098 -0.00231579 0.00270823 -0.000774834 0.866211 0.827359 0.897504 0.014991 0.0143255 0.0155242 0.0187038 0.0178806 0.0193577 0 0 0 0 0 0 0.502362 0.579259 -0.00190294 0.390531 18.6363 0 2.83455 0 3.31925 0 1.01147 4.62131 4.28827 1.00203 1 1.00003 1.00257 1.00196 0.00569705 0.007289 0
220 5 50 0.983727 1.10318 0.993496 7.52554 7.81226 4.78816 4.47398 4.46461 4.15398 4.15398 4.14286 4.11501 1.18243 0.381097 1 0.0001 0.00216166 0.0318048 55.8899 38.2929 8.32566 -46.6186 40.9008 14.8742 51.1263 -1.81138 0 0 0 0.523754 0.564922 -0.00233693 0.00263606 -0.000825317 0.85953 0.820594 0.891171 0.017448 0.0166708 0.0180717 0.0217663 0.020805 0.022532 0 0 0 0 0 0 0.502362 0.579259 -0.00244175 0.39019 18.34 0 3.05332 0 3.56411 0 0.983727 4.47577 4.15398 1.0021 1 1.00003 1.00267 1.002 0.00561006 0.0071767 0
230 5.22727 52.2727 0.955581 1.08389 0.966203 7.68565 7.92595 5.42942 4.3227 4.31335 4.01428 4.01428 4.0036 3.97711 1.14278 0.380792 1 0.0001 0.00218044 0.0318912 55.2293 37.6551 8.16224 -45.8173 40.2165 14.6221 50.2493 -2.12182 0 0 0 0.522441 0.564288 -0.0023653 0.00255017 -0.000893851 0.851902 0.812883 0.883897 0.0198849 0.0189956 0.0206 0.0248025 0.0237026 0.0256812 0 0 0 0 0 0 0.502362 0.579259 -0.00208158 0.3889 18.0266 0 3.23452 0 3.76324 0 0.955581 4.32436 4.01428 1.00217 1 1.00002 1.00275 1.00203 0.00551863 0.00705922 0
240 5.45455 54.5455 0.927203 1.06279 0.938533 7.79203 7.99124 5.9442 4.16945 4.16017 3.87134 3.87134 3.86111 3.83599 1.10193 0.381009 1 0.0001 0.00220031 0.031987 54.5621 36.9843 8.00083 -44.9851 39.4974 14.3657 49.3398 -2.39898 0 0 0 0.522407 0.564524 -0.00236932 0.00246927 -0.000936147 0.843482 0.804387 0.875826 0.0222993 0.0212975 0.0231063 0.0278088 0.0265702 0.0288019 0 0 0 0 0 0 0.502362 0.579259 -0.00206374 0.387401 17.7036 0 3.37466 0 3.91173 0 0.927203 4.17101 3.87134 1.00223 1 1.00002 1.00284 1.00206 0.00542144 0.00693282 0
250 5.68182 56.8182 0.898687 1.04029 0.91062 7.86011 8.03 6.33417 4.01541 4.00623 3.72697 3.72697 3.7172 3.69348 1.06052 0.381313 1 0.0001 0.00222121 0.0320905 53.8858 36.291 7.83779 -44.1287 38.7557 14.1074 48.404 -2.62644 0 0 0 0.523073 0.565336 -0.00235484 0.00238438 -0.0010076 0.834419 0.795235 0.867139 0.0246887 0.0235742 0.0255884 0.0307826 0.0294049 0.0318913 0 0 0 0 0 0 0.502362 0.579259 -0.00258868 0.38698 17.373 0 3.48392 0 4.02211 0 0.898687 4.01688 3.72697 1.00229 1 1.00002 1.00291 1.00209 0.00531883 0.00679961 0
260 5.90909 59.0909 0.870226 1.01674 0.882666 7.87198 8.01463 6.63133 3.86148 3.85243 3.58266 3.58266 3.57332 3.55094 1.01912 0.381444 1 0.0001 0.00224312 0.0322022 53.2061 35.5822 7.67524 -43.2574 37.9981 13.8417 47.4526 -2.81328 0 0 0 0.5237 0.566234 -0.00236802 0.00227666 -0.00108023 0.824828 0.785562 0.857927 0.0270514 0.025824 0.0280448 0.0337215 0.0322044 0.0349472 0 0 0 0 0 0 0.502362 0.579259 -0.00181425 0.385639 17.0363 0 3.56987 0 4.10621 0 0.870226 3.86285 3.58266 1.00235 1 1.00002 1.00298 1.00213 0.005216 0.00666665 0
270 6.13636 61.3636 0.841978 0.992453 0.854834 7.8376 7.9546 6.84022 3.70847 3.69958 3.43934 3.43934 3.43043 3.40937 0.978041 0.381882 1 0.0001 0.002266 0.0323227 52.5273 34.8628 7.51313 -42.3759 37.2291 13.5727 46.4896 -2.94751 0 0 0 0.525069 0.567592 -0.002349 0.00217188 -0.00112061 0.814815 0.77548 0.848301 0.029386 0.0280453 0.030474 0.0366237 0.034967 0.0379678 0 0 0 0 0 0 0.502362 0.579259 -0.000690988 0.384462 16.6949 0 3.63026 0 4.16118 0 0.841978 3.70976 3.43934 1.0024 1 1.00002 1.00305 1.00216 0.00511061 0.00653047 0
280 6.36364 63.6364 0.814108 0.967688 0.827292 7.7556 7.84831 6.9739 3.55688 3.54818 3.29775 3.29775 3.28926 3.26948 0.937546 0.382787 1 0.0001 0.00228985 0.0324539 51.8562 34.1385 7.34985 -41.4884 36.4529 13.2993 45.5199 -3.04215 0 0 0 0.526193 0.568756 -0.00233002 0.00204799 -0.00114373 0.804491 0.765077 0.838348 0.0316912 0.0302371 0.0328746 0.0394878 0.0376912 0.0409515 0 0 0 0 0 0 0.502362 0.579259 -0.00100217 0.383642 16.3497 0 3.67266 0 4.19517 0 0.814108 3.55809 3.29775 1.00245 1 1.00002 1.00312 1.00219 0.00500277 0.00639299 0
290 6.59091 65.9091 0.786723 0.942699 0.80017 7.6377 7.71153 7.03684 3.40807 3.39957 3.15889 3.15889 3.1508 3.13226 0.897867 0.384213 1 0.0001 0.00231453 0.0325925 51.1904 33.4095 7.1906 -40.6001 35.672 13.0283 44.5504 -3.09539 0 0 0 0.526744 0.569306 -0.00232179 0.00190934 -0.00114409 0.79396 0.754456 0.828144 0.0339659 0.0323984 0.0352456 0.0423126 0.040376 0.0438972 0 0 0 0 0 0 0.502362 0.579259 -0.000779541 0.382443 16.0037 0 3.69541 0 4.20801 0 0.786723 3.4092 3.15889 1.0025 1 1.00002 1.00318 1.00223 0.00489749 0.00625834 0
300 6.81818 68.1818 0.759974 0.917656 0.77362 7.47645 7.53253 7.05227 3.26308 3.25481 3.0234 3.0234 3.0157 2.99834 0.859106 0.38594 1 0.0001 0.0023399 0.0327374 50.5325 32.6832 7.03251 -39.7157 34.8944 12.7554 43.5837 -3.1096 0 0 0 0.527575 0.569737 -0.00229583 0.00173884 -0.00111556 0.78329 0.743695 0.817732 0.0362096 0.0345286 0.037586 0.0450973 0.0430205 0.0468039 0 0 0 0 0 0 0.502362 0.579259 -0.000641681 0.381495 15.6592 0 3.70523 0 4.20724 0 0.759974 3.26414 3.0234 1.00254 1 1.00002 1.00323 1.00226 0.00479024 0.00612218 0
310 7.04545 70.4545 0.733922 0.892703 0.747711 7.29609 7.33627 7.02652 3.12192 3.11387 2.89189 2.89189 2.88456 2.86832 0.821566 0.387902 1 0.0001 0.00236599 0.0328904 49.8872 31.9614 6.87856 -38.8399 34.1211 12.4846 42.6259 -3.10311 0 0 0 0.529137 0.571136 -0.00226517 0.00157869 -0.0010758 0.77253 0.73284 0.807186 0.0384216 0.0366272 0.0398955 0.0478417 0.0456242 0.0496709 0 0 0 0 0 0 0.502362 0.579259 -0.00056749 0.38101 15.3164 0 3.70513 0 4.19562 0 0.733922 3.1229 2.89189 1.00258 1 1.00001 1.00328 1.00229 0.00468425 0.00598705 0
320 7.27273 72.7273 0.708667 0.867987 0.722541 7.08779 7.11184 6.96004 2.98515 2.97735 2.76472 2.76472 2.75776 2.74259 0.785322 0.389612 1 0.0001 0.0023927 0.0330508 49.2567 31.247 6.72588 -37.9729 33.3569 12.2178 41.6784 -3.06393 0 0 0 0.530507 0.572455 -0.00223601 0.00140944 -0.00103618 0.761716 0.721973 0.796567 0.0406015 0.0386941 0.0421734 0.0505451 0.0481871 0.0524976 0 0 0 0 0 0 0.502362 0.579259 -6.46102e-05 0.38049 14.9769 0 3.69266 0 4.17082 0 0.708667 2.98608 2.76472 1.00262 1 1.00001 1.00333 1.00233 0.00457654 0.00584905 0
330 7.5 75 0.684216 0.843616 0.698131 6.87393 6.88538 6.86288 2.8528 2.84524 2.64196 2.64196 2.63534 2.62115 0.750405 0.391048 1 0.0001 0.00242004 0.0332197 48.6434 30.5407 6.57665 -37.1173 32.6013 11.9537 40.7439 -3.02524 0 0 0 0.53106 0.572755 -0.00218376 0.00122804 -0.000998772 0.7509 0.711114 0.785938 0.0427491 0.0407292 0.0444194 0.0532076 0.0507089 0.0552839 0 0 0 0 0 0 0.502362 0.579259 -0.000231325 0.379131 14.6409 0 3.6733 0 4.14107 0 0.684216 2.85366 2.64196 1.00265 1 1.00001 1.00337 1.00236 0.00447087 0.00571227 0
340 7.72727 77.2727 0.660569 0.819649 0.674492 6.65674 6.65903 6.74926 2.72443 2.71713 2.52348 2.52348 2.5172 2.50394 0.716826 0.392149 1 0.0001 0.00244812 0.0333998 48.0511 29.8425 6.4292 -36.2717 31.8554 11.6922 39.8214 -2.98003 0 0 0 0.532098 0.57353 -0.0021397 0.00103037 -0.000939554 0.740116 0.700271 0.775336 0.0448646 0.0427323 0.0466335 0.0558291 0.0531897 0.0580298 0 0 0 0 0 0 0.502362 0.579259 -0.000341535 0.378624 14.3074 0 3.64887 0 4.10644 0 0.660569 2.72523 2.52348 1.00269 1 1.00001 1.00341 1.00239 0.00436628 0.00557769 0
350 7.95455 79.5455 0.637758 0.796154 0.651655 6.43081 6.4235 6.61618 2.6003 2.59326 2.40928 2.40928 2.40332 2.39096 0.684552 0.393017 1 0.0001 0.00247688 0.033591 47.4809 29.1533 6.2843 -35.4376 31.1181 11.4387 38.9116 -2.91028 0 0 0 0.532862 0.574226 -0.00208907 0.000815993 -0.000868656 0.72941 0.689475 0.764783 0.0469481 0.0447033 0.0488156 0.0584098 0.0556296 0.0607352 0 0 0 0 0 0 0.502362 0.579259 -0.000872253 0.377903 13.9775 0 3.61624 0 4.06244 0 0.637758 2.60106 2.40928 1.00272 1 1.00001 1.00345 1.00242 0.00426129 0.00544326 0
360 8.18182 81.8182 0.615793 0.773182 0.629629 6.2024 6.18549 6.46884 2.4808 2.47401 2.29953 2.29953 2.29388 2.28234 0.653572 0.393591 1 0.0001 0.00250623 0.0337916 46.9312 28.4767 6.14067 -34.6174 30.3947 11.1867 38.0161 -2.84147 0 0 0 0.533043 0.574445 -0.00205512 0.000606233 -0.000800079 0.718817 0.678732 0.754314 0.0489998 0.0466422 0.0509657 0.0609499 0.0580288 0.0634003 0 0 0 0 0 0 0.502362 0.579259 -0.00108892 0.377437 13.6524 0 3.58012 0 4.01712 0 0.615793 2.4815 2.29953 1.00274 1 1.00001 1.00348 1.00246 0.00415658 0.00531141 0
370 8.40909 84.0909 0.594645 0.750749 0.608397 5.97897 5.95518 6.31719 2.36574 2.35921 2.19413 2.19413 2.18876 2.17799 0.623877 0.393945 1 0.0001 0.00253621 0.0340026 46.4028 27.8126 5.99997 -33.8125 29.6834 10.9369 37.1364 -2.77233 0 0 0 0.533849 0.575174 -0.00201846 0.000395757 -0.000740956 0.708318 0.668055 0.743967 0.0510199 0.0485492 0.0530839 0.0634498 0.0603874 0.0660256 0 0 0 0 0 0 0.502362 0.579259 -0.000803252 0.376728 13.3318 0 3.54396 0 3.97067 0 0.594645 2.3664 2.19413 1.00277 1 1.00001 1.00352 1.00249 0.00405525 0.00518148 0
380 8.63636 86.3636 0.574328 0.728909 0.587976 5.75069 5.72124 6.15003 2.25564 2.24937 2.09319 2.09319 2.08811 2.07808 0.595431 0.394199 1 0.0001 0.00256665 0.0342205 45.892 27.1634 5.86045 -33.0239 28.9884 10.6867 36.2737 -2.68906 0 0 0 0.534509 0.575564 -0.00198558 0.000205238 -0.000693115 0.69794 0.657499 0.733753 0.0530089 0.0504244 0.0551707 0.0659099 0.0627057 0.0686113 0 0 0 0 0 0 0.502362 0.579259 -0.00143332 0.376047 13.0178 0 3.50061 0 3.91695 0 0.574328 2.25625 2.09319 1.00279 1 1.00001 1.00354 1.00252 0.00395299 0.00504978 0
390 8.86364 88.6364 0.55482 0.707674 0.56834 5.52951 5.4934 5.97995 2.15037 2.14435 1.9967 1.9967 1.99189 1.98254 0.56824 0.394086 1 0.0001 0.00259754 0.0344454 45.3986 26.5281 5.72349 -32.2516 28.3085 10.4411 35.4293 -2.60276 0 0 0 0.535024 0.575855 -0.00194561 3.96213e-05 -0.000624205 0.687707 0.647076 0.723671 0.054967 0.0522683 0.0572262 0.0683306 0.0649843 0.0711581 0 0 0 0 0 0 0.502362 0.579259 -0.00139191 0.375133 12.7103 0 3.45497 0 3.86177 0 0.55482 2.15095 1.9967 1.00281 1 1.00001 1.00357 1.00255 0.00385351 0.00492227 0
400 9.09091 90.9091 0.536135 0.687062 0.549506 5.30357 5.26171 5.80433 2.05014 2.04436 1.90476 1.90476 1.9002 1.89149 0.542315 0.393571 1 0.0001 0.00262876 0.0346759 44.9225 25.9091 5.58982 -31.4989 27.6463 10.2025 34.6044 -2.51091 0 0 0 0.535344 0.576117 -0.00189727 -0.000108495 -0.000568342 0.677627 0.636811 0.713735 0.0568943 0.0540812 0.0592511 0.0707124 0.0672236 0.0736663 0 0 0 0 0 0 0.502362 0.579259 -0.000788952 0.374601 12.4104 0 3.40557 0 3.8032 0 0.536135 2.05068 1.90476 1.00283 1 1.00001 1.00359 1.00258 0.00375353 0.00479377 0
410 9.31818 93.1818 0.518276 0.667081 0.531476 5.07721 5.02909 5.62669 1.95481 1.94927 1.81738 1.81738 1.81307 1.80494 0.517693 0.392997 1 0.0001 0.00266027 0.0349125 44.4657 25.3057 5.45971 -30.7654 27.0015 9.97113 33.802 -2.4147 0 0 0 0.536485 0.577278 -0.00184735 -0.000237742 -0.000512971 0.667692 0.626723 0.703965 0.0587915 0.0558635 0.0612457 0.0730559 0.0694242 0.0761366 0 0 0 0 0 0 0.502362 0.579259 -0.000519541 0.373778 12.1183 0 3.35552 0 3.74304 0 0.518276 1.95531 1.81738 1.00284 1 1.00001 1.00361 1.00261 0.00365667 0.00466889 0
420 9.54545 95.4545 0.501175 0.647715 0.514186 4.86876 4.8158 5.45343 1.8642 1.85889 1.73426 1.73426 1.73019 1.7226 0.494257 0.392327 1 0.0001 0.00269206 0.0351538 44.0247 24.718 5.33313 -30.0511 26.3736 9.74566 33.0208 -2.32937 0 0 0 0.536941 0.577522 -0.00178853 -0.000362233 -0.000463531 0.657911 0.616803 0.69436 0.0606587 0.0576154 0.0632103 0.0753615 0.0715868 0.0785695 0 0 0 0 0 0 0.502362 0.579259 -0.000207392 0.373593 11.834 0 3.30791 0 3.68676 0 0.501175 1.86466 1.73426 1.00286 1 1.00001 1.00363 1.00264 0.00355995 0.00454395 0
430 9.77273 97.7273 0.484814 0.628949 0.497625 4.66362 4.60727 5.28455 1.77824 1.77315 1.6553 1.6553 1.65145 1.64438 0.471967 0.391836 1 0.0001 0.00272404 0.0353985 43.5979 24.1464 5.20975 -29.3562 25.7629 9.52596 32.2613 -2.2444 0 0 0 0.53782 0.578036 -0.00171677 -0.000473078 -0.000425701 0.648275 0.607073 0.684909 0.0624963 0.0593377 0.0651454 0.0776298 0.073712 0.0809656 0 0 0 0 0 0 0.502362 0.579259 -0.000339451 0.373575 11.5579 0 3.25805 0 3.62801 0 0.484814 1.77867 1.6553 1.00287 1 1.00001 1.00365 1.00267 0.00346311 0.00442053 0
440 10 100 0.469154 0.610779 0.481754 4.46939 4.40968 5.11648 1.69671 1.69183 1.58021 1.58021 1.57657 1.56997 0.450732 0.391757 1 0.0001 0.00275622 0.0356467 43.1852 23.5901 5.09067 -28.6807 25.1689 9.31179 31.5219 -2.16344 0 0 0 0.538752 0.578795 -0.00163722 -0.00057769 -0.000390977 0.63879 0.597529 0.675622 0.0643048 0.061031 0.0670515 0.0798613 0.0758004 0.0833254 0 0 0 0 0 0 0.502362 0.579259 -0.000959695 0.372455 11.2898 0 3.20723 0 3.57035 0 0.469154 1.69711 1.58021 1.00288 1 1.00001 1.00367 1.0027 0.00336943 0.00430094 0
450 10.2273 102.273 0.454162 0.593186 0.466539 4.28459 4.22174 4.95427 1.61922 1.61454 1.50874 1.50874 1.5053 1.49914 0.430496 0.391821 1 0.0001 0.00278864 0.0358993 42.787 23.0473 4.97445 -28.0217 24.5897 9.10462 30.8017 -2.08594 0 0 0 0.539628 0.579559 -0.00155048 -0.000660331 -0.00037975 0.62946 0.588158 0.6665 0.0660846 0.0626959 0.0689292 0.0820566 0.0778529 0.0856496 0 0 0 0 0 0 0.502362 0.579259 -0.00106778 0.371211 11.0289 0 3.15907 0 3.51519 0 0.454162 1.61959 1.50874 1.0029 1 1.00001 1.00368 1.00272 0.00327918 0.0041852 0
460 10.4545 104.545 0.439804 0.576153 0.451952 4.10772 4.04329 4.79656 1.54554 1.54106 1.44074 1.44074 1.43749 1.43173 0.411232 0.392308 1 0.0001 0.00282132 0.036157 42.4036 22.5206 4.86092 -27.3815 24.027 8.9003 30.1002 -2.00829 0 0 0 0.539662 0.579501 -0.00146174 -0.000726954 -0.000368195 0.620283 0.578963 0.657538 0.0678362 0.0643328 0.0707791 0.0842161 0.0798699 0.0879387 0 0 0 0 0 0 0.502362 0.579259 -0.000878892 0.370592 10.775 0 3.1108 0 3.45873 0 0.439804 1.54588 1.44074 1.00291 1 1.00001 1.00369 1.00275 0.00319122 0.00407196 0
470 10.6818 106.818 0.426064 0.55969 0.437979 3.93473 3.86914 4.63579 1.47545 1.47116 1.37618 1.37618 1.37311 1.36774 0.392974 0.392377 1 0.0001 0.00285426 0.03642 42.0359 22.01 4.74919 -26.7592 23.4816 8.70237 29.4177 -1.93317 0 0 0 0.539338 0.579218 -0.00138041 -0.000785382 -0.000345416 0.611277 0.569937 0.648763 0.0695598 0.0659419 0.0726016 0.0863406 0.0818522 0.0901933 0 0 0 0 0 0 0.502362 0.579259 -0.00111956 0.370244 10.5278 0 3.05921 0 3.40091 0 0.426064 1.47577 1.37618 1.00291 1 1.00001 1.0037 1.00278 0.00310556 0.00396197 0
480 10.9091 109.091 0.412909 0.543756 0.424584 3.77204 3.70456 4.48724 1.40887 1.40476 1.31479 1.31479 1.31189 1.30686 0.375593 0.39269 1 0.0001 0.00288742 0.0366871 41.6815 21.513 4.64136 -26.1543 22.9507 8.50806 28.7543 -1.85817 0 0 0 0.539421 0.579026 -0.00130538 -0.000844905 -0.000324201 0.602424 0.561064 0.640159 0.0712558 0.0675241 0.0743969 0.0884305 0.0838003 0.0924142 0 0 0 0 0 0 0.502362 0.579259 -0.000857746 0.36942 10.2875 0 3.01141 0 3.34666 0 0.412909 1.40917 1.31479 1.00292 1 1.00001 1.00371 1.0028 0.00302197 0.00385417 0
490 11.1364 111.364 0.400338 0.528347 0.411767 3.60921 3.53997 4.33916 1.34554 1.34161 1.25661 1.25661 1.25387 1.24916 0.359172 0.393152 1 0.0001 0.00292083 0.0369615 41.3452 21.0322 4.53648 -25.5687 22.4372 8.31668 28.1112 -1.77814 0 0 0 0.539629 0.579168 -0.00123378 -0.000897725 -0.000296285 0.593738 0.552366 0.631712 0.0729244 0.0690797 0.0761655 0.0904864 0.0857148 0.0946018 0 0 0 0 0 0 0.502362 0.579259 -0.000449949 0.369059 10.0536 0 2.95905 0 3.28671 0 0.400338 1.34582 1.25661 1.00293 1 1 1.00372 1.00283 0.00294363 0.00375248 0
500 11.3636 113.636 0.388316 0.513479 0.399498 3.45485 3.38543 4.18685 1.28557 1.28181 1.20151 1.20151 1.19891 1.19449 0.343614 0.393337 1 0.0001 0.00295433 0.0372378 41.0201 20.5662 4.43406 -25.0002 21.94 8.13251 27.4876 -1.7124 0 0 0 0.539865 0.579419 -0.00116286 -0.00093673 -0.00027265 0.585233 0.543849 0.623448 0.0745662 0.0706096 0.077908 0.092509 0.0875964 0.0967568 0 0 0 0 0 0 0.502362 0.579259 -0.000288828 0.369011 9.82694 0 2.90824 0 3.2297 0 0.388316 1.28582 1.20151 1.00294 1 1 1.00373 1.00285 0.00286578 0.00365371 0
510 11.5909 115.909 0.376812 0.499131 0.387747 3.30929 3.23957 4.04032 1.22878 1.22517 1.14925 1.14925 1.14679 1.14264 0.328842 0.394001 1 0.0001 0.0029879 0.0375164 40.7063 20.1151 4.33368 -24.4487 21.458 7.9538 26.8827 -1.64221 0 0 0 0.540133 0.579663 -0.00109102 -0.000973137 -0.000249021 0.576903 0.535518 0.615357 0.0761817 0.0721139 0.0796249 0.094499 0.0894457 0.0988799 0 0 0 0 0 0 0.502362 0.579259 -0.00015553 0.368625 9.6074 0 2.85781 0 3.17241 0 0.376812 1.22901 1.14925 1.00294 1 1 1.00374 1.00288 0.00279017 0.003557 0
520 11.8182 118.182 0.36579 0.485271 0.376479 3.17294 3.10368 3.90303 1.17477 1.17132 1.09964 1.09964 1.09731 1.09343 0.31484 0.394618 1 0.0001 0.00302167 0.0377998 40.4056 19.6767 4.2377 -23.9144 20.9897 7.78144 26.2959 -1.58596 0 0 0 0.540465 0.579833 -0.0010289 -0.00100345 -0.000217618 0.568735 0.527354 0.607437 0.0777718 0.073593 0.0813166 0.0964569 0.0912634 0.100972 0 0 0 0 0 0 0.502362 0.579259 -0.000451652 0.368461 9.39388 0 2.81333 0 3.12258 0 0.36579 1.17499 1.09964 1.00295 1 1 1.00374 1.0029 0.00271877 0.00346487 0
530 12.0455 120.455 0.355232 0.471878 0.365672 3.04316 2.97319 3.77131 1.12368 1.12038 1.05246 1.05246 1.05026 1.04662 0.301472 0.395029 1 0.0001 0.00305546 0.0380841 40.1138 19.2515 4.14441 -23.396 20.5348 7.61153 25.7257 -1.52021 0 0 0 0.541161 0.580179 -0.000969201 -0.0010364 -0.000184448 0.560725 0.519339 0.599693 0.0793367 0.0750472 0.0829834 0.0983833 0.09305 0.103033 0 0 0 0 0 0 0.502362 0.579259 -0.000542785 0.367636 9.18732 0 2.76529 0 3.06802 0 0.355232 1.12389 1.05246 1.00295 1 1 1.00375 1.00292 0.00264666 0.00337196 0
540 12.2727 122.727 0.345126 0.458948 0.355319 2.91558 2.84586 3.64114 1.07514 1.07198 1.00771 1.00771 1.00562 1.00221 0.288807 0.395153 1 0.0001 0.00308938 0.0383725 39.8344 18.8392 4.0532 -22.8924 20.0938 7.44891 25.1723 -1.4592 0 0 0 0.541876 0.580851 -0.000920138 -0.00105631 -0.000148422 0.552878 0.511483 0.592121 0.0808769 0.0764773 0.0846259 0.100279 0.0948062 0.105064 0 0 0 0 0 0 0.502362 0.579259 3.4477e-05 0.367393 8.98669 0 2.7192 0 3.01532 0 0.345126 1.07534 1.00771 1.00295 1 1 1.00375 1.00294 0.0025778 0.00328446 0
550 12.5 125 0.335456 0.446454 0.3454 2.79302 2.72311 3.51831 1.02918 1.02614 0.965225 0.965225 0.963243 0.960048 0.276758 0.395453 1 0.0001 0.00312332 0.0386627 39.5653 18.4397 3.96509 -22.4048 19.6668 7.29045 24.6349 -1.40054 0 0 0 0.542448 0.581494 -0.000876478 -0.00107615 -0.000118728 0.545194 0.50378 0.584702 0.0823928 0.0778833 0.0862447 0.102144 0.0965325 0.107065 0 0 0 0 0 0 0.502362 0.579259 -8.82158e-05 0.366803 8.79247 0 2.67305 0 2.96421 0 0.335456 1.02936 0.965225 1.00296 1 1 1.00376 1.00297 0.00251192 0.00319897 0
560 12.7273 127.273 0.3262 0.434385 0.335894 2.67706 2.60642 3.3986 0.985603 0.982693 0.92487 0.92487 0.922991 0.919985 0.265296 0.395625 1 0.0001 0.00315729 0.0389553 39.3067 18.0523 3.87868 -21.931 19.2521 7.13721 24.1135 -1.34271 0 0 0 0.542887 0.581906 -0.000839319 -0.00109702 -9.58495e-05 0.537656 0.496246 0.577439 0.0838849 0.0792657 0.08784 0.10398 0.0982296 0.109038 0 0 0 0 0 0 0.502362 0.579259 0.000159822 0.366629 8.60431 0 2.6269 0 2.91236 0 0.3262 0.985776 0.92487 1.00296 1 1 1.00376 1.00299 0.00244846 0.00311665 0
570 12.9545 129.545 0.317327 0.422734 0.326775 2.56788 2.49855 3.28087 0.94436 0.94157 0.886566 0.886566 0.884783 0.88195 0.254392 0.395967 1 0.0001 0.00319122 0.0392475 39.055 17.6775 3.79345 -21.471 18.8508 6.98786 23.6077 -1.29278 0 0 0 0.543639 0.582548 -0.000803909 -0.00112626 -7.55507e-05 0.530273 0.488878 0.570331 0.0853539 0.0806249 0.0894124 0.105786 0.0998979 0.110982 0 0 0 0 0 0 0.502362 0.579259 0.000267011 0.365849 8.42235 0 2.58284 0 2.86345 0 0.317327 0.944523 0.886566 1.00296 1 1 1.00377 1.00301 0.00238612 0.00303749 0
580 13.1818 131.818 0.308818 0.411482 0.318022 2.46485 2.39624 3.16852 0.905209 0.902533 0.850211 0.850211 0.848519 0.845852 0.244046 0.396645 1 0.0001 0.00322518 0.0395415 38.8121 17.3134 3.71165 -21.025 18.4609 6.84417 23.1178 -1.24095 0 0 0 0.544107 0.583108 -0.000774658 -0.00115809 -6.22919e-05 0.523036 0.481665 0.56338 0.0867998 0.0819614 0.0909623 0.107564 0.101538 0.112899 0 0 0 0 0 0 0.502362 0.579259 0.000372737 0.365118 8.24591 0 2.5384 0 2.81391 0 0.308818 0.905361 0.850211 1.00297 1 1 1.00377 1.00303 0.00232616 0.00296006 0
590 13.4091 134.091 0.300665 0.400625 0.309629 2.3634 2.29596 3.05755 0.868154 0.865586 0.815725 0.815725 0.814119 0.811612 0.234215 0.397636 1 0.0001 0.00325907 0.0398354 38.5766 16.9604 3.63189 -20.5922 18.0833 6.70594 22.6429 -1.19107 0 0 0 0.543981 0.582889 -0.000760908 -0.00118807 -4.86901e-05 0.515955 0.474611 0.556583 0.0882233 0.0832762 0.0924902 0.109314 0.103151 0.114788 0 0 0 0 0 0 0.502362 0.579259 0.00029671 0.364364 8.07536 0 2.49327 0 2.7637 0 0.300665 0.868298 0.815725 1.00297 1 1 1.00377 1.00305 0.00226716 0.00288417 0
600 13.6364 136.364 0.292853 0.390141 0.301581 2.26639 2.19977 2.95227 0.832995 0.83053 0.783024 0.783024 0.781497 0.779129 0.224897 0.39826 1 0.0001 0.00329293 0.0401308 38.35 16.6192 3.55509 -20.1743 17.7182 6.57101 22.1834 -1.14377 0 0 0 0.543768 0.582542 -0.000752651 -0.00121431 -3.05362e-05 0.509021 0.467715 0.549928 0.0896251 0.0845691 0.0939961 0.111037 0.104737 0.116651 0 0 0 0 0 0 0.502362 0.579259 0.00017772 0.363742 7.91015 0 2.45137 0 2.71661 0 0.292853 0.833132 0.783024 1.00297 1 1 1.00377 1.00307 0.00221172 0.00281334 0
610 13.8636 138.636 0.285353 0.380014 0.293847 2.17781 2.11196 2.85167 0.799621 0.797253 0.751873 0.751873 0.750422 0.748188 0.215997 0.399474 1 0.0001 0.00332677 0.040427 38.1305 16.2874 3.48067 -19.768 17.3629 6.43967 21.7369 -1.10355 0 0 0 0.543724 0.582273 -0.000746517 -0.00123018 -1.26905e-05 0.502232 0.460965 0.543417 0.0910056 0.0858406 0.0954807 0.112733 0.106296 0.118488 0 0 0 0 0 0 0.502362 0.579259 -4.41093e-05 0.363369 7.75006 0 2.4112 0 2.67201 0 0.285353 0.79975 0.751873 1.00297 1 1 1.00377 1.00308 0.00215688 0.00274373 0
620 14.0909 140.909 0.278148 0.370233 0.286413 2.09338 2.02894 2.75444 0.767818 0.765544 0.722196 0.722196 0.720815 0.718706 0.20752 0.400631 1 0.0001 0.00336069 0.0407259 37.9196 15.965 3.40917 -19.3742 17.0176 6.31212 21.3027 -1.06096 0 0 0 0.543921 0.582215 -0.000745584 -0.0012445 1.8156e-06 0.495577 0.454367 0.537046 0.0923652 0.0870912 0.0969443 0.114402 0.10783 0.120299 0 0 0 0 0 0 0.502362 0.579259 -0.000386243 0.363137 7.59438 0 2.37079 0 2.62711 0 0.278148 0.76794 0.722196 1.00297 1 1 1.00377 1.0031 0.0021051 0.00267792 0
630 14.3182 143.182 0.271235 0.360784 0.279275 2.01007 1.94661 2.66075 0.737638 0.735452 0.693991 0.693991 0.692676 0.690681 0.199454 0.401699 1 0.0001 0.00339456 0.0410256 37.7162 15.6521 3.33977 -18.9919 16.6826 6.18867 20.8819 -1.01812 0 0 0 0.544049 0.582319 -0.000749387 -0.00125302 1.44831e-05 0.489058 0.44791 0.530817 0.0937039 0.0883215 0.0983874 0.116045 0.109338 0.122084 0 0 0 0 0 0 0.502362 0.579259 2.22205e-06 0.362325 7.44362 0 2.32992 0 2.58151 0 0.271235 0.737752 0.693991 1.00297 1 1 1.00378 1.00312 0.00205556 0.00261395 0
640 14.5455 145.455 0.264602 0.351662 0.27242 1.93033 1.86781 2.56865 0.709072 0.706971 0.667198 0.667198 0.665946 0.664056 0.191771 0.402827 1 0.0001 0.00342824 0.0413235 37.518 15.3493 3.27248 -18.6218 16.3585 6.06786 20.4741 -0.979072 0 0 0 0.544047 0.582291 -0.000760946 -0.00125974 3.51586e-05 0.482683 0.441587 0.524731 0.095022 0.0895316 0.0998104 0.117663 0.110822 0.123846 0 0 0 0 0 0 0.502362 0.579259 0.000178236 0.361929 7.29807 0 2.28978 0 2.53728 0 0.264602 0.709179 0.667198 1.00297 1 1 1.00378 1.00313 0.00200624 0.00255133 0
650 14.7727 147.727 0.258229 0.342845 0.265829 1.85622 1.7947 2.48302 0.681821 0.6798 0.64167 0.64167 0.640476 0.638686 0.184457 0.4035 1 0.0001 0.00346199 0.0416245 37.3285 15.0543 3.20783 -18.2621 16.0426 5.95128 20.0783 -0.941832 0 0 0 0.544271 0.582317 -0.000779757 -0.00126455 5.60817e-05 0.476433 0.435398 0.518776 0.09632 0.090722 0.101214 0.119256 0.112281 0.125583 0 0 0 0 0 0 0.502362 0.579259 -0.000274397 0.361162 7.15645 0 2.25174 0 2.49535 0 0.258229 0.681921 0.64167 1.00297 1 1 1.00378 1.00315 0.00195977 0.00249159 0
660 15 150 0.252104 0.334327 0.25949 1.78487 1.72486 2.39864 0.655879 0.653936 0.617328 0.617328 0.61619 0.614493 0.177475 0.403804 1 0.0001 0.00349573 0.0419274 37.1467 14.7675 3.14512 -17.9126 15.7361 5.8375 19.6932 -0.908299 0 0 0 0.544759 0.582829 -0.000798125 -0.00126461 7.10535e-05 0.470319 0.429345 0.512949 0.0975987 0.0918932 0.102598 0.120825 0.113717 0.127296 0 0 0 0 0 0 0.502362 0.579259 -0.000620479 0.360803 7.01899 0 2.2148 0 2.45482 0 0.252104 0.655974 0.617328 1.00297 1 1 1.00378 1.00317 0.00191431 0.00243372 0
670 15.2273 152.273 0.246213 0.326095 0.253391 1.7175 1.65885 2.31796 0.631098 0.629228 0.594138 0.594138 0.593052 0.591443 0.170836 0.404542 1 0.0001 0.00352955 0.0422343 36.9742 14.4891 3.08383 -17.573 15.4381 5.7264 19.3196 -0.872468 0 0 0 0.544774 0.583056 -0.000807816 -0.00125456 9.36457e-05 0.464333 0.42342 0.507249 0.0988583 0.0930451 0.103964 0.12237 0.11513 0.128986 0 0 0 0 0 0 0.502362 0.579259 -0.000902089 0.360281 6.88511 0 2.17675 0 2.41268 0 0.246213 0.631188 0.594138 1.00297 1 1 1.00378 1.00318 0.00187088 0.00237797 0
680 15.4545 154.545 0.240559 0.318139 0.247531 1.65016 1.59227 2.24055 0.607483 0.605683 0.57206 0.57206 0.571023 0.569496 0.164521 0.404758 1 0.0001 0.00356337 0.042545 36.8117 14.2188 3.02453 -17.2434 15.149 5.61973 18.9567 -0.839959 0 0 0 0.544871 0.583234 -0.000820845 -0.00123342 0.000112801 0.458475 0.417617 0.501672 0.100099 0.0941785 0.105311 0.123891 0.11652 0.130654 0 0 0 0 0 0 0.502362 0.579259 -0.00134749 0.359971 6.75507 0 2.1408 0 2.37261 0 0.240559 0.607568 0.57206 1.00297 1 1 1.00378 1.0032 0.00182805 0.00232396 0
690 15.6818 156.818 0.235118 0.310452 0.24189 1.58873 1.5322 2.16456 0.58497 0.583237 0.551012 0.551012 0.550022 0.548575 0.1585 0.404683 1 0.0001 0.00359717 0.0428571 36.6554 13.9571 2.96638 -16.9235 14.8691 5.51451 18.6039 -0.808751 0 0 0 0.544845 0.583168 -0.000836392 -0.00121244 0.000136542 0.452741 0.411941 0.49622 0.101321 0.0952937 0.10664 0.12539 0.117887 0.132299 0 0 0 0 0 0 0.502362 0.579259 -0.00161401 0.359874 6.62872 0 2.105 0 2.33324 0 0.235118 0.585051 0.551012 1.00297 1 1 1.00378 1.00321 0.00178703 0.00227172 0
700 15.9091 159.091 0.229882 0.303021 0.236458 1.52948 1.47437 2.09268 0.563519 0.56185 0.53094 0.53094 0.529994 0.52862 0.152755 0.404772 1 0.0001 0.00363092 0.0431709 36.5059 13.7029 2.90965 -16.6125 14.5972 5.41209 18.2612 -0.778884 0 0 0 0.544884 0.583137 -0.000853507 -0.00118652 0.000165171 0.44713 0.406387 0.490883 0.102525 0.0963911 0.107951 0.126866 0.119233 0.133923 0 0 0 0 0 0 0.502362 0.579259 -0.00164826 0.359539 6.50605 0 2.07063 0 2.29493 0 0.229882 0.563594 0.53094 1.00297 1 1 1.00378 1.00322 0.00174788 0.00222081 0
710 16.1364 161.364 0.224846 0.295838 0.23123 1.47222 1.41808 2.02265 0.542985 0.541376 0.511827 0.511827 0.510923 0.509617 0.147305 0.404541 1 0.0001 0.00366477 0.0434898 36.366 13.456 2.85498 -16.311 14.3333 5.31365 17.9285 -0.748536 0 0 0 0.545259 0.583307 -0.000869322 -0.00115691 0.000191259 0.441636 0.400955 0.485664 0.10371 0.0974711 0.109245 0.12832 0.120557 0.135525 0 0 0 0 0 0 0.502362 0.579259 -0.00159773 0.359032 6.38641 0 2.03489 0 2.25548 0 0.224846 0.543056 0.511827 1.00297 1 1 1.00377 1.00324 0.00170908 0.00217154 0
720 16.3636 163.636 0.220005 0.2889 0.226201 1.41632 1.36329 1.95379 0.5234 0.521849 0.493646 0.493646 0.492781 0.491536 0.142132 0.404367 1 0.0001 0.00369858 0.0438111 36.2336 13.2171 2.80197 -16.0191 14.0776 5.21782 17.6065 -0.7202 0 0 0 0.545588 0.583466 -0.000887651 -0.00112377 0.000219149 0.436259 0.395643 0.480567 0.104878 0.0985339 0.110522 0.129752 0.12186 0.137106 0 0 0 0 0 0 0.502362 0.579259 -0.00155025 0.358836 6.27018 0 1.99953 0 2.21689 0 0.220005 0.523466 0.493646 1.00297 1 1 1.00377 1.00325 0.00167319 0.00212512 0
730 16.5909 165.909 0.215342 0.282201 0.221356 1.36435 1.31302 1.88654 0.504807 0.503312 0.47632 0.47632 0.475493 0.474309 0.137188 0.404066 1 0.0001 0.00373218 0.0441295 36.1034 12.9858 2.74947 -15.7352 13.8303 5.12443 17.2936 -0.693848 0 0 0 0.545795 0.583571 -0.000903721 -0.00108978 0.000246316 0.431003 0.390452 0.475589 0.106028 0.0995799 0.111783 0.131164 0.123143 0.138667 0 0 0 0 0 0 0.502362 0.579259 -0.00177496 0.358749 6.1578 0 1.96561 0 2.1794 0 0.215342 0.50487 0.47632 1.00297 1 1 1.00377 1.00326 0.00163574 0.00207813 0
740 16.8182 168.182 0.210852 0.275725 0.216688 1.31447 1.26436 1.82366 0.486986 0.485544 0.459796 0.459796 0.459005 0.457878 0.13249 0.40378 1 0.0001 0.00376586 0.0444539 35.9832 12.7612 2.69886 -15.4601 13.5901 5.03353 16.99 -0.66757 0 0 0 0.545905 0.583641 -0.000918371 -0.00105741 0.00026832 0.425852 0.385376 0.470728 0.107161 0.10061 0.113027 0.132554 0.124406 0.140208 0 0 0 0 0 0 0.502362 0.579259 -0.00216842 0.35832 6.04813 0 1.93353 0 2.14393 0 0.210852 0.487045 0.459796 1.00297 1 1 1.00377 1.00328 0.00160161 0.00203391 0
750 17.0455 170.455 0.20653 0.269462 0.212191 1.26621 1.21709 1.76366 0.470001 0.46861 0.444019 0.444019 0.443261 0.442187 0.127999 0.403712 1 0.0001 0.00379943 0.044778 35.8675 12.5427 2.65016 -15.1929 13.3563 4.94573 16.695 -0.640843 0 0 0 0.546277 0.584053 -0.000934639 -0.00102448 0.000299231 0.420806 0.380412 0.465974 0.108279 0.101624 0.114256 0.133924 0.125649 0.141729 0 0 0 0 0 0 0.502362 0.579259 -0.00228054 0.358071 5.94173 0 1.90048 0 2.10767 0 0.20653 0.470057 0.444019 1.00297 1 1 1.00377 1.00329 0.00156765 0.00199044 0
760 17.2727 172.727 0.202373 0.2634 0.207862 1.21902 1.17077 1.7071 0.453827 0.452483 0.428966 0.428966 0.428241 0.427218 0.123708 0.403647 1 0.0001 0.00383284 0.0451021 35.7567 12.3313 2.60197 -14.9332 13.1299 4.86038 16.4083 -0.618126 0 0 0 0.546361 0.584152 -0.000952692 -0.000988368 0.000329251 0.415863 0.375555 0.461319 0.10938 0.102622 0.115469 0.135274 0.126873 0.143231 0 0 0 0 0 0 0.502362 0.579259 -0.00195461 0.357099 5.8386 0 1.87004 0 2.07462 0 0.202373 0.45388 0.428966 1.00297 1 1 1.00377 1.0033 0.00153405 0.00194743 0
770 17.5 175 0.198358 0.257539 0.203682 1.17723 1.13046 1.65035 0.438278 0.43698 0.414565 0.414565 0.41387 0.412896 0.119618 0.403678 1 0.0001 0.00386639 0.0454319 35.6544 12.1253 2.55503 -14.6803 12.9094 4.77656 16.1296 -0.597074 0 0 0 0.546357 0.584111 -0.000971162 -0.000949086 0.000350438 0.411027 0.370812 0.456764 0.110465 0.103604 0.116666 0.136605 0.128078 0.144714 0 0 0 0 0 0 0.502362 0.579259 -0.00180339 0.356976 5.7377 0 1.83965 0 2.0412 0 0.198358 0.438328 0.414565 1.00297 1 1 1.00377 1.00331 0.00150179 0.00190634 0
780 17.7273 177.273 0.194486 0.251869 0.199648 1.13581 1.0904 1.59651 0.423431 0.422178 0.400802 0.400802 0.400137 0.399209 0.115707 0.403638 1 0.0001 0.00389984 0.045762 35.5562 11.9251 2.50919 -14.4343 12.6952 4.69567 15.8584 -0.573901 0 0 0 0.546509 0.584135 -0.000991994 -0.000908324 0.000370922 0.406293 0.366173 0.452308 0.111534 0.104572 0.117847 0.137916 0.129265 0.146179 0 0 0 0 0 0 0.502362 0.579259 -0.00212894 0.356597 5.63968 0 1.80876 0 2.00692 0 0.194486 0.423479 0.400802 1.00297 1 1 1.00377 1.00332 0.00147047 0.00186598 0
790 17.9545 179.545 0.190749 0.246388 0.195755 1.09629 1.05244 1.54357 0.40928 0.408069 0.387659 0.387659 0.387021 0.386137 0.111966 0.403292 1 0.0001 0.00393312 0.04609 35.4602 11.7303 2.46524 -14.1955 12.4868 4.61758 15.5952 -0.554676 0 0 0 0.546743 0.584309 -0.00101684 -0.00086796 0.000390336 0.401661 0.361638 0.447954 0.112589 0.105526 0.119014 0.139209 0.130433 0.147625 0 0 0 0 0 0 0.502362 0.579259 -0.00207946 0.35614 5.54465 0 1.77889 0 1.97445 0 0.190749 0.409326 0.387659 1.00297 1 1 1.00377 1.00333 0.00143962 0.00182706 0
800 18.1818 181.818 0.187144 0.241088 0.191999 1.05791 1.01519 1.49247 0.39575 0.394579 0.375107 0.375107 0.374496 0.373651 0.108396 0.40308 1 0.0001 0.00396631 0.0464205 35.3707 11.5417 2.42159 -13.9633 12.2851 4.54171 15.3391 -0.534004 0 0 0 0.546752 0.58423 -0.00104005 -0.000829552 0.00041334 0.397134 0.357202 0.443697 0.113628 0.106465 0.120165 0.140483 0.131584 0.149054 0 0 0 0 0 0 0.502362 0.579259 -0.00235205 0.355837 5.45223 0 1.74893 0 1.9416 0 0.187144 0.395793 0.375107 1.00297 1 1 1.00377 1.00334 0.00141056 0.00178963 0
810 18.4091 184.091 0.183664 0.23596 0.188371 1.02165 0.979894 1.44403 0.382811 0.381679 0.363111 0.363111 0.362525 0.361718 0.104986 0.402819 1 0.0001 0.00399941 0.0467513 35.2853 11.3586 2.37936 -13.7379 12.0888 4.46741 15.0908 -0.515359 0 0 0 0.546891 0.584358 -0.00105725 -0.000794486 0.000432575 0.392704 0.352868 0.439531 0.114652 0.10739 0.121303 0.14174 0.132718 0.150465 0 0 0 0 0 0 0.502362 0.579259 -0.0024252 0.355338 5.36237 0 1.72137 0 1.9109 0 0.183664 0.382853 0.363111 1.00297 1 1 1.00377 1.00335 0.00138094 0.00175245 0
820 18.6364 186.364 0.180303 0.230998 0.184866 0.98693 0.946425 1.39739 0.370467 0.369371 0.351641 0.351641 0.351079 0.350308 0.101721 0.402496 1 0.0001 0.00403232 0.0470807 35.2027 11.1801 2.33928 -13.5193 11.8977 4.39601 14.8496 -0.497082 0 0 0 0.547226 0.584566 -0.00107346 -0.000764255 0.000450878 0.388373 0.348631 0.435452 0.115663 0.108301 0.122426 0.142978 0.133835 0.15186 0 0 0 0 0 0 0.502362 0.579259 -0.00232119 0.35494 5.2752 0 1.69384 0 1.88039 0 0.180303 0.370506 0.351641 1.00297 1 1 1.00377 1.00336 0.0013527 0.00171644 0
830 18.8636 188.636 0.177057 0.226196 0.18148 0.953465 0.914001 1.35231 0.358638 0.357578 0.340681 0.340681 0.340142 0.339406 0.0986074 0.402236 1 0.0001 0.00406516 0.0474117 35.1249 11.0069 2.29966 -13.3066 11.7126 4.32633 14.6152 -0.480159 0 0 0 0.547456 0.584716 -0.0010922 -0.00073389 0.000466258 0.384136 0.344487 0.431462 0.116659 0.109198 0.123535 0.144199 0.134935 0.153237 0 0 0 0 0 0 0.502362 0.579259 -0.00221947 0.354771 5.1903 0 1.66663 0 1.85039 0 0.177057 0.358675 0.340681 1.00296 1 1 1.00377 1.00337 0.00132575 0.00168164 0
840 19.0909 190.909 0.17392 0.221546 0.178207 0.921781 0.883413 1.30938 0.347304 0.346277 0.33019 0.33019 0.329672 0.328968 0.095629 0.401516 1 0.0001 0.00409792 0.0477444 35.0521 10.8384 2.26135 -13.0997 11.5324 4.25931 14.3871 -0.464131 0 0 0 0.547354 0.584626 -0.00111214 -0.000702414 0.00048082 0.379997 0.34043 0.427552 0.117642 0.110082 0.124631 0.145404 0.13602 0.154598 0 0 0 0 0 0 0.502362 0.579259 -0.00208213 0.354647 5.10763 0 1.64049 0 1.82206 0 0.17392 0.347339 0.33019 1.00296 1 1 1.00377 1.00338 0.00129908 0.00164782 0
850 19.3182 193.182 0.170887 0.217044 0.175041 0.891526 0.85427 1.26781 0.336481 0.335487 0.320152 0.320152 0.319654 0.318979 0.0927746 0.401046 1 0.0001 0.00413048 0.0480746 34.9809 10.6746 2.22408 -12.8987 11.3571 4.19368 14.1658 -0.448053 0 0 0 0.547297 0.584593 -0.00113311 -0.000668872 0.000492501 0.375955 0.336461 0.423721 0.118611 0.110954 0.125715 0.146591 0.137088 0.155943 0 0 0 0 0 0 0.502362 0.579259 -0.00200235 0.354442 5.02742 0 1.61506 0 1.79352 0 0.170887 0.336515 0.320152 1.00296 1 1 1.00376 1.00339 0.00127389 0.00161589 0
860 19.5455 195.455 0.167953 0.212685 0.171979 0.862154 0.826183 1.22738 0.326147 0.325184 0.310546 0.310546 0.310067 0.30942 0.0900389 0.400573 1 0.0001 0.00416282 0.0484035 34.912 10.5152 2.18813 -12.7033 11.1869 4.12947 13.9507 -0.43252 0 0 0 0.547137 0.584498 -0.00115267 -0.000633732 0.000506819 0.372003 0.332578 0.419971 0.119566 0.111812 0.126785 0.147763 0.138141 0.157273 0 0 0 0 0 0 0.502362 0.579259 -0.00196805 0.354607 4.94961 0 1.58938 0 1.76511 0 0.167953 0.326178 0.310546 1.00296 1 1 1.00376 1.0034 0.00124955 0.00158453 0
870 19.7727 197.727 0.165115 0.20846 0.169017 0.83422 0.799216 1.18962 0.316206 0.315272 0.301319 0.301319 0.300858 0.300238 0.087414 0.40045 1 0.0001 0.00419516 0.0487348 34.8483 10.3596 2.15331 -12.5129 11.0206 4.06696 13.7413 -0.418791 0 0 0 0.547041 0.584393 -0.00117156 -0.000603024 0.000521718 0.368135 0.328778 0.416296 0.120509 0.112659 0.127843 0.148919 0.139178 0.158586 0 0 0 0 0 0 0.502362 0.579259 -0.0015719 0.354396 4.8736 0 1.56521 0 1.73867 0 0.165115 0.316236 0.301319 1.00296 1 1 1.00376 1.0034 0.00122603 0.00155469 0
880 20 200 0.162369 0.204367 0.16615 0.807238 0.773214 1.15275 0.306725 0.305819 0.292485 0.292485 0.292041 0.291445 0.0848936 0.400342 1 0.0001 0.0042272 0.0490633 34.7858 10.208 2.11981 -12.3278 10.8589 4.00637 13.5377 -0.404566 0 0 0 0.54695 0.58427 -0.00119074 -0.000579463 0.000538741 0.364354 0.325054 0.412698 0.121439 0.113493 0.128888 0.150059 0.140201 0.159885 0 0 0 0 0 0 0.502362 0.579259 -0.00144466 0.354382 4.79998 0 1.54055 0 1.71194 0 0.162369 0.306753 0.292485 1.00296 1 1 1.00376 1.00341 0.00120364 0.00152629 0
890 20.2273 202.273 0.159712 0.200398 0.163375 0.781447 0.748236 1.11761 0.297652 0.296773 0.28399 0.28399 0.283563 0.28299 0.0824609 0.400135 1 0.0001 0.00425905 0.0493898 34.7251 10.0599 2.08703 -12.1469 10.7011 3.94736 13.339 -0.391041 0 0 0 0.546637 0.583968 -0.00121144 -0.000558795 0.000552704 0.360654 0.321407 0.409173 0.122356 0.114314 0.129922 0.151183 0.141209 0.161169 0 0 0 0 0 0 0.502362 0.579259 -0.0014494 0.353682 4.72846 0 1.51709 0 1.68614 0 0.159712 0.297678 0.28399 1.00296 1 1 1.00376 1.00342 0.00118126 0.00149819 0
900 20.4545 204.545 0.157141 0.196553 0.160689 0.756276 0.723836 1.08282 0.28893 0.288078 0.275843 0.275843 0.27543 0.27488 0.0801316 0.400409 1 0.0001 0.00429083 0.0497177 34.6685 9.91556 2.05533 -11.9709 10.5473 3.88979 13.1458 -0.377119 0 0 0 0.546201 0.583677 -0.0012259 -0.000537523 0.000563162 0.357031 0.317836 0.405727 0.123262 0.115124 0.130943 0.152293 0.142202 0.162438 0 0 0 0 0 0 0.502362 0.579259 -0.00106806 0.353456 4.65867 0 1.49297 0 1.65929 0 0.157141 0.288956 0.275843 1.00296 1 1 1.00376 1.00343 0.00116028 0.00147175 0
910 20.6818 206.818 0.154654 0.192826 0.15809 0.731935 0.700421 1.04942 0.280572 0.279744 0.268027 0.268027 0.267629 0.2671 0.0778956 0.400487 1 0.0001 0.00432244 0.0500452 34.6149 9.77521 2.02405 -11.7993 10.3977 3.83384 12.9576 -0.364712 0 0 0 0.545944 0.583567 -0.00124242 -0.000511515 0.000577099 0.353484 0.314342 0.402356 0.124155 0.115923 0.131952 0.153388 0.143182 0.163692 0 0 0 0 0 0 0.502362 0.579259 -0.00143482 0.353702 4.59079 0 1.47021 0 1.63432 0 0.154654 0.280596 0.268027 1.00296 1 1 1.00376 1.00344 0.00113961 0.00144525 0
920 20.9091 209.091 0.152241 0.189213 0.155569 0.710014 0.67957 1.01747 0.272533 0.271729 0.260512 0.260512 0.260128 0.259619 0.0757461 0.400327 1 0.0001 0.00435396 0.0503728 34.5637 9.63804 1.99374 -11.6318 10.2517 3.77933 12.7741 -0.353861 0 0 0 0.546049 0.583718 -0.00126361 -0.000487295 0.000595036 0.350009 0.310921 0.399059 0.125037 0.11671 0.13295 0.154469 0.144147 0.164933 0 0 0 0 0 0 0.502362 0.579259 -0.00158578 0.353556 4.52455 0 1.44833 0 1.61074 0 0.152241 0.272556 0.260512 1.00296 1 1 1.00376 1.00344 0.00112024 0.00142058 0
930 21.1364 211.364 0.149898 0.185709 0.153121 0.689281 0.659816 0.986679 0.264807 0.264026 0.253267 0.253267 0.252896 0.252407 0.0736693 0.400465 1 0.0001 0.00438538 0.0507005 34.515 9.50398 1.96416 -11.4681 10.1089 3.72616 12.5948 -0.343662 0 0 0 0.546349 0.583979 -0.00128075 -0.000467726 0.00061176 0.346608 0.307568 0.395832 0.125907 0.117486 0.133936 0.155536 0.145099 0.16616 0 0 0 0 0 0 0.502362 0.579259 -0.0017438 0.35295 4.45995 0 1.42691 0 1.58766 0 0.149898 0.264829 0.253267 1.00296 1 1 1.00376 1.00345 0.00110109 0.00139649 0
940 21.3636 213.636 0.147626 0.182309 0.150748 0.668252 0.639598 0.957374 0.257375 0.256616 0.246297 0.246297 0.245938 0.245467 0.071671 0.400132 1 0.0001 0.0044167 0.0510293 34.4698 9.37337 1.93518 -11.3086 9.96989 3.67432 12.4194 -0.332042 0 0 0 0.546637 0.584275 -0.00129982 -0.000445127 0.000624233 0.343281 0.304283 0.392669 0.126766 0.118252 0.134912 0.156589 0.146038 0.167373 0 0 0 0 0 0 0.502362 0.579259 -0.00160173 0.352925 4.39693 0 1.40545 0 1.56359 0 0.147626 0.257396 0.246297 1.00296 1 1 1.00376 1.00346 0.0010827 0.00137307 0
950 21.5909 215.909 0.145425 0.179013 0.148448 0.647715 0.619887 0.928363 0.250224 0.249486 0.239605 0.239605 0.239258 0.238803 0.0697552 0.399835 1 0.0001 0.00444792 0.0513586 34.4278 9.24629 1.90675 -11.153 9.83465 3.62318 12.2489 -0.321182 0 0 0 0.54664 0.584356 -0.00132336 -0.000426287 0.000639885 0.340027 0.301065 0.389574 0.127614 0.119006 0.135876 0.157628 0.146964 0.168573 0 0 0 0 0 0 0.502362 0.579259 -0.00149057 0.352879 4.33541 0 1.3842 0 1.54001 0 0.145425 0.250244 0.239605 1.00296 1 1 1.00376 1.00346 0.00106492 0.00135029 0
960 21.8182 218.182 0.143292 0.175817 0.146219 0.627776 0.600812 0.899838 0.243338 0.242621 0.233173 0.233173 0.232837 0.232399 0.0679167 0.399473 1 0.0001 0.00447905 0.0516895 34.3896 9.12244 1.87906 -11.0015 9.70266 3.57372 12.0829 -0.311111 0 0 0 0.546536 0.58432 -0.00134378 -0.000409254 0.000655521 0.336842 0.297914 0.386548 0.128451 0.119751 0.13683 0.158654 0.147877 0.169761 0 0 0 0 0 0 0.502362 0.579259 -0.00137578 0.352616 4.27534 0 1.36216 0 1.51601 0 0.143292 0.243357 0.233173 1.00296 1 1 1.00376 1.00347 0.00104757 0.0013286 0
970 22.0455 220.455 0.14122 0.172722 0.144055 0.60938 0.583486 0.871599 0.236719 0.236022 0.226979 0.226979 0.226654 0.226231 0.0661435 0.399385 1 0.0001 0.00451004 0.0520191 34.353 9.0012 1.85219 -10.8534 9.57368 3.5257 11.9207 -0.301711 0 0 0 0.546621 0.584337 -0.0013609 -0.000392447 0.000670101 0.333727 0.294834 0.383592 0.129278 0.120485 0.137774 0.159667 0.148778 0.170935 0 0 0 0 0 0 0.502362 0.579259 -0.00108707 0.35244 4.2168 0 1.34203 0 1.49384 0 0.14122 0.236738 0.226979 1.00296 1 1 1.00376 1.00347 0.00103085 0.00130691 0
980 22.2727 222.727 0.139208 0.169717 0.141954 0.591511 0.566373 0.84626 0.230357 0.229678 0.221013 0.221013 0.220698 0.22029 0.0644332 0.399023 1 0.0001 0.00454086 0.0523488 34.3191 8.88343 1.8255 -10.7089 9.44823 3.47853 11.7622 -0.292185 0 0 0 0.546879 0.584453 -0.00137441 -0.000375268 0.000684852 0.330675 0.291815 0.3807 0.130093 0.121208 0.138707 0.160667 0.149666 0.172097 0 0 0 0 0 0 0.502362 0.579259 -0.000742816 0.352013 4.15974 0 1.32268 0 1.47283 0 0.139208 0.230375 0.221013 1.00296 1 1 1.00375 1.00348 0.00101464 0.0012864 0
990 22.5 225 0.137256 0.166798 0.139915 0.574239 0.549828 0.821919 0.224236 0.223575 0.21526 0.21526 0.214955 0.214562 0.0627814 0.398566 1 0.0001 0.00457154 0.0526779 34.2873 8.76824 1.79942 -10.5677 9.32558 3.43261 11.6074 -0.28302 0 0 0 0.547171 0.58459 -0.00138867 -0.000362222 0.000699962 0.32768 0.288857 0.377867 0.130899 0.121922 0.13963 0.161655 0.150542 0.173247 0 0 0 0 0 0 0.502362 0.579259 -0.000678128 0.351879 4.10411 0 1.30294 0 1.45125 0 0.137256 0.224253 0.21526 1.00296 1 1 1.00375 1.00349 0.00099823 0.00126581 0
1000 22.7273 227.273 0.13536 0.163968 0.137935 0.557511 0.533911 0.797101 0.218353 0.21771 0.209723 0.209723 0.209428 0.209048 0.0611897 0.398326 1 0.0001 0.00460202 0.0530055 34.257 8.65598 1.7739 -10.4299 9.20624 3.38746 11.4562 -0.274862 0 0 0 0.547538 0.584883 -0.00140269 -0.000351428 0.000717194 0.324749 0.285962 0.375098 0.131695 0.122626 0.140544 0.162631 0.151407 0.174385 0 0 0 0 0 0 0.502362 0.579259 -0.00104404 0.351591 4.04992 0 1.28348 0 1.43026 0 0.13536 0.218369 0.209723 1.00295 1 1 1.00375 1.00349 0.000982739 0.00124591 0
1010 22.9545 229.545 0.133518 0.161219 0.136012 0.541639 0.518663 0.773954 0.212678 0.212051 0.204386 0.204386 0.204099 0.203732 0.0596559 0.398033 1 0.0001 0.00463242 0.0533337 34.2293 8.54612 1.74934 -10.2955 9.08925 3.34345 11.309 -0.266039 0 0 0 0.547667 0.585047 -0.00141567 -0.000338407 0.000731822 0.321874 0.283129 0.372389 0.132481 0.123321 0.141448 0.163594 0.15226 0.175511 0 0 0 0 0 0 0.502362 0.579259 -0.00107981 0.35184 3.99694 0 1.26442 0 1.40946 0 0.133518 0.212693 0.204386 1.00295 1 1 1.00375 1.0035 0.000967778 0.00122674 0
1020 23.1818 231.818 0.131729 0.158552 0.134143 0.526059 0.503729 0.751059 0.207229 0.206619 0.19925 0.19925 0.198973 0.198618 0.0581784 0.397741 1 0.0001 0.00466257 0.0536597 34.2027 8.43915 1.72494 -10.1641 8.97544 3.30012 11.1654 -0.257706 0 0 0 0.547547 0.584978 -0.0014265 -0.000324621 0.000747374 0.319059 0.280356 0.369737 0.133257 0.124006 0.142342 0.164546 0.153102 0.176625 0 0 0 0 0 0 0.502362 0.579259 -0.000936827 0.351668 3.94541 0 1.24605 0 1.38913 0 0.131729 0.207244 0.19925 1.00295 1 1 1.00375 1.0035 0.000953049 0.00120811 0
1030 23.4091 234.091 0.129991 0.15596 0.132328 0.511188 0.489438 0.729958 0.202006 0.201411 0.194295 0.194295 0.194027 0.193684 0.0567456 0.397083 1 0.0001 0.00469242 0.0539812 34.1754 8.33489 1.70073 -10.0356 8.86468 3.25843 11.0246 -0.24993 0 0 0 0.547356 0.584833 -0.00143899 -0.000312226 0.000763619 0.316301 0.277638 0.367138 0.134024 0.124683 0.143227 0.165486 0.153932 0.177728 0 0 0 0 0 0 0.502362 0.579259 -0.000793487 0.351702 3.89537 0 1.22799 0 1.36944 0 0.129991 0.202021 0.194295 1.00295 1 1 1.00375 1.00351 0.000938061 0.001189 0
1040 23.6364 236.364 0.128303 0.153443 0.130565 0.496488 0.475446 0.708792 0.196965 0.196385 0.189526 0.189526 0.189265 0.188933 0.0553689 0.397103 1 0.0001 0.00472216 0.0543036 34.1512 8.2328 1.67777 -9.91057 8.75605 3.21709 10.8881 -0.241473 0 0 0 0.547411 0.584849 -0.00145227 -0.000302425 0.000778501 0.3136 0.274978 0.364593 0.134781 0.12535 0.144103 0.166414 0.154752 0.178821 0 0 0 0 0 0 0.502362 0.579259 -0.000943699 0.35156 3.84646 0 1.20922 0 1.34907 0 0.128303 0.196979 0.189526 1.00295 1 1 1.00375 1.00351 0.000924134 0.00117134 0
1050 23.8636 238.636 0.126663 0.150998 0.128853 0.482265 0.461774 0.688432 0.192129 0.191563 0.184936 0.184936 0.184683 0.184362 0.0540414 0.396827 1 0.0001 0.0047516 0.0546225 34.1273 8.1332 1.6556 -9.78881 8.65045 3.17675 10.755 -0.234818 0 0 0 0.547533 0.584803 -0.00146443 -0.000292488 0.000792358 0.310953 0.272376 0.362099 0.13553 0.126009 0.144969 0.167332 0.155561 0.179902 0 0 0 0 0 0 0.502362 0.579259 -0.000949567 0.35134 3.79895 0 1.19192 0 1.33022 0 0.126663 0.192142 0.184936 1.00295 1 1 1.00375 1.00352 0.00091054 0.00115402 0
1060 24.0909 240.909 0.125067 0.148624 0.127187 0.469109 0.449342 0.668539 0.187466 0.186914 0.180508 0.180508 0.180263 0.179952 0.0527604 0.396644 1 0.0001 0.00478087 0.0549404 34.1046 8.03593 1.63412 -9.67005 8.5471 3.13751 10.6251 -0.227834 0 0 0 0.547842 0.584964 -0.00147504 -0.00028323 0.000803608 0.308363 0.269827 0.359657 0.136268 0.126659 0.145828 0.168238 0.15636 0.180973 0 0 0 0 0 0 0.502362 0.579259 -0.000954919 0.350942 3.75256 0 1.1751 0 1.31142 0 0.125067 0.187479 0.180508 1.00295 1 1 1.00375 1.00352 0.000897043 0.00113699 0
1070 24.3182 243.182 0.123515 0.146317 0.125566 0.456266 0.43708 0.649576 0.182967 0.182428 0.176232 0.176232 0.175993 0.175693 0.0515219 0.396928 1 0.0001 0.00480999 0.0552572 34.0835 7.94056 1.6135 -9.55405 8.44599 3.09915 10.4982 -0.221031 0 0 0 0.54805 0.585116 -0.00148844 -0.00027531 0.000816632 0.305826 0.267332 0.357266 0.136999 0.127301 0.146678 0.169134 0.157148 0.182033 0 0 0 0 0 0 0.502362 0.579259 -0.000834662 0.350895 3.70726 0 1.15825 0 1.29304 0 0.123515 0.182979 0.176232 1.00295 1 1 1.00375 1.00353 0.000883316 0.00111968 0
1080 24.5455 245.455 0.122005 0.144076 0.12399 0.443801 0.425151 0.631189 0.178609 0.178083 0.172102 0.172102 0.17187 0.171579 0.0503286 0.396708 1 0.0001 0.00483907 0.0555762 34.0659 7.84722 1.59343 -9.44066 8.34716 3.06193 10.3741 -0.214574 0 0 0 0.548022 0.585088 -0.00150269 -0.000266973 0.000829145 0.30334 0.264885 0.354926 0.13772 0.127936 0.147519 0.170019 0.157926 0.183083 0 0 0 0 0 0 0.502362 0.579259 -0.000857268 0.350792 3.66284 0 1.14151 0 1.27489 0 0.122005 0.17862 0.172102 1.00295 1 1 1.00375 1.00353 0.000870944 0.00110424 0
1090 24.7727 247.727 0.120535 0.141896 0.122456 0.432048 0.413945 0.613798 0.174438 0.173925 0.168105 0.168105 0.16788 0.167597 0.0491641 0.397095 1 0.0001 0.00486774 0.0558893 34.0467 7.75565 1.5741 -9.32975 8.25009 3.0256 10.2527 -0.208824 0 0 0 0.547933 0.585003 -0.00151396 -0.000258419 0.000838457 0.300905 0.262488 0.352632 0.138434 0.128562 0.148353 0.170894 0.158695 0.184123 0 0 0 0 0 0 0.502362 0.579259 -0.000549526 0.350839 3.61983 0 1.12621 0 1.25863 0 0.120535 0.174449 0.168105 1.00295 1 1 1.00375 1.00354 0.000857802 0.00108734 0
1100 25 250 0.119104 0.139775 0.120963 0.420553 0.402942 0.597345 0.170371 0.16987 0.164235 0.164235 0.164017 0.163743 0.0480428 0.397931 1 0.0001 0.00489653 0.0562077 34.0327 7.66591 1.55538 -9.22129 8.15483 2.98945 10.1342 -0.202137 0 0 0 0.547783 0.584826 -0.00152628 -0.000250511 0.00084646 0.298517 0.260136 0.350382 0.139138 0.12918 0.149179 0.171759 0.159453 0.185153 0 0 0 0 0 0 0.502362 0.579259 -0.000681777 0.350623 3.57738 0 1.11009 0 1.24096 0 0.119104 0.170382 0.164235 1.00295 1 1 1.00375 1.00354 0.000845548 0.00107193 0
1110 25.2273 252.273 0.117712 0.137712 0.119509 0.409348 0.392248 0.580809 0.166453 0.165963 0.160495 0.160495 0.160283 0.160018 0.0469565 0.398194 1 0.0001 0.0049251 0.0565238 34.0191 7.57839 1.53679 -9.11519 8.06216 2.95454 10.0177 -0.196802 0 0 0 0.54764 0.58466 -0.00154236 -0.000241907 0.000854938 0.296176 0.257834 0.348176 0.139835 0.12979 0.149997 0.172614 0.160203 0.186174 0 0 0 0 0 0 0.502362 0.579259 -0.000676073 0.350392 3.536 0 1.09473 0 1.22415 0 0.117712 0.166463 0.160495 1.00295 1 1 1.00375 1.00354 0.000833142 0.00105617 0
1120 25.4545 254.545 0.116354 0.135708 0.118093 0.398734 0.382202 0.564575 0.162667 0.162188 0.156885 0.156885 0.156678 0.156421 0.0459086 0.398645 1 0.0001 0.0049535 0.0568385 34.0066 7.49294 1.51852 -9.01146 7.97168 2.92033 9.9041 -0.190803 0 0 0 0.547713 0.58475 -0.00155695 -0.000231828 0.000862999 0.293883 0.255579 0.346017 0.140523 0.130392 0.150807 0.173459 0.160943 0.187185 0 0 0 0 0 0 0.502362 0.579259 -0.000720918 0.350422 3.49556 0 1.07996 0 1.20759 0 0.116354 0.162677 0.156885 1.00295 1 1 1.00375 1.00355 0.000821812 0.00104187 0
1130 25.6818 256.818 0.115032 0.133758 0.116714 0.388213 0.372272 0.549082 0.159021 0.158553 0.153394 0.153394 0.153194 0.152944 0.0448926 0.399318 1 0.0001 0.00498165 0.0571503 33.9943 7.40937 1.50084 -8.91021 7.88306 2.88673 9.79313 -0.185527 0 0 0 0.547876 0.584939 -0.00156864 -0.000222208 0.000871853 0.291637 0.25337 0.343899 0.141204 0.130987 0.151609 0.174294 0.161674 0.188187 0 0 0 0 0 0 0.502362 0.579259 -0.000664325 0.350084 3.45616 0 1.0646 0 1.19108 0 0.115032 0.15903 0.153394 1.00295 1 1 1.00375 1.00355 0.000810141 0.00102691 0
1140 25.9091 259.091 0.113744 0.131862 0.115372 0.378011 0.36272 0.53395 0.155487 0.155029 0.150018 0.150018 0.149823 0.14958 0.0439112 0.400188 1 0.0001 0.00500972 0.057464 33.9851 7.32755 1.4834 -8.81095 7.79633 2.85423 9.6845 -0.180018 0 0 0 0.548146 0.585174 -0.00157942 -0.000214619 0.000881435 0.289437 0.251206 0.341826 0.141877 0.131575 0.152404 0.17512 0.162396 0.189179 0 0 0 0 0 0 0.502362 0.579259 -0.000625554 0.350114 3.41754 0 1.04959 0 1.1747 0 0.113744 0.155496 0.150018 1.00295 1 1 1.00375 1.00356 0.000798808 0.00101275 0
1150 26.1364 261.364 0.112489 0.130017 0.114064 0.368262 0.353461 0.519449 0.152071 0.151623 0.146754 0.146754 0.146565 0.14633 0.0429629 0.400802 1 0.0001 0.00503762 0.0577765 33.977 7.24766 1.46612 -8.71378 7.71173 2.82248 9.57822 -0.174852 0 0 0 0.548355 0.585321 -0.00158982 -0.000207125 0.000892548 0.287281 0.249085 0.339794 0.142543 0.132156 0.153191 0.175937 0.163109 0.190163 0 0 0 0 0 0 0.502362 0.579259 -0.000708194 0.350136 3.37979 0 1.03492 0 1.15855 0 0.112489 0.15208 0.146754 1.00295 1 1 1.00375 1.00356 0.000787618 0.000998722 0
1160 26.3636 263.636 0.111266 0.128224 0.11279 0.358919 0.344499 0.504831 0.148754 0.148316 0.143607 0.143607 0.143422 0.143194 0.0420526 0.401519 1 0.0001 0.00506547 0.0580893 33.9706 7.16973 1.44936 -8.61909 7.62923 2.79179 9.47451 -0.170142 0 0 0 0.548403 0.585382 -0.00160107 -0.000200028 0.00090248 0.285171 0.24701 0.337804 0.143201 0.132729 0.15397 0.176745 0.163813 0.191138 0 0 0 0 0 0 0.502362 0.579259 -0.000719637 0.349761 3.34273 0 1.02101 0 1.14324 0 0.111266 0.148763 0.143607 1.00295 1 1 1.00375 1.00356 0.000777364 0.000985887 0
1170 26.5909 265.909 0.110073 0.126479 0.111547 0.349844 0.335752 0.491469 0.145562 0.145134 0.140564 0.140564 0.140384 0.140162 0.0411695 0.401968 1 0.0001 0.00509301 0.0583984 33.9641 7.0936 1.43287 -8.52648 7.54863 2.76184 9.37313 -0.165107 0 0 0 0.548373 0.585364 -0.0016136 -0.000191724 0.000909275 0.283103 0.244976 0.335853 0.143853 0.133295 0.154743 0.177544 0.164509 0.192104 0 0 0 0 0 0 0.502362 0.579259 -0.000786466 0.349344 3.30667 0 1.00715 0 1.12801 0 0.110073 0.145571 0.140564 1.00295 1 1 1.00375 1.00357 0.000766818 0.000972936 0
1180 26.8182 268.182 0.108912 0.12478 0.110337 0.340759 0.327138 0.478465 0.142454 0.142035 0.137616 0.137616 0.137441 0.137225 0.0403172 0.402643 1 0.0001 0.00512057 0.0587113 33.9617 7.01918 1.41656 -8.43574 7.46965 2.73244 9.27394 -0.160197 0 0 0 0.54839 0.585337 -0.00162568 -0.00018099 0.000917547 0.28108 0.242984 0.333934 0.144497 0.133855 0.155508 0.178335 0.165197 0.193062 0 0 0 0 0 0 0.502362 0.579259 -0.00083899 0.349267 3.27118 0 0.993298 0 1.11267 0 0.108912 0.142462 0.137616 1.00295 1 1 1.00375 1.00357 0.000756797 0.000960073 0
1190 27.0455 270.455 0.107779 0.123127 0.109158 0.332181 0.319043 0.465549 0.139448 0.139038 0.134762 0.134762 0.134591 0.134381 0.0394913 0.403157 1 0.0001 0.00514794 0.0590243 33.9612 6.94625 1.40078 -8.34704 7.39229 2.70394 9.17686 -0.155633 0 0 0 0.548478 0.585391 -0.00163767 -0.000170243 0.000925148 0.279099 0.241035 0.332053 0.145134 0.134408 0.156267 0.179116 0.165877 0.194012 0 0 0 0 0 0 0.502362 0.579259 -0.000798101 0.349016 3.23648 0 0.97953 0 1.09751 0 0.107779 0.139456 0.134762 1.00295 1 1 1.00375 1.00357 0.000746809 0.000947568 0
1200 27.2727 272.727 0.106673 0.121518 0.108007 0.324098 0.311337 0.452962 0.136536 0.136134 0.131997 0.131997 0.131831 0.131627 0.0386916 0.403464 1 0.0001 0.00517518 0.0593353 33.961 6.87478 1.38555 -8.26033 7.3165 2.67577 9.082 -0.151707 0 0 0 0.548501 0.585394 -0.00165073 -0.000160303 0.000932176 0.27716 0.239123 0.330211 0.145765 0.134954 0.157019 0.17989 0.166549 0.194953 0 0 0 0 0 0 0.502362 0.579259 -0.000757452 0.349206 3.20251 0 0.96671 0 1.08357 0 0.106673 0.136543 0.131997 1.00295 1 1 1.00375 1.00358 0.000737435 0.000935806 0
1210 27.5 275 0.105594 0.119953 0.106884 0.316328 0.303948 0.440751 0.133713 0.13332 0.129317 0.129317 0.129155 0.128956 0.0379161 0.403935 1 0.0001 0.00520227 0.0596464 33.9624 6.8048 1.37053 -8.17533 7.24237 2.64827 8.98896 -0.147674 0 0 0 0.548503 0.585402 -0.00166372 -0.000151312 0.000940276 0.275259 0.23725 0.328406 0.14639 0.135494 0.157764 0.180655 0.167213 0.195887 0 0 0 0 0 0 0.502362 0.579259 -0.00106928 0.34907 3.16924 0 0.953575 0 1.0692 0 0.105594 0.133721 0.129317 1.00295 1 1 1.00375 1.00358 0.000728114 0.0009241 0
1220 27.7273 277.273 0.104541 0.118429 0.105788 0.308434 0.296417 0.429006 0.130991 0.130606 0.126728 0.126728 0.12657 0.126377 0.037166 0.404313 1 0.0001 0.00522909 0.0599537 33.9634 6.73625 1.35611 -8.09236 7.16966 2.6216 8.89841 -0.143347 0 0 0 0.54848 0.585445 -0.00167543 -0.000143882 0.000947964 0.2734 0.235412 0.326638 0.147007 0.136028 0.158502 0.181412 0.167869 0.196812 0 0 0 0 0 0 0.502362 0.579259 -0.0011699 0.348923 3.13681 0 0.940581 0 1.05463 0 0.104541 0.130998 0.126728 1.00295 1 1 1.00375 1.00358 0.000718639 0.000912156 0
1230 27.9545 279.545 0.103514 0.116945 0.104719 0.30096 0.289318 0.417898 0.128341 0.127963 0.124215 0.124215 0.124061 0.123873 0.0364398 0.40464 1 0.0001 0.00525588 0.0602642 33.9678 6.66911 1.34199 -8.0111 7.0986 2.59554 8.80943 -0.139755 0 0 0 0.54838 0.585406 -0.00168627 -0.0001363 0.00095499 0.27158 0.233608 0.324903 0.147618 0.136555 0.159235 0.182162 0.168518 0.19773 0 0 0 0 0 0 0.502362 0.579259 -0.00102311 0.348911 3.10492 0 0.928661 0 1.04184 0 0.103514 0.128348 0.124215 1.00295 1 1 1.00375 1.00359 0.000709987 0.000900891 0
1240 28.1818 281.818 0.10251 0.115498 0.103676 0.293929 0.282658 0.407542 0.125771 0.125402 0.121772 0.121772 0.121621 0.121438 0.0357319 0.40505 1 0.0001 0.00528252 0.0605719 33.9718 6.60335 1.32787 -7.93122 7.02887 2.56946 8.72214 -0.136268 0 0 0 0.548265 0.585366 -0.00169706 -0.000128967 0.000961575 0.269794 0.23184 0.323199 0.148223 0.137076 0.159961 0.182904 0.16916 0.19864 0 0 0 0 0 0 0.502362 0.579259 -0.000953003 0.348772 3.07368 0 0.916848 0 1.02909 0 0.10251 0.125778 0.121772 1.00295 1 1 1.00375 1.00359 0.00070102 0.000889608 0
1250 28.4091 284.091 0.10153 0.114088 0.102657 0.286726 0.275819 0.397031 0.123282 0.122919 0.119404 0.119404 0.119257 0.119079 0.0350459 0.405654 1 0.0001 0.00530899 0.0608793 33.9772 6.53866 1.31438 -7.85304 6.96034 2.5439 8.63695 -0.132394 0 0 0 0.54813 0.585279 -0.00170737 -0.000124242 0.000968564 0.268044 0.230107 0.321527 0.148822 0.137592 0.160681 0.183638 0.169794 0.199543 0 0 0 0 0 0 0.502362 0.579259 -0.00106768 0.348742 3.0431 0 0.904649 0 1.01549 0 0.10153 0.123288 0.119404 1.00295 1 1 1.00375 1.00359 0.000692452 0.000878648 0
1260 28.6364 286.364 0.100574 0.112714 0.101664 0.279836 0.269233 0.386988 0.120874 0.120519 0.11711 0.11711 0.116967 0.116793 0.0343806 0.405932 1 0.0001 0.00533523 0.0611854 33.9835 6.47547 1.30114 -7.77662 6.89349 2.51932 8.55333 -0.128356 0 0 0 0.548071 0.585253 -0.00171732 -0.000118609 0.000973683 0.266327 0.22841 0.319886 0.149414 0.138102 0.161395 0.184365 0.170421 0.200439 0 0 0 0 0 0 0.502362 0.579259 -0.00110742 0.348393 3.01324 0 0.892894 0 1.00265 0 0.100574 0.120881 0.11711 1.00295 1 1 1.00375 1.00359 0.000683962 0.000868188 0
1270 28.8636 288.636 0.0996415 0.111374 0.100694 0.27311 0.262709 0.377429 0.118548 0.118199 0.114886 0.114886 0.114746 0.114577 0.0337337 0.406499 1 0.0001 0.00536122 0.0614869 33.9887 6.41332 1.28847 -7.70179 6.82786 2.49503 8.47166 -0.124986 0 0 0 0.548019 0.585211 -0.00172548 -0.000113272 0.000978122 0.264642 0.226745 0.318275 0.15 0.138606 0.162103 0.185084 0.171041 0.201328 0 0 0 0 0 0 0.502362 0.579259 -0.00108843 0.348394 2.9841 0 0.881728 0 0.990572 0 0.0996415 0.118554 0.114886 1.00295 1 1 1.00375 1.0036 0.000675555 0.000857599 0
1280 29.0909 290.909 0.0987303 0.110065 0.0997466 0.266765 0.256581 0.368532 0.116266 0.115924 0.112721 0.112721 0.112584 0.112419 0.0331075 0.406947 1 0.0001 0.00538733 0.061795 33.999 6.35229 1.27582 -7.62811 6.76335 2.47125 8.3914 -0.121755 0 0 0 0.547955 0.585136 -0.00173258 -0.000107431 0.000982753 0.262989 0.225107 0.316691 0.15058 0.139105 0.162805 0.185797 0.171655 0.202209 0 0 0 0 0 0 0.502362 0.579259 -0.0011007 0.348386 2.95525 0 0.870721 0 0.978435 0 0.0987303 0.116272 0.112721 1.00295 1 1 1.00375 1.0036 0.000667724 0.000847872 0
1290 29.3182 293.182 0.0978388 0.108789 0.0988202 0.260863 0.251053 0.359421 0.114052 0.113717 0.110613 0.110613 0.110479 0.110318 0.0324962 0.407367 1 0.0001 0.00541328 0.0621018 34.0099 6.29228 1.26349 -7.55577 6.69993 2.44774 8.31256 -0.119055 0 0 0 0.54787 0.585016 -0.00173774 -0.000102105 0.000988272 0.261369 0.223497 0.315139 0.151154 0.139598 0.163502 0.186502 0.172261 0.203084 0 0 0 0 0 0 0.502362 0.579259 -0.00104826 0.348171 2.92698 0 0.859943 0 0.966738 0 0.0978388 0.114058 0.110613 1.00295 1 1 1.00375 1.0036 0.000659732 0.00083797 0
1300 29.5455 295.455 0.0969658 0.107545 0.0979138 0.255255 0.245826 0.350234 0.111904 0.111574 0.108561 0.108561 0.108431 0.108274 0.0319004 0.407774 1 0.0001 0.00543908 0.0624082 34.0217 6.2333 1.25144 -7.48474 6.63764 2.4246 8.23512 -0.116274 0 0 0 0.54788 0.585007 -0.00174044 -9.9067e-05 0.000994727 0.25978 0.221919 0.313618 0.151722 0.140085 0.164193 0.1872 0.172861 0.203952 0 0 0 0 0 0 0.502362 0.579259 -0.00103561 0.347604 2.89928 0 0.84907 0 0.954704 0 0.0969658 0.111909 0.108561 1.00295 1 1 1.00375 1.0036 0.000651932 0.000828241 0
