151 3.43182 34.3182 1.16689 1.16286 1.16518 0 0 0 4.49744 4.4908 4.0805 4.0805 4.06544 4.03329 1.1415 0.350792 1 0.0001 0.00215783 0.03454 66.1534 38.3404 7.99364 -46.334 40.746 14.7012 50.5413 0.00135399 0 0 0 0.553791 0.589342 -0.00368446 0.00463081 0.00033359 0.882901 0.844089 0.913083 0.000251081 0.00024012 0.000260221 0.000313531 0.000299748 0.000324248 0 0 0 0 0 0 0.501128 0.578258 0.000357752 0.395193 18.3937 0 0.0851091 0 0.0997844 0 1.16689 4.49946 4.0805 1.00148 1 1.00003 1.00188 1.00187 0.0066307 0.00841233 0
152 3.45455 34.5455 1.16429 1.16283 1.16282 6.65522 7.32751 0.0944784 4.48885 4.48218 4.07276 4.07276 4.05771 4.02564 1.13934 0.350707 1 0.0001 0.00215888 0.0345347 66.0684 38.3089 7.97714 -46.286 40.7133 14.6818 50.4896 -0.000323924 0 0 0 0.553813 0.589374 -0.00368456 0.00463067 0.000333375 0.882889 0.844076 0.91307 0.00050216 0.000480238 0.000520441 0.000627059 0.000599493 0.000648494 0 0 0 0 0 0 0.501128 0.578258 0.0005263 0.395128 18.376 0 0.306232 0 0.669359 0 1.16429 4.49087 4.07276 1.00149 1 1.00003 1.00189 1.00187 0.00662868 0.00840949 0
153 3.47727 34.7727 1.16169 1.16274 1.16045 6.65886 7.31621 0.248598 4.48026 4.47355 4.06501 4.06501 4.04998 4.01798 1.13718 0.350634 1 0.0001 0.00215993 0.0345293 65.9836 38.2771 7.96079 -46.2379 40.6803 14.6627 50.4379 -0.00142648 0 0 0 0.553834 0.58941 -0.00368465 0.00462971 0.000332523 0.882855 0.844042 0.913038 0.000753232 0.00072035 0.000780654 0.000940578 0.00089923 0.000972732 0 0 0 0 0 0 0.501128 0.578258 0.00041464 0.395229 18.3583 0 0.507449 0 0.932333 0 1.16169 4.48227 4.06501 1.0015 1 1.00003 1.00191 1.00187 0.00662518 0.00840486 0
154 3.5 35 1.1591 1.1626 1.15809 6.66138 7.30418 0.397231 4.47167 4.46492 4.05723 4.05723 4.04223 4.01031 1.135 0.350576 1 0.0001 0.00216099 0.0345241 65.899 38.2448 7.94471 -46.1895 40.6469 14.6439 50.3861 -0.00302582 0 0 0 0.553843 0.589437 -0.00368496 0.00462726 0.000330893 0.8828 0.843987 0.912987 0.00100429 0.00096045 0.00104086 0.00125408 0.00119895 0.00129696 0 0 0 0 0 0 0.501128 0.578258 0.00046866 0.395019 18.3406 0 0.688648 0 1.12978 0 1.1591 4.47367 4.05723 1.00151 1 1.00003 1.00192 1.00187 0.00662056 0.00839864 0
155 3.52273 35.2273 1.15651 1.16241 1.15572 6.66317 7.29271 0.53167 4.46308 4.45629 4.04944 4.04944 4.03447 4.00263 1.13282 0.35053 1 0.0001 0.00216204 0.0345188 65.8145 38.2121 7.92877 -46.1409 40.6132 14.6253 50.3342 -0.00497128 0 0 0 0.553852 0.589467 -0.00368535 0.00462378 0.000329129 0.882727 0.843912 0.912919 0.00125534 0.00120053 0.00130104 0.00156756 0.00149865 0.00162116 0 0 0 0 0 0 0.501128 0.578258 0.000533657 0.394835 18.3229 0 0.848767 0 1.28517 0 1.15651 4.46507 4.04944 1.00152 1 1.00003 1.00194 1.00187 0.00661532 0.00839152 0
156 3.54545 35.4545 1.15392 1.16218 1.15336 6.6644 7.28159 0.655762 4.45448 4.44766 4.04163 4.04163 4.02669 3.99493 1.13063 0.350495 1 0.0001 0.0021631 0.0345137 65.7301 38.1792 7.91299 -46.0922 40.5792 14.6067 50.2823 -0.00675403 0 0 0 0.553867 0.58951 -0.00368533 0.00461984 0.00032728 0.882637 0.843822 0.912835 0.00150636 0.00144059 0.00156121 0.00188102 0.00179832 0.00194533 0 0 0 0 0 0 0.501128 0.578258 0.000575965 0.394803 18.3051 0 0.990679 0 1.41599 0 1.15392 4.45647 4.04163 1.00153 1 1.00003 1.00195 1.00187 0.00660987 0.00838436 0
157 3.56818 35.6818 1.15134 1.1619 1.15099 6.66468 7.27034 0.770224 4.44588 4.43901 4.03381 4.03381 4.0189 3.98723 1.12844 0.35047 1 0.0001 0.00216417 0.0345085 65.6459 38.1461 7.89735 -46.0434 40.545 14.5882 50.2304 -0.00845132 0 0 0 0.553877 0.589556 -0.00368522 0.00461557 0.00032485 0.88253 0.843717 0.912737 0.00175736 0.00168063 0.00182134 0.00219443 0.00209795 0.00226947 0 0 0 0 0 0 0.501128 0.578258 0.000586485 0.394521 18.2873 0 1.11118 0 1.52152 0 1.15134 4.44785 4.03381 1.00155 1 1.00003 1.00196 1.00187 0.00660488 0.00837783 0
158 3.59091 35.9091 1.14876 1.16159 1.14862 6.66406 7.25902 0.875329 4.43726 4.43036 4.02598 4.02598 4.0111 3.9795 1.12624 0.350451 1 0.0001 0.00216524 0.0345035 65.562 38.1125 7.88196 -45.9945 40.5105 14.5699 50.1785 -0.0103484 0 0 0 0.55387 0.589587 -0.00368558 0.0046116 0.000323009 0.882408 0.843596 0.912625 0.00200832 0.00192063 0.00208146 0.00250781 0.00239754 0.00259358 0 0 0 0 0 0 0.501128 0.578258 0.000365592 0.394514 18.2695 0 1.22142 0 1.61767 0 1.14876 4.43923 4.02598 1.00156 1 1.00003 1.00198 1.00187 0.00660048 0.00837223 0
159 3.61364 36.1364 1.14619 1.16125 1.14626 6.66285 7.24782 0.972852 4.42863 4.4217 4.01815 4.01815 4.00328 3.97176 1.12404 0.350436 1 0.0001 0.00216631 0.0344985 65.4782 38.0787 7.8671 -45.9458 40.4757 14.5516 50.1266 -0.0123282 0 0 0 0.553849 0.589608 -0.00368598 0.00460708 0.000321549 0.882274 0.843463 0.912499 0.00225925 0.0021606 0.00234154 0.00282114 0.00269709 0.00291764 0 0 0 0 0 0 0.501128 0.578258 0.000225695 0.394487 18.2516 0 1.31693 0 1.70045 0 1.14619 4.43059 4.01815 1.00157 1 1.00003 1.00199 1.00187 0.00659678 0.00836747 0
160 3.63636 36.3636 1.14362 1.16087 1.14389 6.66062 7.23675 1.0585 4.41999 4.41302 4.0103 4.0103 3.99546 3.964 1.12184 0.350425 1 0.0001 0.00216739 0.0344937 65.3947 38.0447 7.85263 -45.8973 40.4407 14.5332 50.0747 -0.0148851 0 0 0 0.553814 0.589619 -0.00368637 0.00460179 0.000319974 0.882129 0.843317 0.912362 0.00251014 0.00240053 0.00260158 0.00313442 0.00299659 0.00324166 0 0 0 0 0 0 0.501128 0.578258 0.000168907 0.394528 18.2337 0 1.40208 0 1.77414 0 1.14362 4.42194 4.0103 1.00158 1 1.00003 1.00201 1.00187 0.00659357 0.00836312 0
