151 3.43182 34.3182 1.16689 0.942935 1.16539 0 0 0 4.49744 4.4908 4.0805 4.0805 4.06544 4.03329 1.1415 0.350792 1 1e-07 0.00215783 0.03454 66.1534 38.3404 7.99364 -46.334 40.746 14.7012 50.5413 2.15635e-06 0 0 0 0.558705 0.596404 -0.0519963 0.155968 0.0889163 0.801371 0.745918 0.829024 0.000232627 0.000215311 0.000241441 0.000284578 0.000264886 0.000294398 0 0 0 0 0 0 0.547313 0.620131 0.0676022 0.354559 0 0 0.0789565 0 0.0905493 0 1.16689 4.49946 4.0805 1.00148 1 1.00003 1.00188 1.00225 0.0066307 0.00841233 0
152 3.45455 34.5455 1.16429 0.942898 1.1628 7.31188 7.32882 0.103714 4.48885 4.48218 4.07276 4.07276 4.05771 4.02564 1.13934 0.350706 1 1e-07 0.00215888 0.0345347 66.0684 38.3089 7.97713 -46.286 40.7133 14.6818 50.4896 2.32394e-06 0 0 0 0.558768 0.596423 -0.0519677 0.155951 0.0889166 0.801359 0.745907 0.829001 0.000465252 0.000430621 0.000482881 0.000569153 0.00052977 0.000588792 0 0 0 0 0 0 0.547313 0.620131 0.0614206 0.352824 0 0 0.323071 0 0.675343 0 1.16429 4.49086 4.07276 1.00149 1 1.00003 1.00189 1.00225 0.00662868 0.00840949 0
153 3.47727 34.7727 1.16169 0.942797 1.1602 7.29883 7.31586 0.284626 4.48027 4.47356 4.06501 4.06501 4.04998 4.01798 1.13718 0.350632 1 1e-07 0.00215993 0.0345293 65.9836 38.2771 7.96078 -46.2379 40.6804 14.6627 50.4379 5.38887e-06 0 0 0 0.558843 0.596457 -0.0519103 0.155919 0.0888899 0.801308 0.745889 0.828945 0.00069787 0.000645929 0.000724315 0.000853718 0.000794649 0.000883171 0 0 0 0 0 0 0.547313 0.620131 0.0659663 0.361526 0 0 0.524289 0 0.929652 0 1.16169 4.48227 4.06501 1.0015 1 1.00003 1.00191 1.00225 0.00662518 0.00840486 0
154 3.5 35 1.1591 0.942647 1.15762 7.28563 7.30273 0.424364 4.47169 4.46494 4.05724 4.05724 4.04224 4.01032 1.13501 0.350569 1 1e-07 0.00216098 0.034524 65.8989 38.2449 7.94466 -46.1896 40.6471 14.6439 50.3861 1.06655e-06 0 0 0 0.558929 0.596505 -0.0518419 0.155875 0.0888079 0.801236 0.74585 0.828868 0.000930473 0.00086123 0.000965735 0.00113826 0.00105952 0.00117753 0 0 0 0 0 0 0.547313 0.620131 0.0615227 0.363851 0 0 0.712052 0 1.10182 0 1.1591 4.47369 4.05724 1.00151 1 1.00003 1.00192 1.00225 0.00662056 0.00839864 0
155 3.52273 35.2273 1.15651 0.942468 1.15503 7.27241 7.28954 0.503855 4.46312 4.45633 4.04947 4.04947 4.0345 4.00266 1.13283 0.350518 1 1e-07 0.00216204 0.0345187 65.8143 38.2124 7.9287 -46.1411 40.6135 14.6254 50.3343 -8.32088e-06 0 0 0 0.559028 0.596568 -0.0517825 0.155787 0.0887208 0.801175 0.745764 0.828789 0.00116306 0.00107651 0.00120714 0.00142278 0.00132436 0.00147186 0 0 0 0 0 0 0.547313 0.620131 0.0661936 0.3585 0 0 0.893114 0 1.31434 0 1.15651 4.46511 4.04947 1.00152 1 1.00003 1.00194 1.00225 0.00661532 0.00839152 0
156 3.54545 35.4545 1.15392 0.94226 1.15246 7.25923 7.27637 0.583552 4.45454 4.44772 4.04169 4.04169 4.02675 3.995 1.13065 0.350479 1 1e-07 0.0021631 0.0345135 65.7298 38.1796 7.9129 -46.0925 40.5797 14.6068 50.2826 -4.95757e-06 0 0 0 0.559139 0.596645 -0.0517505 0.155661 0.0886536 0.801118 0.745632 0.828712 0.00139562 0.00129176 0.00144852 0.00170728 0.00158917 0.00176616 0 0 0 0 0 0 0.547313 0.620131 0.0636889 0.355405 0 0 0.956977 0 1.34081 0 1.15392 4.45653 4.04169 1.00153 1 1.00003 1.00195 1.00225 0.00660987 0.00838436 0
157 3.56818 35.6818 1.15135 0.942023 1.14988 7.24612 7.26322 0.667629 4.44597 4.43911 4.0339 4.0339 4.01899 3.98732 1.12846 0.350449 1 1e-07 0.00216416 0.0345083 65.6456 38.1466 7.89725 -46.0438 40.5456 14.5884 50.2308 -8.07753e-06 0 0 0 0.559219 0.596679 -0.0517337 0.155518 0.088559 0.801022 0.745483 0.828653 0.00162816 0.00150697 0.00168989 0.00199175 0.00185393 0.00206043 0 0 0 0 0 0 0.547313 0.620131 0.0695458 0.354322 0 0 1.11408 0 1.48676 0 1.15135 4.44795 4.0339 1.00155 1 1.00003 1.00196 1.00225 0.00660491 0.00837786 0
158 3.59091 35.9091 1.14877 0.941732 1.14731 7.23307 7.25013 0.819572 4.43739 4.43049 4.0261 4.0261 4.01122 3.97963 1.12628 0.350428 1 1e-07 0.00216522 0.0345031 65.5615 38.1133 7.88187 -45.9951 40.5113 14.5702 50.1791 -2.34274e-05 0 0 0 0.5593 0.596713 -0.051722 0.155353 0.0884298 0.800878 0.745327 0.828582 0.00186066 0.00172213 0.00193122 0.00227617 0.00211863 0.00235468 0 0 0 0 0 0 0.547313 0.620131 0.0714938 0.356656 0 0 1.35289 0 1.73632 0 1.14877 4.43936 4.0261 1.00156 1 1.00003 1.00198 1.00225 0.00660054 0.0083723 0
159 3.61364 36.1364 1.1462 0.941415 1.14475 7.22003 7.23707 0.893408 4.4288 4.42187 4.01831 4.01831 4.00344 3.97193 1.12409 0.350414 1 1e-07 0.00216629 0.034498 65.4776 38.0796 7.86703 -45.9467 40.4768 14.5519 50.1274 -2.59219e-05 0 0 0 0.559394 0.596761 -0.0517181 0.155178 0.0882897 0.80073 0.745184 0.82847 0.00209312 0.00193725 0.00217251 0.00256055 0.00238328 0.0026489 0 0 0 0 0 0 0.547313 0.620131 0.0724109 0.356896 0 0 1.35511 0 1.70425 0 1.1462 4.43077 4.01831 1.00157 1 1.00003 1.00199 1.00225 0.00659687 0.00836757 0
160 3.63636 36.3636 1.14364 0.941104 1.14219 7.20693 7.22401 0.875283 4.42021 4.41324 4.0105 4.0105 3.99566 3.96422 1.1219 0.350406 1 1e-07 0.00216736 0.0344931 65.394 38.0458 7.85259 -45.8984 40.442 14.5336 50.0758 -2.90692e-05 0 0 0 0.559471 0.59679 -0.0517403 0.155004 0.0881362 0.800592 0.745055 0.828344 0.00232554 0.00215232 0.00241375 0.00284487 0.00264788 0.00294308 0 0 0 0 0 0 0.547313 0.620131 0.0690623 0.354341 0 0 1.42716 0 1.74398 0 1.14364 4.42216 4.0105 1.00158 1 1.00003 1.00201 1.00225 0.00659371 0.00836328 0
