160 3.63636 36.3636 1.14347 1.16088 1.14375 0 0 0 4.41807 4.41111 4.00852 4.00852 3.99366 3.9621 1.12135 0.350598 1 0.0001 0.00216762 0.0344989 65.4004 38.035 7.85293 -45.8879 40.4299 14.5297 50.0651 -0.141963 0 0 0 0.553814 0.589619 -0.00368631 0.00460203 0.000320154 0.882132 0.843319 0.912365 0.00251015 0.00240053 0.00260158 0.00313442 0.00299659 0.00324166 0 0 0 0 0 0 0.499067 0.576606 0.0016421 0.395671 18.2298 0 1.39565 0 1.76591 0 1.14347 4.42004 4.00852 1.00158 1 1.00003 1.00201 1.00187 0.0065932 0.00836277 0
170 3.86364 38.6364 1.11723 1.15597 1.11949 6.83329 7.38926 1.38304 4.32522 4.31796 3.92397 3.92397 3.90935 3.87845 1.0976 0.350443 1 0.0001 0.00217933 0.0344662 64.5765 37.6638 7.7043 -45.3681 40.0436 14.3388 49.5067 -0.342505 0 0 0 0.552 0.588492 -0.00369755 0.00454408 0.000313237 0.880241 0.841408 0.910571 0.00501643 0.00479717 0.00519949 0.00626381 0.00598813 0.00647857 0 0 0 0 0 0 0.499067 0.576606 0.00133252 0.395788 18.0362 0 1.85902 0 2.19187 0 1.11723 4.32711 3.92397 1.00168 1 1.00003 1.00214 1.00188 0.00654904 0.00830454 0
180 4.09091 40.9091 1.0909 1.14887 1.09493 6.91382 7.41539 1.99725 4.22917 4.22165 3.83581 3.83581 3.82148 3.79146 1.07268 0.350295 1 0.0001 0.00219176 0.0344434 63.7615 37.2653 7.56034 -44.8257 39.6268 14.1419 48.925 -0.543424 0 0 0 0.547041 0.58472 -0.00369877 0.00445436 0.000285642 0.877508 0.838615 0.907992 0.00751625 0.00718719 0.00779123 0.00938494 0.00897125 0.00970768 0 0 0 0 0 0 0.499067 0.576606 0.00106216 0.395415 17.834 0 2.18391 0 2.54917 0 1.0909 4.23097 3.83581 1.00178 1 1.00003 1.00226 1.00189 0.00649876 0.00823788 0
190 4.31818 43.1818 1.06429 1.13923 1.06991 7.04611 7.49162 2.71444 4.1292 4.12148 3.74299 3.74299 3.729 3.70001 1.04622 0.349738 1 0.0001 0.00220506 0.0344313 62.9505 36.8311 7.42491 -44.256 39.1682 13.9589 48.31 -0.815381 0 0 0 0.539643 0.578753 -0.00370908 0.00435068 0.000262195 0.873798 0.834804 0.904459 0.0100071 0.00956795 0.0103743 0.0124944 0.0119425 0.0129258 0 0 0 0 0 0 0.499067 0.576606 0.00113998 0.393421 17.6211 0 2.48969 0 2.90027 0 1.06429 4.13089 3.74299 1.00187 1 1.00003 1.00238 1.00191 0.00643892 0.00816001 0
200 4.54545 45.4545 1.03733 1.12674 1.04431 7.21019 7.59215 3.51863 4.02263 4.01477 3.64456 3.64456 3.63094 3.60308 1.01827 0.349113 1 0.0001 0.00221966 0.0344407 62.159 36.3612 7.28916 -43.6503 38.6711 13.7609 47.6543 -1.10959 0 0 0 0.532358 0.572741 -0.00372365 0.00423451 0.000211222 0.868956 0.829864 0.899843 0.0124861 0.0119364 0.0129459 0.0155884 0.0148978 0.016129 0 0 0 0 0 0 0.499067 0.576606 0.000126609 0.392053 17.3915 0 2.77049 0 3.22186 0 1.03733 4.02421 3.64456 1.00196 1 1.00003 1.00249 1.00194 0.00637098 0.00807631 0
210 4.77273 47.7273 1.00998 1.11141 1.0181 7.38143 7.70142 4.31528 3.9087 3.90076 3.54016 3.54016 3.52694 3.50028 0.988812 0.348319 1 0.0001 0.00223579 0.0344764 61.3922 35.8566 7.14762 -43.0042 38.1362 13.5437 46.951 -1.42357 0 0 0 0.527085 0.568359 -0.00375393 0.00411406 0.000133378 0.862949 0.823798 0.89415 0.01495 0.0142894 0.015503 0.0186625 0.0178329 0.0193134 0 0 0 0 0 0 0.499067 0.576606 0.000580317 0.390891 17.1428 0 3.02063 0 3.50497 0 1.00998 3.91016 3.54016 1.00204 1 1.00003 1.00259 1.00197 0.00629316 0.00798031 0
220 5 50 0.982216 1.09356 0.991271 7.55361 7.8192 5.02863 3.78717 3.7792 3.43004 3.43004 3.41725 3.39176 0.958016 0.347865 1 0.0001 0.00225364 0.0345414 60.6511 35.3134 7.00496 -42.3184 37.5571 13.3157 46.202 -1.72643 0 0 0 0.523406 0.565279 -0.00376472 0.00398884 1.95414e-05 0.855889 0.816677 0.887472 0.0173956 0.0166237 0.0180424 0.0217126 0.0207438 0.0224749 0 0 0 0 0 0 0.499067 0.576606 0.00147966 0.389864 16.8736 0 3.2218 0 3.72869 0 0.982216 3.78852 3.43004 1.00211 1 1.00002 1.00268 1.002 0.00621362 0.0078751 0
230 5.22727 52.2727 0.954159 1.07353 0.963989 7.68278 7.90087 5.63882 3.66038 3.65242 3.31564 3.31564 3.30328 3.27896 0.92613 0.347382 1 0.0001 0.00227303 0.0346302 59.927 34.7333 6.85767 -41.591 36.9406 13.0887 45.4114 -2.01142 0 0 0 0.521574 0.564125 -0.00377153 0.00385904 -0.000103369 0.84792 0.808641 0.879884 0.0198201 0.0189364 0.0205615 0.0247348 0.0236266 0.0256101 0 0 0 0 0 0 0.499067 0.576606 0.000797807 0.389013 16.5881 0 3.3867 0 3.90806 0 0.954159 3.66163 3.31564 1.00218 1 1.00002 1.00277 1.00203 0.0061273 0.00776191 0
240 5.45455 54.5455 0.925873 1.05171 0.936343 7.78496 7.9654 6.14567 3.53101 3.5231 3.19805 3.19805 3.18614 3.16299 0.893174 0.347001 1 0.0001 0.00229368 0.0347332 59.2027 34.1232 6.71271 -40.8359 36.2917 12.8517 44.5878 -2.28173 0 0 0 0.520261 0.563121 -0.00376962 0.00371479 -0.00021776 0.839177 0.799817 0.871488 0.0222208 0.021225 0.0230576 0.027726 0.0264782 0.0287155 0 0 0 0 0 0 0.499067 0.576606 0.000735701 0.388094 16.2918 0 3.52362 0 4.05391 0 0.925873 3.53217 3.19805 1.00224 1 1.00002 1.00285 1.00206 0.0060321 0.00763946 0
250 5.68182 56.8182 0.897494 1.02854 0.908492 7.84303 7.9915 6.52295 3.40043 3.39261 3.07882 3.07882 3.06735 3.04537 0.859632 0.346882 1 0.0001 0.0023155 0.0348479 58.4759 33.4907 6.5709 -40.0616 35.618 12.6005 43.742 -2.50189 0 0 0 0.519916 0.562957 -0.00375547 0.00357229 -0.00031241 0.829824 0.790355 0.86245 0.0245956 0.0234873 0.0255285 0.0306834 0.0292956 0.0317884 0 0 0 0 0 0 0.499067 0.576606 0.00103172 0.386707 15.9873 0 3.62452 0 4.15603 0 0.897494 3.40152 3.07882 1.00231 1 1.00002 1.00293 1.0021 0.0059319 0.00751275 0
260 5.90909 59.0909 0.869185 1.00446 0.880626 7.84706 7.97171 6.78139 3.27032 3.2626 2.95945 2.95945 2.94843 2.9276 0.825941 0.346406 1 0.0001 0.00233829 0.0349698 57.743 32.842 6.42476 -39.2668 34.9294 12.3517 42.8773 -2.68982 0 0 0 0.520785 0.563801 -0.00374344 0.0034276 -0.000405664 0.819985 0.780443 0.852913 0.0269427 0.0257217 0.0279722 0.033605 0.0320769 0.0348265 0 0 0 0 0 0 0.499067 0.576606 0.000868992 0.385825 15.678 0 3.70069 0 4.22944 0 0.869185 3.27134 2.95945 1.00236 1 1.00002 1.003 1.00213 0.00582625 0.0073793 0
270 6.13636 61.3636 0.841117 0.979753 0.852919 7.8021 7.90401 6.95833 3.14137 3.13379 2.8411 2.8411 2.83053 2.81082 0.792519 0.346173 1 0.0001 0.00236202 0.0350998 57.0096 32.1797 6.28147 -38.4612 34.2286 12.1052 42.0048 -2.81728 0 0 0 0.52072 0.563717 -0.00374347 0.00326804 -0.000499914 0.809773 0.770148 0.842998 0.0292607 0.0279269 0.0303873 0.0364889 0.0348203 0.037828 0 0 0 0 0 0 0.499067 0.576606 0.000512727 0.385181 15.3653 0 3.75544 0 4.27709 0 0.841117 3.14232 2.8411 1.00242 1 1.00002 1.00307 1.00216 0.00571621 0.00724217 0
280 6.36364 63.6364 0.813473 0.954646 0.825552 7.70674 7.78463 7.07022 3.01408 3.00666 2.72462 2.72462 2.7145 2.69589 0.759705 0.346164 1 0.0001 0.00238666 0.0352395 56.2837 31.515 6.14037 -37.6554 33.5214 11.8606 41.1299 -2.90717 0 0 0 0.520715 0.564028 -0.00374862 0.00304196 -0.000564916 0.799253 0.759559 0.8328 0.0315483 0.0301017 0.0327726 0.0393339 0.0375245 0.0407915 0 0 0 0 0 0 0.499067 0.576606 0.00137136 0.383945 15.0504 0 3.78778 0 4.30167 0 0.813473 3.01498 2.72462 1.00247 1 1.00002 1.00314 1.0022 0.00560257 0.00709982 0
290 6.59091 65.9091 0.786299 0.929419 0.798596 7.5908 7.65219 7.10378 2.88892 2.88167 2.6103 2.6103 2.60062 2.58309 0.727553 0.346613 1 0.0001 0.00241219 0.0353883 55.5651 30.8458 6.00244 -36.8483 32.8106 11.6165 40.2543 -2.98837 0 0 0 0.521745 0.564917 -0.00374879 0.00281364 -0.00059418 0.788523 0.74878 0.822434 0.0338047 0.0322453 0.0351272 0.0421387 0.0401886 0.0437162 0 0 0 0 0 0 0.499067 0.576606 0.000596999 0.383361 14.7343 0 3.80496 0 4.3115 0 0.786299 2.88975 2.6103 1.00251 1 1.00002 1.00319 1.00223 0.00548773 0.00695431 0
300 6.81818 68.1818 0.759684 0.904218 0.77215 7.44715 7.49475 7.09664 2.76605 2.75899 2.49857 2.49857 2.48934 2.47283 0.696239 0.347332 1 0.0001 0.00243862 0.0355482 54.8591 30.1761 5.86491 -36.041 32.1007 11.374 39.3796 -3.01595 0 0 0 0.523105 0.566288 -0.00375112 0.00260578 -0.000604431 0.77766 0.737863 0.811935 0.0360291 0.0343572 0.0374506 0.0449028 0.0428117 0.0466014 0 0 0 0 0 0 0.499067 0.576606 0.00231407 0.382677 14.4172 0 3.81246 0 4.30738 0 0.759684 2.76683 2.49857 1.00256 1 1.00002 1.00325 1.00227 0.00537129 0.00680577 0
310 7.04545 70.4545 0.733764 0.879185 0.746347 7.26613 7.29912 7.04943 2.6459 2.63904 2.39009 2.39009 2.38128 2.36574 0.66601 0.348661 1 0.0001 0.00246592 0.0357206 54.1725 29.5108 5.73157 -35.2424 31.3942 11.131 38.5138 -3.02128 0 0 0 0.524382 0.567465 -0.00373523 0.002394 -0.000602724 0.766704 0.726899 0.801343 0.0382213 0.0364369 0.0397422 0.0476255 0.0453935 0.0494464 0 0 0 0 0 0 0.499067 0.576606 0.00318258 0.381864 14.1004 0 3.81042 0 4.29535 0 0.733764 2.64662 2.39009 1.0026 1 1.00001 1.0033 1.0023 0.00525469 0.00665972 0
320 7.27273 72.7273 0.70858 0.854374 0.72123 7.07284 7.09179 6.98668 2.52938 2.52274 2.28506 2.28506 2.27666 2.26206 0.636775 0.350239 1 0.0001 0.00249391 0.0359011 53.4999 28.8509 5.60332 -34.4542 30.6942 10.8882 37.6577 -2.99907 0 0 0 0.524884 0.568017 -0.00369954 0.00219218 -0.000592904 0.755688 0.715883 0.790693 0.0403811 0.0384842 0.0420016 0.0503066 0.0479338 0.0522509 0 0 0 0 0 0 0.499067 0.576606 0.00257644 0.380845 13.7862 0 3.79379 0 4.26837 0 0.70858 2.53006 2.28506 1.00263 1 1.00001 1.00335 1.00234 0.0051339 0.0065098 0
330 7.5 75 0.684238 0.829926 0.696914 6.8474 6.85462 6.88442 2.41715 2.41071 2.18395 2.18395 2.17596 2.16223 0.608652 0.351351 1 0.0001 0.00252243 0.0360884 52.8436 28.1998 5.4766 -33.6764 30.0054 10.6479 36.8151 -2.95155 0 0 0 0.525689 0.568695 -0.00363705 0.00199183 -0.000588102 0.744676 0.704885 0.780031 0.0425084 0.0404989 0.0442289 0.0529458 0.0504325 0.0550148 0 0 0 0 0 0 0.499067 0.576606 0.00245133 0.379911 13.4766 0 3.76787 0 4.23115 0 0.684238 2.41777 2.18395 1.00267 1 1.00001 1.00339 1.00237 0.00501577 0.00636007 0
340 7.72727 77.2727 0.660707 0.805943 0.673378 6.62791 6.62656 6.75381 2.30866 2.30244 2.08657 2.08657 2.07896 2.06605 0.581644 0.352642 1 0.0001 0.00255162 0.0362852 52.2065 27.5579 5.35053 -32.9084 29.325 10.4124 35.9859 -2.90379 0 0 0 0.526774 0.569492 -0.00355891 0.001803 -0.000582211 0.733756 0.69392 0.769391 0.0446028 0.042481 0.0464238 0.0555432 0.0528895 0.0577378 0 0 0 0 0 0 0.499067 0.576606 0.00178401 0.379347 13.1705 0 3.74159 0 4.19305 0 0.660707 2.30924 2.08657 1.0027 1 1.00001 1.00343 1.0024 0.00490012 0.00621337 0
350 7.95455 79.5455 0.638026 0.782411 0.650655 6.39867 6.3869 6.62666 2.20416 2.19816 1.99284 1.99284 1.9856 1.97348 0.555667 0.353628 1 0.0001 0.00258139 0.0364912 51.5902 26.9231 5.23268 -32.1558 28.6526 10.1803 35.1714 -2.83675 0 0 0 0.527754 0.570386 -0.00346777 0.00161106 -0.000550651 0.72292 0.683005 0.758757 0.0466647 0.0444304 0.0485865 0.0580991 0.0553051 0.0604201 0 0 0 0 0 0 0.499067 0.576606 0.000710732 0.378482 12.8688 0 3.7074 0 4.1483 0 0.638026 2.20471 1.99284 1.00273 1 1.00001 1.00347 1.00244 0.00478701 0.00606869 0
360 8.18182 81.8182 0.616181 0.759401 0.628736 6.17227 6.15136 6.47937 2.1042 2.09842 1.90284 1.90284 1.89595 1.88456 0.530642 0.354838 1 0.0001 0.00261157 0.0367016 50.9882 26.2979 5.11928 -31.4172 27.9918 9.95154 34.3714 -2.78598 0 0 0 0.528502 0.570899 -0.00338189 0.00143566 -0.000517862 0.71217 0.672148 0.74822 0.0486939 0.0463471 0.0507169 0.0606138 0.0576794 0.0630618 0 0 0 0 0 0 0.499067 0.576606 5.28899e-06 0.378309 12.5734 0 3.67184 0 4.10331 0 0.616181 2.10472 1.90284 1.00275 1 1.00001 1.0035 1.00247 0.00467101 0.00592395 0
370 8.40909 84.0909 0.595155 0.736973 0.607615 5.94781 5.9211 6.31581 2.00802 2.00246 1.81648 1.81648 1.80993 1.79923 0.50669 0.356101 1 0.0001 0.00264234 0.0369222 50.4083 25.6856 5.00792 -30.6936 27.342 9.72878 33.5862 -2.71271 0 0 0 0.528846 0.571132 -0.00332049 0.00127413 -0.000482383 0.701547 0.661377 0.737807 0.0506908 0.0482314 0.0528155 0.0630876 0.0600126 0.0656632 0 0 0 0 0 0 0.499067 0.576606 -0.000108261 0.376849 12.2826 0 3.62836 0 4.05002 0 0.595155 2.00851 1.81648 1.00278 1 1.00001 1.00353 1.0025 0.00456037 0.00578499 0
380 8.63636 86.3636 0.574942 0.715139 0.587286 5.72474 5.69186 6.14852 1.91585 1.9105 1.73365 1.73365 1.72741 1.71737 0.483702 0.357296 1 0.0001 0.00267361 0.0371505 49.8477 25.086 4.89634 -29.9824 26.7054 9.50912 32.8144 -2.64266 0 0 0 0.529431 0.571746 -0.00326069 0.00113209 -0.000438812 0.691056 0.650742 0.727499 0.0526559 0.0500834 0.0548821 0.0655208 0.0623051 0.0682247 0 0 0 0 0 0 0.499067 0.576606 0.000653727 0.376333 11.9972 0 3.58425 0 3.99734 0 0.574942 1.9163 1.73365 1.0028 1 1.00001 1.00356 1.00254 0.00445072 0.00564729 0
390 8.86364 88.6364 0.555525 0.69393 0.567733 5.50606 5.46793 5.97238 1.82769 1.82255 1.65446 1.65446 1.64853 1.63909 0.46173 0.358262 1 0.0001 0.00270532 0.037386 49.3055 24.4997 4.78716 -29.2869 26.0826 9.2941 32.059 -2.56654 0 0 0 0.530526 0.572683 -0.00319799 0.000984271 -0.000389666 0.680703 0.640249 0.717346 0.0545894 0.0519036 0.0569172 0.0679141 0.0645573 0.0707467 0 0 0 0 0 0 0.499067 0.576606 0.00062643 0.375406 11.7178 0 3.53731 0 3.94154 0 0.555525 1.82811 1.65446 1.00282 1 1.00001 1.00358 1.00257 0.00434313 0.0055109 0
400 9.09091 90.9091 0.53689 0.673299 0.548939 5.29226 5.24747 5.80962 1.74327 1.73834 1.57879 1.57879 1.57316 1.56429 0.440772 0.359043 1 0.0001 0.00273753 0.0376302 48.7841 23.9271 4.68007 -28.6071 25.474 9.08506 31.3195 -2.48677 0 0 0 0.531116 0.573117 -0.00313973 0.000834914 -0.000332793 0.670487 0.629889 0.707309 0.0564916 0.0536924 0.0589211 0.0702679 0.0667698 0.0732298 0 0 0 0 0 0 0.499067 0.576606 0.000768694 0.374535 11.4439 0 3.49068 0 3.88571 0 0.53689 1.74367 1.57879 1.00284 1 1.00001 1.0036 1.0026 0.00423682 0.00537613 0
410 9.31818 93.1818 0.51903 0.653321 0.530908 5.07772 5.0294 5.62604 1.66275 1.65802 1.5067 1.5067 1.50135 1.49301 0.420822 0.359153 1 0.0001 0.00277012 0.0378817 48.2825 23.3665 4.57878 -27.9453 24.8795 8.88193 30.5988 -2.40977 0 0 0 0.53145 0.573325 -0.00308179 0.000697596 -0.0002685 0.66045 0.619685 0.697451 0.058363 0.0554501 0.0608941 0.0725827 0.0689431 0.0756743 0 0 0 0 0 0 0.499067 0.576606 0.000159029 0.374014 11.1764 0 3.43859 0 3.82442 0 0.51903 1.66313 1.5067 1.00285 1 1.00001 1.00362 1.00263 0.00413012 0.00524368 0
420 9.54545 95.4545 0.501934 0.633963 0.513625 4.86694 4.81445 5.45103 1.58592 1.58139 1.43804 1.43804 1.43297 1.42513 0.401855 0.359153 1 0.0001 0.0028031 0.0381411 47.8017 22.8213 4.47794 -27.2993 24.3008 8.68396 29.8955 -2.32543 0 0 0 0.532019 0.573573 -0.00300318 0.000577471 -0.000213129 0.650575 0.609639 0.687763 0.0602039 0.0571773 0.0628366 0.074859 0.0710778 0.078081 0 0 0 0 0 0 0.499067 0.576606 0.000679895 0.372554 10.9151 0 3.38971 0 3.76695 0 0.501934 1.58627 1.43804 1.00287 1 1.00001 1.00364 1.00266 0.00402509 0.00511114 0
430 9.77273 97.7273 0.485548 0.615221 0.497042 4.66954 4.61409 5.27793 1.51269 1.50835 1.37263 1.37263 1.36782 1.36046 0.383791 0.358648 1 0.0001 0.00283646 0.0384077 47.3397 22.2905 4.3796 -26.6701 23.7367 8.49045 29.2098 -2.2526 0 0 0 0.532346 0.573621 -0.00292622 0.000468541 -0.00014049 0.640868 0.599764 0.678242 0.0620148 0.0588741 0.0647495 0.0770976 0.0731743 0.0804504 0 0 0 0 0 0 0.499067 0.576606 0.000620955 0.372166 10.66 0 3.3375 0 3.70721 0 0.485548 1.51302 1.37263 1.00288 1 1.00001 1.00366 1.00269 0.00392064 0.0049779 0
440 10 100 0.469864 0.597097 0.481152 4.47472 4.41668 5.10361 1.44282 1.43866 1.31036 1.31036 1.3058 1.29889 0.366626 0.358502 1 0.0001 0.00287021 0.0386829 46.8984 21.773 4.28311 -26.0561 23.1874 8.29865 28.5421 -2.17254 0 0 0 0.5328 0.573954 -0.00284507 0.000368952 -8.00773e-05 0.631325 0.590088 0.668894 0.0637963 0.0605412 0.066633 0.0792989 0.0752335 0.0827832 0 0 0 0 0 0 0.499067 0.576606 0.000402629 0.37169 10.4109 0 3.28575 0 3.64631 0 0.469864 1.44313 1.31036 1.00289 1 1.00001 1.00367 1.00272 0.00381819 0.00484825 0
450 10.2273 102.273 0.454853 0.579564 0.465926 4.28763 4.22704 4.93732 1.37619 1.37221 1.25102 1.25102 1.24671 1.24022 0.350282 0.358169 1 0.0001 0.00290436 0.0389672 46.4781 21.2693 4.19056 -25.4598 22.6518 8.11023 27.8914 -2.09245 0 0 0 0.532872 0.573983 -0.00276358 0.000294261 -4.55259e-05 0.621952 0.58058 0.659721 0.0655489 0.0621789 0.0684878 0.0814636 0.0772561 0.0850799 0 0 0 0 0 0 0.499067 0.576606 0.000551177 0.371347 10.1676 0 3.23414 0 3.58632 0 0.454853 1.37648 1.25102 1.0029 1 1.00001 1.00369 1.00275 0.0037181 0.00472045 0
460 10.4545 104.545 0.440493 0.562607 0.451342 4.10682 4.04392 4.7751 1.31275 1.30894 1.19461 1.19461 1.19052 1.18443 0.334759 0.357878 1 0.0001 0.00293886 0.0392592 46.0769 20.7787 4.099 -24.8777 22.1308 7.93062 27.2571 -2.02196 0 0 0 0.532999 0.573954 -0.00269978 0.000220162 -1.56051e-05 0.612752 0.571242 0.650716 0.0672728 0.0637877 0.0703143 0.0835922 0.0792425 0.0873411 0 0 0 0 0 0 0.499067 0.576606 0.00048761 0.370977 9.93042 0 3.18358 0 3.52987 0 0.440493 1.31302 1.19461 1.00291 1 1.00001 1.0037 1.00278 0.00362162 0.00459572 0
470 10.6818 106.818 0.42674 0.546198 0.437365 3.93593 3.87289 4.62071 1.25237 1.24873 1.14089 1.14089 1.13702 1.1313 0.319976 0.358051 1 0.0001 0.00297367 0.0395584 45.6933 20.3005 4.00953 -24.31 21.6228 7.75669 26.6391 -1.94559 0 0 0 0.53332 0.574115 -0.00263713 0.000150616 1.69286e-05 0.603709 0.562081 0.64187 0.0689682 0.0653682 0.0721127 0.0856854 0.0811934 0.0895675 0 0 0 0 0 0 0.499067 0.576606 0.000573921 0.370391 9.6993 0 3.13193 0 3.47075 0 0.42674 1.25262 1.14089 1.00292 1 1.00001 1.00371 1.00281 0.00352415 0.00447228 0
480 10.9091 109.091 0.413597 0.530336 0.42399 3.76655 3.70098 4.46666 1.19492 1.19144 1.08986 1.08986 1.0862 1.08082 0.305947 0.358377 1 0.0001 0.0030088 0.0398659 45.3293 19.8365 3.92303 -23.7595 21.1295 7.58517 26.0388 -1.87389 0 0 0 0.534253 0.574792 -0.00257797 6.4755e-05 5.22745e-05 0.594843 0.553082 0.633194 0.0706359 0.0669209 0.0738836 0.0877439 0.0831096 0.0917596 0 0 0 0 0 0 0.499067 0.576606 0.000242813 0.369966 9.47421 0 3.08234 0 3.41418 0 0.413597 1.19516 1.08986 1.00293 1 1.00001 1.00372 1.00283 0.00343198 0.00435508 0
490 11.1364 111.364 0.401023 0.515006 0.411176 3.60828 3.54087 4.31708 1.14054 1.1372 1.04138 1.04138 1.03791 1.03286 0.292582 0.359145 1 0.0001 0.00304406 0.0401765 44.9784 19.3857 3.83922 -23.2249 20.6501 7.41493 25.4562 -1.80223 0 0 0 0.535061 0.575543 -0.00250176 -2.50186e-05 8.22184e-05 0.586141 0.544257 0.624687 0.0722763 0.0684463 0.0756273 0.0897681 0.0849914 0.093918 0 0 0 0 0 0 0.499067 0.576606 -8.01968e-05 0.369363 9.25606 0 3.02932 0 3.35448 0 0.401023 1.14075 1.04138 1.00293 1 1 1.00372 1.00286 0.00333954 0.00423839 0
500 11.3636 113.636 0.388996 0.500204 0.398908 3.45467 3.38663 4.16814 1.08888 1.08569 0.995279 0.995279 0.991998 0.987238 0.279862 0.360088 1 0.0001 0.00307955 0.0404932 44.6437 18.9476 3.756 -22.7036 20.184 7.24984 24.8892 -1.73762 0 0 0 0.535887 0.576426 -0.00243963 -0.000105675 0.000115234 0.577599 0.535613 0.616366 0.0738899 0.0699448 0.0773445 0.0917587 0.0868397 0.0960435 0 0 0 0 0 0 0.499067 0.576606 0.000286118 0.368736 9.04399 0 2.98179 0 3.30036 0 0.388996 1.08908 0.995279 1.00294 1 1 1.00373 1.00288 0.00325097 0.00412618 0
510 11.5909 115.909 0.377474 0.485909 0.387143 3.313 3.24467 4.02542 1.03981 1.03676 0.951424 0.951424 0.948317 0.943839 0.267747 0.360983 1 0.0001 0.00311527 0.0408151 44.3226 18.5199 3.67801 -22.1979 19.7287 7.09154 24.3382 -1.67695 0 0 0 0.536463 0.576907 -0.00237034 -0.00016863 0.000137389 0.569225 0.527135 0.608219 0.0754773 0.0714166 0.0790356 0.0937164 0.0886549 0.0981365 0 0 0 0 0 0 0.499067 0.576606 0.000709861 0.368678 8.83782 0 2.93209 0 3.24501 0 0.377474 1.03999 0.951424 1.00294 1 1 1.00374 1.00291 0.00316468 0.00401675 0
520 11.8182 118.182 0.366445 0.472111 0.375873 3.17356 3.10579 3.88562 0.993102 0.990186 0.909715 0.909715 0.906769 0.902555 0.256232 0.361865 1 0.0001 0.00315128 0.0411449 44.0185 18.103 3.60476 -21.7077 19.2854 6.93721 23.8028 -1.61762 0 0 0 0.536997 0.577288 -0.00231376 -0.000222745 0.000150794 0.561025 0.518824 0.600245 0.0770392 0.0728623 0.080701 0.0956416 0.0904378 0.100198 0 0 0 0 0 0 0.499067 0.576606 0.0006883 0.368643 8.63705 0 2.88278 0 3.18975 0 0.366445 0.993279 0.909715 1.00295 1 1 1.00374 1.00293 0.00308254 0.00391283 0
530 12.0455 120.455 0.355878 0.458797 0.365065 3.04356 2.9758 3.74912 0.948911 0.946121 0.870036 0.870036 0.867248 0.863282 0.24523 0.362456 1 0.0001 0.00318735 0.0414765 43.7242 17.6986 3.53165 -21.2303 18.8548 6.78684 23.2815 -1.5584 0 0 0 0.537175 0.577435 -0.00226114 -0.000284225 0.000158839 0.552999 0.510678 0.592448 0.0785762 0.0742823 0.0823412 0.0975351 0.0921889 0.102228 0 0 0 0 0 0 0.499067 0.576606 0.000123809 0.368206 8.44268 0 2.83123 0 3.13329 0 0.355878 0.949077 0.870036 1.00295 1 1 1.00375 1.00296 0.00300035 0.00380828 0
540 12.2727 122.727 0.345752 0.445952 0.354703 2.91815 2.85144 3.61726 0.906907 0.904238 0.832311 0.832311 0.829671 0.825943 0.234768 0.362811 1 0.0001 0.00322364 0.0418136 43.4434 17.3055 3.45949 -20.765 18.4362 6.64116 22.7745 -1.50172 0 0 0 0.537023 0.577314 -0.00219965 -0.000336036 0.00017417 0.545136 0.502701 0.584827 0.0800882 0.0756773 0.0839567 0.0993975 0.0939089 0.104228 0 0 0 0 0 0 0.499067 0.576606 0.000278983 0.367642 8.25369 0 2.78411 0 3.08101 0 0.345752 0.907063 0.832311 1.00295 1 1 1.00375 1.00298 0.00292078 0.00370683 0
550 12.5 125 0.336059 0.433562 0.344772 2.79633 2.72941 3.48898 0.866995 0.864441 0.796462 0.796462 0.793961 0.79045 0.224825 0.363205 1 0.0001 0.00326012 0.0421572 43.1774 16.9224 3.39089 -20.3133 18.029 6.50232 22.2817 -1.4452 0 0 0 0.536981 0.576942 -0.00214584 -0.000368153 0.000178407 0.53743 0.494906 0.577375 0.0815757 0.077048 0.0855483 0.101229 0.0955983 0.106198 0 0 0 0 0 0 0.499067 0.576606 0.000386374 0.367167 8.07002 0 2.73486 0 3.02516 0 0.336059 0.867143 0.796462 1.00295 1 1 1.00375 1.003 0.00284342 0.00360873 0
560 12.7273 127.273 0.326787 0.421633 0.335264 2.67749 2.61113 3.35911 0.829327 0.826883 0.762484 0.762484 0.760116 0.75681 0.215369 0.36323 1 0.0001 0.00329653 0.0425005 42.9195 16.5516 3.32503 -19.8766 17.6351 6.36631 21.8041 -1.38753 0 0 0 0.537427 0.576944 -0.00210713 -0.000400901 0.000185613 0.529907 0.487296 0.570095 0.0830394 0.0783947 0.0871162 0.103031 0.0972579 0.108138 0 0 0 0 0 0 0.499067 0.576606 0.000120024 0.366396 7.89276 0 2.68617 0 2.97038 0 0.326787 0.829467 0.762484 1.00296 1 1 1.00376 1.00302 0.00276759 0.00351253 0
570 12.9545 129.545 0.317919 0.410141 0.326163 2.56284 2.49729 3.23616 0.793646 0.791305 0.730289 0.730289 0.728045 0.724927 0.206407 0.363509 1 0.0001 0.00333298 0.0428469 42.6733 16.1935 3.26029 -19.4537 17.2539 6.23312 21.342 -1.3316 0 0 0 0.537654 0.57697 -0.00206706 -0.000438677 0.000194513 0.522542 0.479866 0.562993 0.0844794 0.0797178 0.0886607 0.104804 0.0988883 0.110051 0 0 0 0 0 0 0.499067 0.576606 0.000373789 0.365599 7.7211 0 2.63791 0 2.91573 0 0.317919 0.793777 0.730289 1.00296 1 1 1.00376 1.00304 0.00269431 0.00341959 0
580 13.1818 131.818 0.30943 0.399065 0.317444 2.45525 2.39043 3.11909 0.759896 0.757654 0.699781 0.699781 0.697655 0.694713 0.197902 0.364329 1 0.0001 0.00336939 0.0431947 42.4365 15.8467 3.19714 -19.0438 16.885 6.10416 20.8945 -1.28026 0 0 0 0.537709 0.577106 -0.00202215 -0.000472436 0.000213521 0.515342 0.4726 0.556059 0.0858964 0.0810179 0.0901826 0.106547 0.10049 0.111935 0 0 0 0 0 0 0.499067 0.576606 0.000317961 0.365404 7.55514 0 2.59182 0 2.86434 0 0.30943 0.76002 0.699781 1.00296 1 1 1.00376 1.00306 0.00262188 0.00332944 0
590 13.4091 134.091 0.301298 0.388377 0.309086 2.35376 2.28988 3.0097 0.727957 0.725809 0.670817 0.670817 0.668804 0.666029 0.189808 0.364908 1 0.0001 0.00340576 0.0435429 42.2077 15.5099 3.13623 -18.6461 16.527 5.9801 20.4605 -1.23275 0 0 0 0.537819 0.577374 -0.00198091 -0.000504099 0.000240274 0.508309 0.465481 0.549275 0.0872909 0.0822955 0.0916824 0.108263 0.102064 0.113791 0 0 0 0 0 0 0.499067 0.576606 0.00121911 0.365008 7.39466 0 2.54793 0 2.81546 0 0.301298 0.728074 0.670817 1.00296 1 1 1.00376 1.00308 0.00255188 0.00323998 0
600 13.6364 136.364 0.293503 0.378065 0.301068 2.2579 2.19524 2.90405 0.697554 0.695495 0.643311 0.643311 0.641401 0.638778 0.182136 0.365631 1 0.0001 0.00344228 0.0438972 41.992 15.1838 3.07682 -18.2606 16.1798 5.86093 20.0391 -1.18673 0 0 0 0.538252 0.577809 -0.00194977 -0.000530636 0.000259534 0.501415 0.458531 0.542643 0.0886631 0.0835508 0.0931605 0.109951 0.103611 0.115621 0 0 0 0 0 0 0.499067 0.576606 0.000542521 0.364096 7.23859 0 2.50338 0 2.76654 0 0.293503 0.697665 0.643311 1.00296 1 1 1.00376 1.0031 0.00248632 0.00315746 0
610 13.8636 138.636 0.286033 0.368123 0.293379 2.16528 2.10346 2.79964 0.668818 0.666844 0.617173 0.617173 0.615364 0.612893 0.174814 0.366667 1 0.0001 0.00347867 0.0442508 41.7831 14.8664 3.02126 -17.8877 15.8415 5.74658 19.631 -1.14155 0 0 0 0.539122 0.578639 -0.00193363 -0.000553512 0.000274998 0.494666 0.451751 0.536164 0.0900134 0.0847845 0.0946171 0.111612 0.10513 0.117425 0 0 0 0 0 0 0.499067 0.576606 -0.000306653 0.364198 7.08793 0 2.45821 0 2.71615 0 0.286033 0.668923 0.617173 1.00296 1 1 1.00376 1.00312 0.0024204 0.00307381 0
620 14.0909 140.909 0.278873 0.358538 0.286002 2.07717 2.01636 2.69902 0.641451 0.639557 0.592336 0.592336 0.590619 0.588281 0.167869 0.367304 1 0.0001 0.0035152 0.0446102 41.5867 14.5593 2.96565 -17.5249 15.5146 5.63552 19.2343 -1.09694 0 0 0 0.539925 0.579328 -0.00192757 -0.000574602 0.000300717 0.48807 0.445127 0.529836 0.0913425 0.0859972 0.0960525 0.113247 0.106624 0.119203 0 0 0 0 0 0 0.499067 0.576606 -0.000431776 0.363971 6.94139 0 2.41586 0 2.66936 0 0.278873 0.641549 0.592336 1.00296 1 1 1.00376 1.00314 0.00235823 0.00299523 0
630 14.3182 143.182 0.272009 0.349285 0.278927 1.99246 1.93275 2.60574 0.615559 0.613742 0.568732 0.568732 0.567103 0.564894 0.161245 0.368506 1 0.0001 0.00355159 0.0449695 41.3977 14.2611 2.91243 -17.1736 15.1967 5.52658 18.8504 -1.05572 0 0 0 0.540575 0.579884 -0.00191869 -0.000597791 0.000328856 0.481619 0.438655 0.523636 0.0926506 0.0871892 0.0974673 0.114856 0.108092 0.120955 0 0 0 0 0 0 0.499067 0.576606 -0.000919697 0.36343 6.79986 0 2.37451 0 2.62318 0 0.272009 0.615652 0.568732 1.00296 1 1 1.00376 1.00315 0.0022972 0.00291715 0
640 14.5455 145.455 0.265426 0.340355 0.272136 1.91235 1.85375 2.51451 0.590911 0.589167 0.546274 0.546274 0.544728 0.542639 0.154946 0.369396 1 0.0001 0.00358806 0.0453336 41.2196 13.9725 2.86063 -16.8332 14.8891 5.41983 18.4772 -1.01703 0 0 0 0.540899 0.580154 -0.00191768 -0.000616399 0.000357479 0.475314 0.432332 0.517568 0.0939382 0.088361 0.0988622 0.116439 0.109535 0.122683 0 0 0 0 0 0 0.499067 0.576606 -0.0011936 0.363306 6.66233 0 2.33433 0 2.5788 0 0.265426 0.590999 0.546274 1.00296 1 1 1.00376 1.00317 0.00223756 0.00284234 0
650 14.7727 147.727 0.259106 0.331741 0.265612 1.83709 1.77969 2.42567 0.567434 0.565759 0.524923 0.524923 0.523456 0.521478 0.148966 0.37035 1 0.0001 0.00362461 0.0457024 41.0522 13.6925 2.80929 -16.5018 14.5906 5.31806 18.1148 -0.980574 0 0 0 0.541187 0.580271 -0.00191559 -0.000630808 0.000380124 0.469139 0.426163 0.511641 0.0952057 0.0895129 0.100238 0.117998 0.110954 0.124387 0 0 0 0 0 0 0.499067 0.576606 -0.000721605 0.362652 6.52864 0 2.29299 0 2.5334 0 0.259106 0.567516 0.524923 1.00296 1 1 1.00376 1.00319 0.00218097 0.00277001 0
660 15 150 0.253032 0.323433 0.259339 1.76634 1.71042 2.33975 0.54505 0.543442 0.504591 0.504591 0.503197 0.501322 0.143277 0.371334 1 0.0001 0.00366126 0.0460756 40.8943 13.4207 2.7597 -16.1804 14.3008 5.21739 17.7632 -0.945905 0 0 0 0.541621 0.580575 -0.00192137 -0.00064323 0.000401147 0.463091 0.420147 0.505854 0.0964539 0.0906458 0.101594 0.119532 0.112349 0.126067 0 0 0 0 0 0 0.499067 0.576606 -0.000238335 0.362033 6.39858 0 2.25491 0 2.49073 0 0.253032 0.545127 0.504591 1.00296 1 1 1.00376 1.0032 0.00212607 0.00270062 0
670 15.2273 152.273 0.247196 0.315413 0.25331 1.69785 1.64336 2.25824 0.52378 0.522235 0.485239 0.485239 0.483915 0.482141 0.137855 0.372789 1 0.0001 0.00369788 0.046451 40.7442 13.1569 2.71167 -15.8686 14.0195 5.11992 17.4217 -0.911236 0 0 0 0.541525 0.58042 -0.00193341 -0.000645946 0.000410126 0.45718 0.414265 0.500197 0.0976827 0.0917602 0.102931 0.121043 0.11372 0.127723 0 0 0 0 0 0 0.499067 0.576606 -0.000487669 0.362171 6.27249 0 2.2162 0 2.44795 0 0.247196 0.523854 0.485239 1.00296 1 1 1.00376 1.00322 0.00207181 0.00263228 0
680 15.4545 154.545 0.241595 0.307679 0.247519 1.63073 1.57751 2.17815 0.503531 0.502046 0.46683 0.46683 0.465573 0.463894 0.1327 0.373465 1 0.0001 0.0037345 0.0468303 40.6037 12.9008 2.66567 -15.5664 13.7468 5.02641 17.0901 -0.877427 0 0 0 0.541604 0.580445 -0.00194466 -0.000646239 0.000413934 0.451405 0.408522 0.494672 0.0988924 0.0928562 0.104249 0.12253 0.115069 0.129357 0 0 0 0 0 0 0.499067 0.576606 0.000133933 0.36198 6.15005 0 2.17753 0 2.4051 0 0.241595 0.503602 0.46683 1.00296 1 1 1.00376 1.00323 0.00202001 0.00256622 0
690 15.6818 156.818 0.236214 0.300214 0.241953 1.56758 1.51506 2.10197 0.484235 0.482807 0.449308 0.449308 0.448112 0.44652 0.127799 0.37442 1 0.0001 0.00377116 0.0472133 40.4722 12.652 2.62153 -15.2735 13.4817 4.93513 16.7689 -0.845138 0 0 0 0.54163 0.580337 -0.00195287 -0.000639064 0.000431429 0.445742 0.402921 0.489282 0.100083 0.0939341 0.10555 0.123994 0.116395 0.130969 0 0 0 0 0 0 0.499067 0.576606 0.000233584 0.361647 6.03106 0 2.14149 0 2.36504 0 0.236214 0.484302 0.449308 1.00296 1 1 1.00376 1.00324 0.00197041 0.00250257 0
700 15.9091 159.091 0.231041 0.293 0.236596 1.50839 1.45689 2.03156 0.465893 0.464519 0.432616 0.432616 0.431478 0.429966 0.123121 0.375011 1 0.0001 0.00380774 0.0475981 40.3478 12.4118 2.57713 -14.9889 13.2253 4.84613 16.4564 -0.816293 0 0 0 0.541931 0.580456 -0.00196855 -0.000623456 0.000455203 0.440193 0.397445 0.484011 0.101256 0.0949943 0.106833 0.125436 0.1177 0.132558 0 0 0 0 0 0 0.499067 0.576606 -0.000257695 0.361364 5.91574 0 2.10615 0 2.32656 0 0.231041 0.465956 0.432616 1.00296 1 1 1.00376 1.00326 0.00192163 0.00244113 0
710 16.1364 161.364 0.226059 0.286033 0.231437 1.45286 1.40277 1.96181 0.448419 0.447098 0.416699 0.416699 0.415617 0.41418 0.118658 0.376299 1 0.0001 0.0038443 0.047985 40.2298 12.178 2.5339 -14.712 12.9756 4.75884 16.1534 -0.788296 0 0 0 0.542316 0.580647 -0.00199247 -0.000605911 0.000480037 0.434773 0.392094 0.478854 0.102411 0.096037 0.108099 0.126855 0.118984 0.134127 0 0 0 0 0 0 0.499067 0.576606 -0.000517932 0.360733 5.80374 0 2.07017 0 2.28779 0 0.226059 0.448478 0.416699 1.00296 1 1 1.00375 1.00327 0.0018754 0.0023819 0
720 16.3636 163.636 0.221263 0.279311 0.226468 1.39915 1.35071 1.89282 0.431767 0.430495 0.401526 0.401526 0.400496 0.399132 0.114402 0.377197 1 0.0001 0.00388084 0.0483738 40.1181 11.9509 2.49261 -14.4435 12.7333 4.67444 15.8588 -0.761091 0 0 0 0.542446 0.580782 -0.00201185 -0.00058071 0.0004984 0.42947 0.386879 0.473817 0.103547 0.0970626 0.109347 0.128253 0.120246 0.135674 0 0 0 0 0 0 0.499067 0.576606 -0.000545358 0.360016 5.69496 0 2.03529 0 2.24928 0 0.221263 0.431823 0.401526 1.00295 1 1 1.00375 1.00328 0.00182989 0.00232431 0
730 16.5909 165.909 0.216644 0.272823 0.221683 1.34759 1.30052 1.82725 0.415916 0.414691 0.387061 0.387061 0.38608 0.384783 0.11034 0.378001 1 0.0001 0.0039173 0.0487632 40.0117 11.7306 2.45221 -14.1829 12.4983 4.59275 15.5725 -0.735216 0 0 0 0.5424 0.580878 -0.00203512 -0.000556034 0.000517138 0.42428 0.381785 0.468905 0.104667 0.0980716 0.110579 0.12963 0.121488 0.137201 0 0 0 0 0 0 0.499067 0.576606 -5.33268e-06 0.359631 5.58946 0 2.00161 0 2.21208 0 0.216644 0.415969 0.387061 1.00295 1 1 1.00375 1.0033 0.00178573 0.00226844 0
740 16.8182 168.182 0.212198 0.266559 0.217074 1.29777 1.25204 1.76396 0.400802 0.399622 0.373282 0.373282 0.372347 0.371114 0.106473 0.379504 1 0.0001 0.00395371 0.0491563 39.9134 11.5169 2.41259 -13.9295 12.2699 4.51285 15.2952 -0.709896 0 0 0 0.542602 0.581095 -0.00206798 -0.000530482 0.00053747 0.419214 0.376805 0.464107 0.105769 0.0990647 0.111795 0.130986 0.12271 0.138708 0 0 0 0 0 0 0.499067 0.576606 -6.10728e-05 0.359161 5.48696 0 1.96687 0 2.17427 0 0.212198 0.400852 0.373282 1.00295 1 1 1.00375 1.00331 0.00174257 0.00221352 0
750 17.0455 170.455 0.207916 0.260513 0.212634 1.25032 1.206 1.70247 0.386397 0.38526 0.360151 0.360151 0.35926 0.358087 0.102789 0.380796 1 0.0001 0.00399005 0.0495507 39.8207 11.3107 2.37304 -13.6837 12.0493 4.43477 15.0255 -0.683575 0 0 0 0.542843 0.581071 -0.00210256 -0.000507113 0.00055619 0.414264 0.371942 0.459424 0.106856 0.100042 0.112995 0.132322 0.123913 0.140196 0 0 0 0 0 0 0.499067 0.576606 -0.00046161 0.358866 5.38746 0 1.93377 0 2.13802 0 0.207916 0.386445 0.360151 1.00295 1 1 1.00375 1.00332 0.00170218 0.00216195 0
760 17.2727 172.727 0.203794 0.254668 0.208359 1.20386 1.16051 1.64589 0.372781 0.371685 0.347635 0.347635 0.346786 0.345674 0.0992542 0.381963 1 0.0001 0.004026 0.0499381 39.7271 11.1101 2.33491 -13.445 11.8354 4.35939 14.7636 -0.658442 0 0 0 0.542943 0.581047 -0.0021333 -0.000485433 0.000571046 0.409425 0.367187 0.454841 0.107926 0.101004 0.11418 0.133638 0.125097 0.141664 0 0 0 0 0 0 0.499067 0.576606 -0.000394596 0.358237 5.29169 0 1.90055 0 2.10199 0 0.203794 0.372827 0.347635 1.00295 1 1 1.00375 1.00333 0.00166106 0.0021095 0
770 17.5 175 0.199827 0.249019 0.204241 1.15966 1.11735 1.5909 0.359741 0.358683 0.335717 0.335717 0.334907 0.333847 0.095904 0.383293 1 0.0001 0.00406199 0.0503312 39.6428 10.9154 2.29803 -13.2134 11.6275 4.28642 14.5103 -0.635314 0 0 0 0.542905 0.580937 -0.00216095 -0.000460961 0.000582773 0.404692 0.362542 0.450361 0.10898 0.10195 0.115349 0.134934 0.126262 0.143114 0 0 0 0 0 0 0.499067 0.576606 -5.42752e-05 0.357794 5.19832 0 1.86827 0 2.0663 0 0.199827 0.359785 0.335717 1.00295 1 1 1.00375 1.00334 0.00162274 0.00206157 0
780 17.7273 177.273 0.196001 0.243565 0.20027 1.11829 1.07715 1.53572 0.347341 0.34632 0.324359 0.324359 0.323586 0.322577 0.0927051 0.384686 1 0.0001 0.00409777 0.0507222 39.5612 10.7276 2.26174 -12.9893 11.4267 4.21493 14.2641 -0.613515 0 0 0 0.542805 0.580859 -0.00218598 -0.000433009 0.000594821 0.400073 0.357997 0.445993 0.110019 0.102883 0.116502 0.136211 0.127409 0.144545 0 0 0 0 0 0 0.499067 0.576606 9.36508e-05 0.358056 5.10794 0 1.83798 0 2.03263 0 0.196001 0.347383 0.324359 1.00295 1 1 1.00375 1.00335 0.00158452 0.0020134 0
790 17.9545 179.545 0.192315 0.238297 0.196442 1.07789 1.03806 1.4834 0.335516 0.33453 0.313536 0.313536 0.312799 0.311838 0.0896589 0.386245 1 0.0001 0.0041334 0.0511133 39.4842 10.5452 2.22661 -12.7718 11.2318 4.14558 14.0258 -0.591245 0 0 0 0.542713 0.580921 -0.00220922 -0.000409665 0.000610992 0.395565 0.353553 0.441728 0.111042 0.1038 0.117641 0.13747 0.128537 0.145958 0 0 0 0 0 0 0.499067 0.576606 6.61603e-07 0.358122 5.02024 0 1.80626 0 1.9977 0 0.192315 0.335556 0.313536 1.00295 1 1 1.00374 1.00336 0.0015478 0.00196685 0
800 18.1818 181.818 0.188761 0.233204 0.19275 1.03955 1.00084 1.43436 0.324185 0.323233 0.30321 0.30321 0.302505 0.301588 0.0867621 0.387297 1 0.0001 0.00416905 0.0515096 39.4156 10.3682 2.19221 -12.5604 11.0428 4.0798 13.794 -0.571346 0 0 0 0.542569 0.580829 -0.00223114 -0.000382514 0.000632138 0.391163 0.349214 0.437549 0.112051 0.104703 0.118766 0.13871 0.129649 0.147353 0 0 0 0 0 0 0.499067 0.576606 0.000438149 0.357501 4.93475 0 1.77708 0 1.9661 0 0.188761 0.324223 0.30321 1.00295 1 1 1.00374 1.00337 0.00151396 0.00192281 0
810 18.4091 184.091 0.185334 0.228279 0.189189 1.0028 0.965107 1.3867 0.313362 0.312442 0.293349 0.293349 0.292676 0.2918 0.0839966 0.388702 1 0.0001 0.00420459 0.0519057 39.351 10.1959 2.1594 -12.3553 10.8588 4.01515 13.5697 -0.551733 0 0 0 0.542496 0.580732 -0.00225196 -0.000346752 0.000652166 0.386849 0.344978 0.433471 0.113045 0.105593 0.119876 0.139933 0.130743 0.148731 0 0 0 0 0 0 0.499067 0.576606 2.32325e-05 0.356836 4.85168 0 1.74771 0 1.93399 0 0.185334 0.313398 0.293349 1.00294 1 1 1.00374 1.00338 0.00148013 0.00188012 0
820 18.6364 186.364 0.182026 0.223516 0.18575 0.968508 0.931596 1.34138 0.303039 0.302149 0.283926 0.283926 0.283282 0.282448 0.08135 0.390054 1 0.0001 0.00423994 0.0523025 39.2909 10.0287 2.12724 -12.1559 10.6803 3.95233 13.3514 -0.533438 0 0 0 0.542704 0.580935 -0.00227067 -0.000304259 0.000674734 0.382631 0.340836 0.429484 0.114025 0.106469 0.120972 0.141138 0.13182 0.150093 0 0 0 0 0 0 0.499067 0.576606 -3.50529e-05 0.356851 4.77109 0 1.71943 0 1.90318 0 0.182026 0.303073 0.283926 1.00294 1 1 1.00374 1.00339 0.00144726 0.00183765 0
830 18.8636 188.636 0.178831 0.218906 0.182428 0.935544 0.899629 1.29817 0.293131 0.292271 0.274921 0.274921 0.274305 0.273508 0.0788294 0.390856 1 0.0001 0.00427533 0.0527019 39.2366 9.86717 2.09548 -11.9626 10.5081 3.89004 13.139 -0.515773 0 0 0 0.542959 0.581063 -0.00228511 -0.000264388 0.000695994 0.378506 0.336783 0.425584 0.114992 0.107331 0.122055 0.142325 0.132881 0.151437 0 0 0 0 0 0 0.499067 0.576606 0.000348302 0.356914 4.69245 0 1.69236 0 1.87345 0 0.178831 0.293163 0.274921 1.00294 1 1 1.00374 1.0034 0.00141581 0.00179776 0
840 19.0909 190.909 0.175747 0.214447 0.17922 0.903212 0.868375 1.25555 0.283656 0.282824 0.26632 0.26632 0.26573 0.264968 0.0764238 0.391783 1 0.0001 0.00431058 0.0531038 39.1883 9.71003 2.06467 -11.7747 10.3404 3.82944 12.9332 -0.497458 0 0 0 0.543229 0.581239 -0.00230001 -0.000228009 0.000717758 0.374476 0.332824 0.421771 0.115944 0.108181 0.123125 0.143496 0.133926 0.152766 0 0 0 0 0 0 0.499067 0.576606 0.00024285 0.356861 4.616 0 1.66421 0 1.84236 0 0.175747 0.283687 0.26632 1.00294 1 1 1.00374 1.00341 0.00138565 0.00175918 0
850 19.3182 193.182 0.172768 0.210138 0.176121 0.872746 0.838988 1.21361 0.274588 0.273783 0.258096 0.258096 0.257531 0.256801 0.0741255 0.392574 1 0.0001 0.00434574 0.0535072 39.1448 9.55736 2.03505 -11.5924 10.1774 3.77088 12.7333 -0.482079 0 0 0 0.543339 0.581312 -0.00231688 -0.000193917 0.000744843 0.370538 0.328956 0.418048 0.116884 0.109018 0.124182 0.144651 0.134955 0.154078 0 0 0 0 0 0 0.499067 0.576606 0.000477134 0.356584 4.54161 0 1.63821 0 1.81399 0 0.172768 0.274617 0.258096 1.00294 1 1 1.00374 1.00341 0.00135598 0.00172241 0
860 19.5455 195.455 0.169883 0.205969 0.173121 0.844886 0.812269 1.17394 0.265894 0.265115 0.250222 0.250222 0.24968 0.248982 0.0719275 0.393493 1 0.0001 0.00438083 0.0539118 39.1051 9.40951 2.00525 -11.4148 10.0193 3.71339 12.5388 -0.467579 0 0 0 0.543267 0.581263 -0.00233949 -0.000162517 0.000775714 0.366689 0.325179 0.41441 0.11781 0.109842 0.125226 0.145789 0.135969 0.155375 0 0 0 0 0 0 0.499067 0.576606 0.000614247 0.356037 4.46914 0 1.61179 0 1.78529 0 0.169883 0.265922 0.250222 1.00294 1 1 1.00373 1.00342 0.00132765 0.00168634 0
870 19.7727 197.727 0.16709 0.201931 0.170215 0.818215 0.786739 1.13692 0.257579 0.256825 0.242667 0.242667 0.242149 0.241481 0.0698134 0.393767 1 0.0001 0.00441576 0.0543156 39.0677 9.26539 1.97624 -11.2416 9.86548 3.65807 12.3489 -0.453627 0 0 0 0.54318 0.581216 -0.00236028 -0.000134799 0.000810228 0.362922 0.321487 0.410849 0.118723 0.110654 0.126257 0.146912 0.136968 0.156657 0 0 0 0 0 0 0.499067 0.576606 0.00041905 0.355373 4.39871 0 1.58702 0 1.75883 0 0.16709 0.257606 0.242667 1.00294 1 1 1.00373 1.00343 0.00129878 0.00164995 0
880 20 200 0.164386 0.198024 0.167403 0.79189 0.761444 1.10037 0.249587 0.248856 0.235441 0.235441 0.234943 0.234302 0.0677991 0.394219 1 0.0001 0.00445069 0.0547237 39.0365 9.12519 1.94858 -11.0738 9.71564 3.60415 12.1649 -0.438451 0 0 0 0.543308 0.581281 -0.00238184 -0.000106615 0.000846176 0.359237 0.317876 0.407372 0.119624 0.111454 0.127277 0.148019 0.137952 0.157924 0 0 0 0 0 0 0.499067 0.576606 0.000584764 0.355064 4.32993 0 1.56189 0 1.73114 0 0.164386 0.249612 0.235441 1.00294 1 1 1.00373 1.00344 0.00127313 0.00161756 0
890 20.2273 202.273 0.161773 0.19424 0.164686 0.765214 0.735568 1.06555 0.241961 0.241252 0.228525 0.228525 0.228048 0.227434 0.0658665 0.394618 1 0.0001 0.00448535 0.0551283 39.0063 8.98916 1.92172 -10.9109 9.57024 3.55232 11.9858 -0.422976 0 0 0 0.543716 0.581504 -0.00240805 -7.51794e-05 0.000885471 0.355631 0.314345 0.403973 0.120511 0.112242 0.128283 0.149112 0.138921 0.159176 0 0 0 0 0 0 0.499067 0.576606 0.00069892 0.354832 4.26327 0 1.53671 0 1.70357 0 0.161773 0.241984 0.228525 1.00294 1 1 1.00373 1.00344 0.00124631 0.00158343 0
900 20.4545 204.545 0.159246 0.190575 0.162056 0.740645 0.711747 1.03196 0.234632 0.233945 0.221901 0.221901 0.221443 0.220853 0.06402 0.394851 1 0.0001 0.00451997 0.0555349 38.9804 8.85661 1.89561 -10.7522 9.4286 3.50234 11.8118 -0.410786 0 0 0 0.543858 0.581529 -0.00243943 -4.35798e-05 0.000926374 0.352108 0.310889 0.400648 0.121387 0.113018 0.129278 0.150189 0.139876 0.160414 0 0 0 0 0 0 0.499067 0.576606 0.000803858 0.354494 4.19821 0 1.51333 0 1.6778 0 0.159246 0.234654 0.221901 1.00294 1 1 1.00373 1.00345 0.00122152 0.00155179 0
910 20.6818 206.818 0.156795 0.18703 0.159506 0.718037 0.69032 0.998478 0.227606 0.22694 0.21555 0.21555 0.215111 0.214546 0.0622501 0.395338 1 0.0001 0.00455445 0.0559419 38.9574 8.72794 1.87002 -10.598 9.29096 3.45347 11.6425 -0.398747 0 0 0 0.543829 0.58157 -0.00247506 -1.24446e-05 0.0009683 0.348664 0.307508 0.397406 0.122251 0.113784 0.130261 0.151251 0.140818 0.161638 0 0 0 0 0 0 0.499067 0.576606 0.000795418 0.354345 4.13488 0 1.48984 0 1.65221 0 0.156795 0.227628 0.21555 1.00294 1 1 1.00373 1.00346 0.00119668 0.00152018 0
920 20.9091 209.091 0.154419 0.183594 0.157034 0.6959 0.668939 0.96757 0.220856 0.22021 0.209459 0.209459 0.209036 0.208496 0.0605548 0.395615 1 0.0001 0.00458886 0.0563507 38.9384 8.60232 1.84594 -10.4483 9.15665 3.40558 11.4781 -0.386674 0 0 0 0.543802 0.581712 -0.00250602 1.60059e-05 0.00100687 0.345295 0.304199 0.394236 0.123103 0.114539 0.131233 0.1523 0.141746 0.162848 0 0 0 0 0 0 0.499067 0.576606 0.000603724 0.354462 4.0731 0 1.46718 0 1.62798 0 0.154419 0.220877 0.209459 1.00293 1 1 1.00373 1.00346 0.0011731 0.00149048 0
930 21.1364 211.364 0.152118 0.180262 0.15464 0.674189 0.648003 0.938112 0.214412 0.213784 0.203609 0.203609 0.203203 0.202685 0.0589191 0.395416 1 0.0001 0.00462295 0.0567546 38.9187 8.48031 1.82183 -10.3021 9.02644 3.35982 11.3172 -0.374308 0 0 0 0.543949 0.582033 -0.00253638 4.30964e-05 0.00104219 0.341998 0.300963 0.39113 0.123944 0.115283 0.132193 0.153334 0.14266 0.164044 0 0 0 0 0 0 0.499067 0.576606 0.00069795 0.353542 4.01324 0 1.44486 0 1.6037 0 0.152118 0.214431 0.203609 1.00293 1 1 1.00373 1.00347 0.00115006 0.00146059 0
940 21.3636 213.636 0.149888 0.177035 0.152321 0.653138 0.627912 0.908904 0.208211 0.207602 0.197998 0.197998 0.197608 0.19711 0.0573534 0.395816 1 0.0001 0.00465699 0.0571615 38.904 8.36112 1.799 -10.1601 8.8991 3.31512 11.1613 -0.362849 0 0 0 0.544123 0.58231 -0.00256416 7.18318e-05 0.00107634 0.338777 0.297798 0.388093 0.124773 0.116017 0.133143 0.154355 0.143562 0.165228 0 0 0 0 0 0 0.499067 0.576606 0.000819603 0.353317 3.95479 0 1.42236 0 1.57923 0 0.149888 0.20823 0.197998 1.00293 1 1 1.00373 1.00348 0.00112705 0.00143139 0
950 21.5909 215.909 0.147724 0.173907 0.150071 0.633658 0.609314 0.880832 0.202254 0.201662 0.192605 0.192605 0.19223 0.191752 0.0558489 0.396101 1 0.0001 0.00469091 0.0575689 38.8922 8.24487 1.77673 -10.0216 8.77495 3.27235 11.0092 -0.352609 0 0 0 0.544374 0.582601 -0.00259498 9.4746e-05 0.00111283 0.335625 0.294702 0.385123 0.125592 0.11674 0.134082 0.155363 0.14445 0.166398 0 0 0 0 0 0 0.499067 0.576606 0.000805785 0.353231 3.8978 0 1.40143 0 1.55634 0 0.147724 0.202271 0.192605 1.00293 1 1 1.00373 1.00348 0.00110594 0.00140389 0
960 21.8182 218.182 0.145623 0.170877 0.147886 0.615219 0.591806 0.853154 0.196561 0.195986 0.187422 0.187422 0.187061 0.186601 0.0543957 0.39639 1 0.0001 0.00472451 0.057971 38.8789 8.13169 1.7549 -9.88659 8.65398 3.23073 10.8609 -0.343159 0 0 0 0.544726 0.582902 -0.00262903 0.000115263 0.00115025 0.332547 0.291672 0.382222 0.1264 0.117453 0.135011 0.156357 0.145327 0.167556 0 0 0 0 0 0 0.499067 0.576606 0.000952696 0.3532 3.84255 0 1.38039 0 1.5335 0 0.145623 0.196578 0.187422 1.00293 1 1 1.00373 1.00349 0.00108474 0.00137695 0
970 22.0455 220.455 0.143581 0.167941 0.145765 0.597355 0.574868 0.826707 0.191103 0.190545 0.182442 0.182442 0.182095 0.181653 0.0529975 0.396905 1 0.0001 0.00475788 0.0583703 38.8659 8.02125 1.73405 -9.7553 8.53599 3.18925 10.7169 -0.332818 0 0 0 0.545128 0.583178 -0.00265974 0.00013604 0.00118703 0.329539 0.288704 0.379389 0.127198 0.118156 0.135929 0.157339 0.146191 0.168701 0 0 0 0 0 0 0.499067 0.576606 0.000917208 0.352777 3.78883 0 1.35974 0 1.51081 0 0.143581 0.19112 0.182442 1.00293 1 1 1.00372 1.00349 0.00106367 0.00135002 0
980 22.2727 222.727 0.141599 0.165094 0.143705 0.579881 0.558118 0.801676 0.185837 0.185294 0.177651 0.177651 0.177317 0.176893 0.0516557 0.397369 1 0.0001 0.00479124 0.0587732 38.858 7.91367 1.71365 -9.62732 8.42116 3.14922 10.5763 -0.323064 0 0 0 0.545546 0.583416 -0.00269096 0.000156248 0.00122396 0.326598 0.285797 0.37662 0.127986 0.118849 0.136838 0.158308 0.147043 0.169834 0 0 0 0 0 0 0.499067 0.576606 0.000777867 0.352429 3.73626 0 1.33948 0 1.48881 0 0.141599 0.185853 0.177651 1.00293 1 1 1.00372 1.0035 0.00104417 0.00132523 0
990 22.5 225 0.139675 0.162333 0.141706 0.562984 0.541934 0.777497 0.180794 0.180266 0.173042 0.173042 0.172721 0.172313 0.0503599 0.3979 1 0.0001 0.0048243 0.0591727 38.8504 7.80855 1.69379 -9.50234 8.30892 3.10981 10.4395 -0.314056 0 0 0 0.545939 0.583671 -0.00271672 0.000177929 0.00126236 0.323718 0.282956 0.373911 0.128764 0.119532 0.137736 0.159265 0.147883 0.170956 0 0 0 0 0 0 0.499067 0.576606 0.000464685 0.352199 3.68523 0 1.31986 0 1.46734 0 0.139675 0.180809 0.173042 1.00293 1 1 1.00372 1.0035 0.00102425 0.00129995 0
1000 22.7273 227.273 0.137805 0.159656 0.139764 0.546887 0.526496 0.753874 0.175934 0.17542 0.168606 0.168606 0.168296 0.167903 0.049114 0.398087 1 0.0001 0.00485728 0.0595726 38.8453 7.70624 1.67417 -9.38042 8.1999 3.07182 10.3056 -0.304399 0 0 0 0.546064 0.583773 -0.00274067 0.000197876 0.00130034 0.320904 0.280178 0.371259 0.129532 0.120206 0.138625 0.160209 0.148711 0.172065 0 0 0 0 0 0 0.499067 0.576606 0.00031738 0.351993 3.63536 0 1.29963 0 1.44543 0 0.137805 0.175949 0.168606 1.00293 1 1 1.00372 1.00351 0.00100582 0.00127637 0
1010 22.9545 229.545 0.13599 0.15706 0.137879 0.530753 0.511074 0.73099 0.171283 0.170783 0.16434 0.16434 0.164041 0.163663 0.0479112 0.398763 1 0.0001 0.00488992 0.059969 38.8406 7.60668 1.65502 -9.26171 8.09361 3.03423 10.1755 -0.295358 0 0 0 0.545983 0.583736 -0.00276373 0.000215921 0.00133337 0.318151 0.277461 0.368668 0.130291 0.120872 0.139504 0.161142 0.149529 0.173163 0 0 0 0 0 0 0.499067 0.576606 2.82681e-05 0.351891 3.58698 0 1.28016 0 1.42415 0 0.13599 0.171297 0.16434 1.00293 1 1 1.00372 1.00351 0.000987519 0.00125256 0
1020 23.1818 231.818 0.134227 0.154543 0.136049 0.515527 0.49655 0.708838 0.166834 0.166347 0.160234 0.160234 0.159947 0.159582 0.0467485 0.399502 1 0.0001 0.00492219 0.0603592 38.8342 7.50961 1.63615 -9.14576 7.99005 2.99778 10.0485 -0.286868 0 0 0 0.545897 0.583664 -0.00278203 0.000237273 0.00136171 0.315458 0.274804 0.366136 0.13104 0.121528 0.140375 0.162064 0.150335 0.17425 0 0 0 0 0 0 0.499067 0.576606 0.000247018 0.351814 3.54009 0 1.26092 0 1.40317 0 0.134227 0.166847 0.160234 1.00293 1 1 1.00372 1.00352 0.00096963 0.00122988 0
1030 23.4091 234.091 0.132514 0.152102 0.13427 0.500752 0.482386 0.687338 0.16256 0.162085 0.156287 0.156287 0.156009 0.155659 0.0456299 0.400074 1 0.0001 0.00495424 0.0607483 38.8295 7.41514 1.61736 -9.0325 7.8895 2.96212 9.92474 -0.278335 0 0 0 0.545796 0.583588 -0.00280144 0.000259133 0.00139035 0.312827 0.272208 0.363658 0.13178 0.122175 0.141236 0.162974 0.15113 0.175326 0 0 0 0 0 0 0.499067 0.576606 0.000183494 0.351572 3.49445 0 1.24203 0 1.38265 0 0.132514 0.162572 0.156287 1.00293 1 1 1.00372 1.00352 0.000952109 0.00120793 0
1040 23.6364 236.364 0.13085 0.149734 0.132543 0.486515 0.468613 0.667075 0.158439 0.157976 0.152485 0.152485 0.152217 0.151879 0.0445532 0.400415 1 0.0001 0.00498614 0.0611363 38.8265 7.32311 1.59891 -8.92202 7.79145 2.92731 9.80407 -0.270316 0 0 0 0.545759 0.583503 -0.00282472 0.000280102 0.00141869 0.310254 0.269668 0.361232 0.13251 0.122813 0.142088 0.163873 0.151915 0.176391 0 0 0 0 0 0 0.499067 0.576606 0.000174063 0.351368 3.44987 0 1.22443 0 1.36369 0 0.13085 0.158451 0.152485 1.00293 1 1 1.00372 1.00353 0.000935745 0.00118727 0
1050 23.8636 238.636 0.129231 0.147433 0.130863 0.473158 0.455836 0.647884 0.154491 0.15404 0.148816 0.148816 0.148558 0.148232 0.0435085 0.401038 1 0.0001 0.00501769 0.0615204 38.8233 7.23331 1.58084 -8.81415 7.69572 2.89299 9.68622 -0.262943 0 0 0 0.54581 0.58344 -0.00284573 0.000299326 0.00144479 0.307737 0.267182 0.358855 0.133231 0.123443 0.142932 0.164761 0.15269 0.177445 0 0 0 0 0 0 0.499067 0.576606 0.000341499 0.351475 3.40663 0 1.20687 0 1.34441 0 0.129231 0.154503 0.148816 1.00293 1 1 1.00372 1.00353 0.000919287 0.00116613 0
1060 24.0909 240.909 0.127656 0.1452 0.129228 0.460202 0.443435 0.628776 0.150683 0.150243 0.14528 0.14528 0.14503 0.144715 0.0425019 0.401416 1 0.0001 0.00504909 0.061903 38.8211 7.14557 1.56326 -8.70882 7.60256 2.86023 9.57082 -0.255873 0 0 0 0.545931 0.583477 -0.0028624 0.000319612 0.00146651 0.305274 0.264749 0.356533 0.133944 0.124065 0.143766 0.165638 0.153454 0.178489 0 0 0 0 0 0 0.499067 0.576606 0.000622433 0.351532 3.36438 0 1.18983 0 1.32566 0 0.127656 0.150695 0.14528 1.00293 1 1 1.00372 1.00354 0.000903425 0.00114637 0
1070 24.3182 243.182 0.126124 0.143032 0.127638 0.447852 0.431639 0.610425 0.147009 0.14658 0.14187 0.14187 0.141628 0.141323 0.0415318 0.401687 1 0.0001 0.00508035 0.0622863 38.8218 7.06017 1.54587 -8.60603 7.5117 2.82799 9.45829 -0.248374 0 0 0 0.546072 0.583662 -0.00287793 0.000338769 0.00148565 0.302863 0.262367 0.354263 0.134647 0.12468 0.144592 0.166505 0.154208 0.179523 0 0 0 0 0 0 0.499067 0.576606 0.000271076 0.350934 3.32311 0 1.17271 0 1.30694 0 0.126124 0.14702 0.14187 1.00293 1 1 1.00372 1.00354 0.000888997 0.0011275 0
1080 24.5455 245.455 0.124634 0.140925 0.126093 0.435136 0.419418 0.593287 0.143471 0.143053 0.13858 0.13858 0.138346 0.138052 0.0405945 0.40217 1 0.0001 0.00511138 0.0626688 38.8244 6.97682 1.52898 -8.5058 7.42289 2.79629 9.34858 -0.241204 0 0 0 0.546142 0.583772 -0.00289225 0.000355595 0.00150291 0.300501 0.260036 0.352039 0.135343 0.125286 0.14541 0.167362 0.154952 0.180547 0 0 0 0 0 0 0.499067 0.576606 0.000402636 0.350682 3.28288 0 1.15667 0 1.28915 0 0.124634 0.143482 0.13858 1.00293 1 1 1.00372 1.00354 0.000873954 0.00110892 0
1090 24.7727 247.727 0.123184 0.138877 0.124588 0.423666 0.408397 0.576732 0.140051 0.139642 0.135402 0.135402 0.135176 0.134891 0.0396894 0.402483 1 0.0001 0.0051423 0.0630515 38.8291 6.89559 1.51231 -8.40789 7.33628 2.76483 9.24134 -0.234814 0 0 0 0.546154 0.583728 -0.00290502 0.000372226 0.0015196 0.29819 0.257753 0.349858 0.136029 0.125885 0.14622 0.168209 0.155687 0.181561 0 0 0 0 0 0 0.499067 0.576606 0.00036855 0.350682 3.24351 0 1.14028 0 1.27151 0 0.123184 0.140061 0.135402 1.00293 1 1 1.00372 1.00355 0.000859437 0.00109058 0
1100 25 250 0.121772 0.136889 0.123124 0.412446 0.397675 0.559949 0.136763 0.136364 0.132333 0.132333 0.132115 0.131839 0.0388128 0.40288 1 0.0001 0.00517294 0.0634297 38.8329 6.81624 1.49588 -8.31213 7.25175 2.73428 9.13647 -0.228496 0 0 0 0.546143 0.583657 -0.0029186 0.000392003 0.00153587 0.295933 0.255519 0.347723 0.136708 0.126475 0.147022 0.169045 0.156413 0.182566 0 0 0 0 0 0 0.499067 0.576606 0.00042451 0.350916 3.20521 0 1.12407 0 1.25381 0 0.121772 0.136772 0.132333 1.00293 1 1 1.00372 1.00355 0.000844895 0.00107258 0
1110 25.2273 252.273 0.120396 0.134957 0.121698 0.401542 0.387344 0.544048 0.133601 0.133211 0.129372 0.129372 0.12916 0.128893 0.0379644 0.403494 1 0.0001 0.00520328 0.0638038 38.8362 6.73878 1.48015 -8.21893 7.1692 2.70407 9.03422 -0.22178 0 0 0 0.545996 0.583508 -0.00293179 0.000412415 0.00155072 0.293726 0.253329 0.345635 0.137379 0.127059 0.147816 0.169873 0.157129 0.183561 0 0 0 0 0 0 0.499067 0.576606 0.000125333 0.350816 3.16794 0 1.10824 0 1.2365 0 0.120396 0.13361 0.129372 1.00293 1 1 1.00372 1.00355 0.000831466 0.00105534 0
1120 25.4545 254.545 0.119058 0.13308 0.120311 0.390501 0.376826 0.528501 0.130551 0.130171 0.126518 0.126518 0.126313 0.126055 0.0371477 0.403383 1 0.0001 0.0052334 0.0641773 38.8416 6.6637 1.46432 -8.12802 7.08931 2.67454 8.93422 -0.21561 0 0 0 0.545912 0.583443 -0.00294263 0.00043307 0.0015662 0.291564 0.251188 0.343591 0.138042 0.127635 0.148603 0.17069 0.157836 0.184547 0 0 0 0 0 0 0.499067 0.576606 0.000450564 0.350697 3.13158 0 1.0924 0 1.21923 0 0.119058 0.130561 0.126518 1.00293 1 1 1.00372 1.00356 0.000818228 0.00103868 0
1130 25.6818 256.818 0.117754 0.131256 0.118961 0.380215 0.367103 0.513563 0.127607 0.127234 0.123763 0.123763 0.123564 0.123314 0.036359 0.403419 1 0.0001 0.00526333 0.0645499 38.8484 6.59005 1.44948 -8.03953 7.01088 2.64572 8.83691 -0.2096 0 0 0 0.545921 0.583432 -0.0029536 0.000450823 0.00158434 0.289447 0.249097 0.34159 0.138697 0.128204 0.149382 0.171499 0.158534 0.185525 0 0 0 0 0 0 0.499067 0.576606 0.000720337 0.350637 3.09606 0 1.07676 0 1.20233 0 0.117754 0.127615 0.123763 1.00293 1 1 1.00372 1.00356 0.000806171 0.0010231 0
1140 25.9091 259.091 0.116485 0.129484 0.117646 0.370154 0.357496 0.499035 0.124784 0.12442 0.121102 0.121102 0.12091 0.120668 0.0355933 0.403765 1 0.0001 0.00529284 0.0649145 38.8524 6.51848 1.43435 -7.95283 6.93465 2.61719 8.74174 -0.203535 0 0 0 0.545942 0.583466 -0.00296413 0.000466579 0.00160149 0.287376 0.247051 0.339632 0.139345 0.128765 0.150154 0.172298 0.159224 0.186493 0 0 0 0 0 0 0.499067 0.576606 0.000361039 0.350634 3.06163 0 1.06138 0 1.18538 0 0.116485 0.124792 0.121102 1.00293 1 1 1.00372 1.00356 0.000792812 0.00100604 0
1150 26.1364 261.364 0.115248 0.127763 0.116366 0.360543 0.348341 0.48484 0.122045 0.121689 0.118533 0.118533 0.118346 0.118112 0.0348565 0.403806 1 0.0001 0.00532229 0.0652809 38.8592 6.44864 1.41982 -7.86847 6.86029 2.58927 8.64887 -0.197873 0 0 0 0.54583 0.583361 -0.00297286 0.00047974 0.00161376 0.28535 0.24505 0.337714 0.139986 0.12932 0.150919 0.173089 0.159905 0.187453 0 0 0 0 0 0 0.499067 0.576606 0.000222529 0.35046 3.02784 0 1.04672 0 1.16944 0 0.115248 0.122054 0.118533 1.00293 1 1 1.00372 1.00357 0.000780665 0.000990629 0
1160 26.3636 263.636 0.114042 0.126089 0.115118 0.351448 0.339588 0.471332 0.119398 0.119049 0.11605 0.11605 0.115869 0.115642 0.0341449 0.404245 1 0.0001 0.00535155 0.065645 38.8664 6.38001 1.40594 -7.78595 6.78714 2.56256 8.55838 -0.192705 0 0 0 0.545607 0.583167 -0.00298172 0.000493611 0.00162258 0.283371 0.243091 0.335835 0.140619 0.129867 0.151677 0.173871 0.160578 0.188404 0 0 0 0 0 0 0.499067 0.576606 0.000195253 0.350252 2.99482 0 1.03236 0 1.15375 0 0.114042 0.119406 0.11605 1.00293 1 1 1.00372 1.00357 0.000769136 0.000975909 0
1170 26.5909 265.909 0.112867 0.12446 0.113902 0.342386 0.3309 0.458629 0.116843 0.116502 0.11365 0.11365 0.113474 0.113254 0.0334557 0.404137 1 0.0001 0.00538057 0.0660072 38.8746 6.3133 1.39196 -7.70526 6.71629 2.53672 8.4694 -0.187075 0 0 0 0.545438 0.583074 -0.0029895 0.000511108 0.001632 0.281431 0.241172 0.333996 0.141246 0.130408 0.152429 0.174644 0.161243 0.189347 0 0 0 0 0 0 0.499067 0.576606 0.000210514 0.350364 2.9626 0 1.01871 0 1.13857 0 0.112867 0.116851 0.11365 1.00292 1 1 1.00372 1.00357 0.00075742 0.000960932 0
1180 26.8182 268.182 0.111722 0.122874 0.112717 0.333593 0.322453 0.446757 0.114375 0.114042 0.111327 0.111327 0.111157 0.110943 0.0327879 0.404184 1 0.0001 0.00540936 0.0663676 38.8839 6.24763 1.37908 -7.62671 6.64642 2.51136 8.38291 -0.182396 0 0 0 0.545341 0.583113 -0.00299438 0.00053072 0.00164309 0.279528 0.239292 0.332191 0.141866 0.130943 0.153173 0.175409 0.1619 0.190282 0 0 0 0 0 0 0.499067 0.576606 4.12852e-05 0.350238 2.93115 0 1.00551 0 1.12434 0 0.111722 0.114383 0.111327 1.00292 1 1 1.00372 1.00358 0.000746252 0.000946532 0
1190 27.0455 270.455 0.110604 0.121329 0.111561 0.325603 0.314816 0.434987 0.111994 0.111667 0.109078 0.109078 0.108913 0.108706 0.0321395 0.404401 1 0.0001 0.00543788 0.0667257 38.8937 6.1838 1.36612 -7.54992 6.57839 2.48606 8.29818 -0.177754 0 0 0 0.545313 0.583208 -0.00299637 0.000549332 0.00165532 0.277665 0.23745 0.33042 0.142479 0.131471 0.153911 0.176166 0.162548 0.191209 0 0 0 0 0 0 0.499067 0.576606 1.38288e-05 0.350349 2.90048 0 0.992372 0 1.11011 0 0.110604 0.112001 0.109078 1.00292 1 1 1.00372 1.00358 0.000734674 0.000931778 0
1200 27.2727 272.727 0.109514 0.119826 0.110434 0.317418 0.306926 0.423265 0.109679 0.10936 0.106905 0.106905 0.106744 0.106543 0.0315159 0.404876 1 0.0001 0.00546635 0.0670843 38.9057 6.12125 1.35374 -7.47499 6.51168 2.46135 8.21573 -0.173015 0 0 0 0.545094 0.583061 -0.00299486 0.000566166 0.00166394 0.275842 0.235646 0.328685 0.143086 0.131993 0.154642 0.176915 0.16319 0.192128 0 0 0 0 0 0 0.499067 0.576606 -0.00016524 0.350274 2.87035 0 0.978785 0 1.09537 0 0.109514 0.109686 0.106905 1.00292 1 1 1.00372 1.00358 0.000724128 0.000918427 0
1210 27.5 275 0.108451 0.118362 0.109334 0.309624 0.299429 0.412184 0.107443 0.10713 0.104797 0.104797 0.104642 0.104446 0.0309095 0.404867 1 0.0001 0.00549457 0.0674412 38.9185 6.06023 1.34125 -7.40147 6.44677 2.4372 8.13461 -0.168076 0 0 0 0.5448 0.582786 -0.00299303 0.000583296 0.00167251 0.274056 0.233881 0.326982 0.143687 0.132509 0.155366 0.177656 0.163823 0.193039 0 0 0 0 0 0 0.499067 0.576606 -0.000100942 0.350387 2.84094 0 0.965997 0 1.0814 0 0.108451 0.10745 0.104797 1.00292 1 1 1.00372 1.00358 0.00071376 0.00090535 0
1220 27.7273 277.273 0.107414 0.116936 0.108262 0.301897 0.291927 0.401642 0.105287 0.10498 0.102756 0.102756 0.102605 0.102415 0.0303202 0.405639 1 0.0001 0.00552249 0.0677943 38.9312 6.00044 1.32908 -7.32952 6.38304 2.41369 8.05541 -0.163648 0 0 0 0.544599 0.582516 -0.0029924 0.000598252 0.00168206 0.272304 0.232154 0.32531 0.144282 0.133019 0.156085 0.178389 0.16445 0.193943 0 0 0 0 0 0 0.499067 0.576606 -0.000472338 0.350266 2.81229 0 0.953091 0 1.06735 0 0.107414 0.105294 0.102756 1.00292 1 1 1.00372 1.00359 0.000702776 0.000891817 0
1230 27.9545 279.545 0.106402 0.115548 0.107216 0.294621 0.285036 0.390911 0.10319 0.10289 0.100783 0.100783 0.100635 0.100451 0.0297527 0.405739 1 0.0001 0.00555033 0.0681487 38.9462 5.94235 1.31697 -7.25932 6.32119 2.39062 7.97781 -0.159588 0 0 0 0.544544 0.582388 -0.00298902 0.000610944 0.00168825 0.27059 0.230461 0.323673 0.14487 0.133522 0.156797 0.179114 0.165069 0.194839 0 0 0 0 0 0 0.499067 0.576606 -0.000626698 0.350102 2.78415 0 0.940424 0 1.0535 0 0.106402 0.103197 0.100783 1.00292 1 1 1.00371 1.00359 0.000693275 0.000879692 0
1240 28.1818 281.818 0.105413 0.114196 0.106194 0.287701 0.278527 0.380529 0.101164 0.100869 0.0988687 0.0988687 0.0987256 0.0985462 0.0292011 0.406176 1 0.0001 0.00557792 0.0684992 38.9604 5.88524 1.30539 -7.19063 6.26013 2.36822 7.90217 -0.155564 0 0 0 0.544574 0.582415 -0.00298559 0.000625042 0.00169256 0.268912 0.228802 0.322069 0.145452 0.13402 0.157504 0.179832 0.165681 0.195729 0 0 0 0 0 0 0.499067 0.576606 -0.000790872 0.349645 2.75668 0 0.92857 0 1.04071 0 0.105413 0.10117 0.0988687 1.00292 1 1 1.00371 1.00359 0.000683407 0.000867346 0
1250 28.4091 284.091 0.104446 0.112879 0.105196 0.281136 0.272285 0.370876 0.0992165 0.0989273 0.0970109 0.0970109 0.096872 0.0966977 0.0286617 0.406695 1 0.0001 0.00560509 0.0688425 38.9721 5.82933 1.29389 -7.12322 6.20053 2.34625 7.82787 -0.15213 0 0 0 0.544585 0.582447 -0.00298253 0.000637985 0.00169488 0.267268 0.227175 0.320497 0.146029 0.134512 0.158204 0.180543 0.166286 0.196611 0 0 0 0 0 0 0.499067 0.576606 -0.000711331 0.349489 2.73002 0 0.917205 0 1.02842 0 0.104446 0.0992225 0.0970109 1.00292 1 1 1.00371 1.00359 0.000673454 0.000854621 0
1260 28.6364 286.364 0.103501 0.111595 0.104221 0.274638 0.266043 0.361696 0.0973191 0.0970354 0.0952081 0.0952081 0.0950729 0.0949035 0.0281398 0.407323 1 0.0001 0.00563221 0.0691886 38.9871 5.77478 1.28231 -7.05709 6.14218 2.32474 7.75505 -0.148161 0 0 0 0.544598 0.582483 -0.00297804 0.000648964 0.00169564 0.265653 0.225582 0.318953 0.146599 0.134999 0.158899 0.181247 0.166884 0.197486 0 0 0 0 0 0 0.499067 0.576606 -0.000751015 0.349433 2.70378 0 0.90534 0 1.01535 0 0.103501 0.097325 0.0952081 1.00292 1 1 1.00371 1.0036 0.000664322 0.000843097 0
1270 28.8636 288.636 0.102578 0.110344 0.103268 0.268321 0.260032 0.352272 0.0954768 0.0951985 0.0934592 0.0934592 0.0933279 0.0931636 0.0276339 0.407506 1 0.0001 0.00565918 0.0695333 39.0027 5.72125 1.27123 -6.99248 6.08509 2.30379 7.68368 -0.144738 0 0 0 0.544692 0.582585 -0.00297249 0.000661675 0.00169785 0.264075 0.224022 0.317437 0.147164 0.13548 0.159588 0.181944 0.167476 0.198354 0 0 0 0 0 0 0.499067 0.576606 -0.000608237 0.349392 2.67807 0 0.894182 0 1.00296 0 0.102578 0.0954826 0.0934592 1.00292 1 1 1.00371 1.0036 0.000654549 0.00083093 0
1280 29.0909 290.909 0.101674 0.109126 0.102336 0.262338 0.254402 0.343094 0.0936852 0.0934121 0.091763 0.091763 0.0916351 0.0914749 0.0271441 0.408084 1 0.0001 0.00568605 0.0698777 39.0194 5.66882 1.26047 -6.92929 6.0291 2.28326 7.61391 -0.141019 0 0 0 0.54483 0.582711 -0.00296761 0.000674221 0.00170024 0.26253 0.222492 0.315954 0.147723 0.135956 0.160272 0.182634 0.168061 0.199216 0 0 0 0 0 0 0.499067 0.576606 -0.000665699 0.349265 2.65283 0 0.882579 0 0.990237 0 0.101674 0.0936908 0.091763 1.00292 1 1 1.00371 1.0036 0.000645869 0.000820001 0
1290 29.3182 293.182 0.100792 0.107938 0.101426 0.256219 0.248518 0.334378 0.0919509 0.0916828 0.0901175 0.0901175 0.0899929 0.0898369 0.0266682 0.408612 1 0.0001 0.00571267 0.0702202 39.0367 5.61745 1.24991 -6.86736 5.97423 2.26299 7.5457 -0.137384 0 0 0 0.544873 0.582744 -0.00296446 0.000686748 0.00170092 0.261016 0.220992 0.314499 0.148277 0.136426 0.16095 0.183317 0.168639 0.200071 0 0 0 0 0 0 0.499067 0.576606 -0.000686089 0.348877 2.62816 0 0.871747 0 0.978108 0 0.100792 0.0919563 0.0901175 1.00292 1 1 1.00371 1.0036 0.000637429 0.000809337 0
1300 29.5455 295.455 0.0999301 0.106779 0.100538 0.250175 0.242618 0.326415 0.0902706 0.0900075 0.0885204 0.0885204 0.0883992 0.0882475 0.0262058 0.409058 1 0.0001 0.00573907 0.0705593 39.0538 5.5672 1.23932 -6.80652 5.92064 2.24334 7.47872 -0.133631 0 0 0 0.544873 0.582755 -0.00296274 0.000698735 0.00170314 0.25953 0.219522 0.31307 0.148825 0.136891 0.161623 0.183993 0.169212 0.20092 0 0 0 0 0 0 0.499067 0.576606 -0.000749766 0.348802 2.60403 0 0.861001 0 0.966248 0 0.0999301 0.0902759 0.0885204 1.00292 1 1 1.00371 1.00361 0.00062865 0.000798375 0
