160 3.63636 36.3636 1.14356 1.17517 1.14245 0 0 0 4.41888 4.41192 4.0092 4.0092 3.99431 3.96273 1.12153 0.350542 1 1e-05 0.00216752 0.034497 65.3994 38.0389 7.85251 -45.8914 40.4341 14.5306 50.0689 -0.0715263 0 0 0 0.556417 0.59123 -0.00616301 0.0133275 0.0108397 0.895971 0.84399 0.913923 0.00254826 0.00240736 0.00260837 0.00318354 0.00299903 0.00324709 0 0 0 0 0 0 0.501417 0.579179 0.000559516 0.397282 18.2314 0 1.34607 0 1.70716 0 1.14356 4.42085 4.0092 1.00158 1 1.00003 1.00201 1.00188 0.00660019 0.00837154 0
170 3.86364 38.6364 1.11762 1.17063 1.11677 7.23258 7.3035 1.27881 4.32991 4.32263 3.92784 3.92784 3.91315 3.88217 1.09859 0.350227 1 1e-05 0.00217874 0.0344536 64.5642 37.6855 7.70204 -45.3875 40.067 14.3441 49.5286 -0.224515 0 0 0 0.555996 0.590885 -0.00604293 0.0132151 0.0108662 0.894279 0.842176 0.912282 0.00509288 0.00481084 0.0052132 0.00636237 0.00599304 0.00648975 0 0 0 0 0 0 0.501417 0.579179 0.00275907 0.396308 18.046 0 1.7057 0 2.01423 0 1.11762 4.3318 3.92784 1.00168 1 1.00003 1.00214 1.00189 0.00656747 0.00832743 0
180 4.09091 40.9091 1.09194 1.16461 1.09132 7.16784 7.23296 1.69582 4.24125 4.2337 3.84644 3.84644 3.83199 3.80181 1.07559 0.349718 1 1e-05 0.0021902 0.0344107 63.7312 37.3235 7.55636 -44.8798 39.6909 14.1553 48.9869 -0.249085 0 0 0 0.554183 0.589321 -0.00600235 0.0130628 0.0109477 0.891989 0.839774 0.910135 0.00763187 0.00720852 0.00781256 0.0095341 0.00897956 0.00972568 0 0 0 0 0 0 0.501417 0.579179 0.00158079 0.394462 17.8594 0 1.92203 0 2.24246 0 1.09194 4.24306 3.84644 1.00178 1 1.00003 1.00227 1.0019 0.00652972 0.00827604 0
190 4.31818 43.1818 1.06659 1.15655 1.06618 7.07932 7.13711 2.26747 4.15391 4.14613 3.7651 3.7651 3.75091 3.72161 1.05234 0.348851 1 1e-05 0.00220178 0.0343658 62.8984 36.9502 7.42146 -44.3717 39.2993 13.9895 48.4428 -0.326466 0 0 0 0.550932 0.586743 -0.00590508 0.0128293 0.0110585 0.888969 0.836549 0.907208 0.0101633 0.00959836 0.0104047 0.0126963 0.0119559 0.0129524 0 0 0 0 0 0 0.501417 0.579179 0.00224126 0.39577 17.6737 0 2.10863 0 2.4624 0 1.06659 4.15562 3.7651 1.00188 1 1.00003 1.00239 1.00192 0.00648625 0.00821941 0
200 4.54545 45.4545 1.04145 1.14657 1.04123 7.02353 7.07842 2.81274 4.06635 4.05837 3.68355 3.68355 3.66962 3.64125 1.02904 0.348077 1 1e-05 0.00221368 0.0343233 62.07 36.5679 7.29336 -43.8613 38.8989 13.8191 47.895 -0.402639 0 0 0 0.546973 0.583625 -0.00590685 0.0125775 0.0111535 0.885159 0.832558 0.903588 0.0126852 0.0119783 0.0129876 0.0158461 0.0149192 0.0161674 0 0 0 0 0 0 0.501417 0.579179 -9.68677e-05 0.394238 17.4857 0 2.29321 0 2.68008 0 1.04145 4.06797 3.68355 1.00197 1 1.00003 1.0025 1.00194 0.0064428 0.00816728 0
210 4.77273 47.7273 1.01671 1.13434 1.01666 6.92033 6.96691 3.44308 3.97868 3.97054 3.60201 3.60201 3.58836 3.56097 1.00577 0.347241 1 1e-05 0.00222592 0.0342862 61.2563 36.1813 7.1656 -43.3469 38.4951 13.6456 47.341 -0.427391 0 0 0 0.543228 0.580578 -0.00599113 0.0123679 0.0111613 0.880423 0.827758 0.899081 0.0151951 0.0143461 0.0155593 0.0189804 0.0178666 0.0193675 0 0 0 0 0 0 0.501417 0.579179 0.000368007 0.393237 17.2954 0 2.46985 0 2.88558 0 1.01671 3.98019 3.60201 1.00205 1 1.00003 1.00261 1.00196 0.00639533 0.0081098 0
220 5 50 0.992346 1.12026 0.992432 6.82237 6.86192 3.9637 3.89025 3.88198 3.52121 3.52121 3.5078 3.4813 0.983033 0.347182 1 1e-05 0.0022386 0.034257 60.4609 35.7924 7.04053 -42.8329 38.0853 13.4734 46.7895 -0.495868 0 0 0 0.539816 0.578217 -0.00602904 0.0121658 0.0110804 0.874939 0.822142 0.893918 0.0176909 0.0166993 0.0181173 0.0220961 0.0207949 0.0225499 0 0 0 0 0 0 0.501417 0.579179 0.000607017 0.388865 17.1015 0 2.5675 0 3.00056 0 0.992346 3.89169 3.52121 1.00213 1 1.00003 1.00271 1.00199 0.00635608 0.00805691 0
230 5.22727 52.2727 0.968276 1.10478 0.968497 6.7402 6.7781 4.35891 3.80336 3.79498 3.44091 3.44091 3.42776 3.40216 0.960233 0.346848 1 1e-05 0.00225141 0.0342248 59.6617 35.3987 6.91415 -42.3129 37.6718 13.3125 46.2331 -0.563405 0 0 0 0.537137 0.576116 -0.00605987 0.0118868 0.0109614 0.868864 0.815984 0.888151 0.0201707 0.0190359 0.0206601 0.0251906 0.0237017 0.0257123 0 0 0 0 0 0 0.501417 0.579179 0.00309304 0.388814 16.9088 0 2.65547 0 3.10503 0 0.968276 3.80473 3.44091 1.00221 1 1.00002 1.00281 1.00201 0.00631181 0.00799762 0
240 5.45455 54.5455 0.944496 1.08804 0.944836 6.66284 6.69647 4.71558 3.71819 3.70972 3.36159 3.36159 3.34867 3.32391 0.937588 0.346186 1 1e-05 0.00226432 0.0341881 58.8563 35.0038 6.79727 -41.8011 37.2543 13.1525 45.6805 -0.63566 0 0 0 0.535398 0.574247 -0.00616747 0.0116313 0.0109398 0.862343 0.809267 0.881775 0.0226329 0.0213547 0.023186 0.0282621 0.026585 0.0288525 0 0 0 0 0 0 0.501417 0.579179 0.00278595 0.388059 16.7177 0 2.74505 0 3.20909 0 0.944496 3.71949 3.36159 1.00228 1 1.00002 1.0029 1.00204 0.00626812 0.00794302 0
250 5.68182 56.8182 0.920974 1.07024 0.921414 6.5957 6.62367 5.01171 3.63484 3.6263 3.28318 3.28318 3.27048 3.24656 0.915018 0.34545 1 1e-05 0.00227731 0.0341459 58.0423 34.6094 6.68438 -41.2938 36.8359 12.9867 45.1302 -0.683027 0 0 0 0.534768 0.573604 -0.0061861 0.0114392 0.0109856 0.855287 0.802123 0.874964 0.0250762 0.0236541 0.0256935 0.0313086 0.0294428 0.0319684 0 0 0 0 0 0 0.501417 0.579179 0.00364096 0.386237 16.5287 0 2.81595 0 3.28652 0 0.920974 3.63607 3.28318 1.00236 1 1.00002 1.00299 1.00207 0.00622476 0.00788805 0
260 5.90909 59.0909 0.897693 1.05157 0.898238 6.52649 6.55602 5.25699 3.55282 3.54423 3.20525 3.20525 3.19281 3.16971 0.892438 0.344337 1 1e-05 0.00229046 0.0340991 57.2206 34.2122 6.56836 -40.7805 36.4139 12.8284 44.5755 -0.795479 0 0 0 0.534639 0.573192 -0.0061691 0.0112419 0.0110938 0.84775 0.794707 0.867701 0.0274991 0.025933 0.0281812 0.0343284 0.0322737 0.0350583 0 0 0 0 0 0 0.501417 0.579179 0.00231868 0.386167 16.3406 0 2.86997 0 3.36031 0 0.897693 3.554 3.20525 1.00242 1 1.00002 1.00308 1.0021 0.00617584 0.00782119 0
270 6.13636 61.3636 0.874595 1.03235 0.875231 6.47856 6.50431 5.41372 3.47149 3.46287 3.12827 3.12827 3.11609 3.09381 0.870187 0.342817 1 1e-05 0.00230387 0.0340501 56.394 33.8143 6.45483 -40.2692 35.9905 12.6743 44.0209 -0.846867 0 0 0 0.534973 0.573095 -0.00619455 0.0111043 0.0111693 0.839891 0.787009 0.860171 0.0299001 0.0281906 0.0306479 0.0373198 0.035077 0.0381208 0 0 0 0 0 0 0.501417 0.579179 0.00204013 0.385549 16.152 0 2.90919 0 3.39546 0 0.874595 3.47262 3.12827 1.00249 1 1.00002 1.00316 1.00213 0.00612179 0.00775379 0
280 6.36364 63.6364 0.851959 1.01258 0.852668 6.35382 6.3744 5.56763 3.39193 3.38329 3.05309 3.05309 3.04117 3.01972 0.848493 0.342253 1 1e-05 0.00231738 0.0339991 55.5715 33.4227 6.34181 -39.7645 35.5719 12.5215 43.473 -0.848633 0 0 0 0.53615 0.57421 -0.00627439 0.0108622 0.0112497 0.831731 0.778919 0.852444 0.0322782 0.030426 0.0330931 0.0402816 0.0378511 0.0411552 0 0 0 0 0 0 0.501417 0.579179 0.00170283 0.384368 15.9653 0 2.93019 0 3.4158 0 0.851959 3.39301 3.05309 1.00255 1 1.00002 1.00325 1.00216 0.00606725 0.00768682 0
290 6.59091 65.9091 0.829638 0.992682 0.830419 6.26537 6.28545 5.60219 3.31259 3.30395 2.9785 2.9785 2.96684 2.94618 0.827037 0.342304 1 1e-05 0.00233124 0.0339505 54.7559 33.0285 6.23006 -39.2586 35.1495 12.3634 42.9257 -0.929148 0 0 0 0.538049 0.576175 -0.00626892 0.010643 0.01132 0.823421 0.770668 0.844637 0.0346327 0.0326383 0.0355166 0.0432129 0.040595 0.0441608 0 0 0 0 0 0 0.501417 0.579179 0.00279643 0.382101 15.777 0 2.95158 0 3.43314 0 0.829638 3.31361 2.9785 1.00262 1 1.00002 1.00332 1.00219 0.00600695 0.00760861 0
300 6.81818 68.1818 0.807746 0.972748 0.808594 6.14603 6.16478 5.61339 3.23272 3.2241 2.90505 2.90505 2.89366 2.87383 0.806277 0.34208 1 1e-05 0.00234561 0.0339113 53.9619 32.6349 6.12342 -38.7584 34.7291 12.2115 42.3779 -0.900039 0 0 0 0.539872 0.577718 -0.00624388 0.0103291 0.0113388 0.814944 0.762408 0.836718 0.0369631 0.0348275 0.0379177 0.0461133 0.0433084 0.0471372 0 0 0 0 0 0 0.501417 0.579179 0.003083 0.381499 15.5852 0 2.9504 0 3.42294 0 0.807746 3.2337 2.90505 1.00267 1 1.00002 1.0034 1.00222 0.00594502 0.00753243 0
310 7.04545 70.4545 0.786336 0.952865 0.787242 6.0127 6.02923 5.59902 3.15316 3.14457 2.83304 2.83304 2.82193 2.80285 0.786171 0.341562 1 1e-05 0.00236037 0.0338785 53.1861 32.2411 6.02541 -38.2665 34.3096 12.0553 41.8376 -0.941177 0 0 0 0.541173 0.578963 -0.00614533 0.00996778 0.0113427 0.806343 0.754111 0.828769 0.0392691 0.0369932 0.0402957 0.048982 0.0459914 0.050084 0 0 0 0 0 0 0.501417 0.579179 0.00230591 0.381762 15.3917 0 2.95557 0 3.42779 0 0.786336 3.15407 2.83304 1.00273 1 1.00002 1.00347 1.00225 0.00588311 0.00745211 0
320 7.27273 72.7273 0.765333 0.932901 0.766278 5.90343 5.91428 5.62185 3.07467 3.06613 2.7621 2.7621 2.75124 2.73283 0.766377 0.340903 1 1e-05 0.00237538 0.0338467 52.4172 31.8499 5.92722 -37.7772 33.892 11.8917 41.3002 -0.940751 0 0 0 0.541492 0.579384 -0.006003 0.0096286 0.0113735 0.797675 0.745612 0.820719 0.0415503 0.0391349 0.0426505 0.0518187 0.0486433 0.0530011 0 0 0 0 0 0 0.501417 0.579179 -0.00279329 0.381098 15.1985 0 2.95499 0 3.42037 0 0.765333 3.07553 2.7621 1.00279 1 1.00002 1.00354 1.00228 0.00582029 0.00737317 0
330 7.5 75 0.744833 0.91327 0.745823 5.76018 5.77291 5.52801 2.99646 2.98798 2.6927 2.6927 2.68207 2.66434 0.747307 0.340081 1 1e-05 0.00239083 0.0338227 51.6694 31.458 5.83455 -37.2926 33.4756 11.7335 40.7687 -0.94947 0 0 0 0.541868 0.579506 -0.00581803 0.00928149 0.0114196 0.789195 0.737108 0.81264 0.0438067 0.0412518 0.0449822 0.0546235 0.0512636 0.0558882 0 0 0 0 0 0 0.501417 0.579179 -0.0015888 0.381901 15.0036 0 2.93065 0 3.38662 0 0.744833 2.99728 2.6927 1.00284 1 1.00001 1.00361 1.00231 0.00576783 0.00730416 0
340 7.72727 77.2727 0.724777 0.893814 0.725806 5.63657 5.64771 5.4789 2.9194 2.911 2.62408 2.62408 2.6137 2.5966 0.728399 0.339747 1 1e-05 0.00240654 0.033801 50.9321 31.0652 5.74105 -36.8063 33.057 11.5776 40.2373 -0.935439 0 0 0 0.54209 0.579524 -0.00559294 0.00899476 0.01144 0.780708 0.728717 0.804421 0.0460391 0.0433443 0.0472899 0.057397 0.0538528 0.0587449 0 0 0 0 0 0 0.501417 0.579179 -0.0022671 0.383533 14.8091 0 2.93697 0 3.38663 0 0.724777 2.92017 2.62408 1.00289 1 1.00001 1.00367 1.00234 0.00570443 0.00722585 0
350 7.95455 79.5455 0.705236 0.874499 0.706309 5.49047 5.50278 5.43899 2.84434 2.83602 2.55638 2.55638 2.54626 2.52983 0.709554 0.33952 1 1e-05 0.00242235 0.0337785 50.203 30.6734 5.6508 -36.3242 32.6365 11.4255 39.7068 -0.94255 0 0 0 0.541411 0.579103 -0.0053515 0.00873434 0.0114115 0.77218 0.720316 0.796167 0.0482465 0.0454123 0.0495737 0.0601388 0.0564108 0.0615708 0 0 0 0 0 0 0.501417 0.579179 -0.00112147 0.382373 14.6171 0 2.91722 0 3.36108 0 0.705236 2.84507 2.55638 1.00293 1 1.00001 1.00373 1.00237 0.00563986 0.00714282 0
360 8.18182 81.8182 0.686136 0.855478 0.687256 5.36545 5.37859 5.35658 2.76976 2.76153 2.48944 2.48944 2.47953 2.46366 0.690986 0.33982 1 1e-05 0.00243857 0.0337627 49.4913 30.28 5.5608 -35.8408 32.2132 11.2691 39.1781 -0.933396 0 0 0 0.541676 0.579671 -0.00515829 0.00851018 0.0112965 0.763704 0.711855 0.788019 0.0504291 0.0474556 0.0518335 0.062849 0.0589375 0.0643661 0 0 0 0 0 0 0.501417 0.579179 -6.79475e-05 0.381421 14.4239 0 2.89474 0 3.33516 0 0.686136 2.77045 2.48944 1.00298 1 1.00001 1.00379 1.0024 0.00558468 0.00706966 0
370 8.40909 84.0909 0.667531 0.836638 0.668682 5.23033 5.23917 5.30521 2.6971 2.68897 2.42344 2.42344 2.41378 2.39851 0.672505 0.339783 1 1e-05 0.00245491 0.0337461 48.7878 29.8868 5.46962 -35.3564 31.7911 11.1189 38.6475 -0.901482 0 0 0 0.542346 0.580239 -0.00505807 0.00831252 0.0111897 0.75528 0.703393 0.779786 0.0525876 0.049475 0.054069 0.0655278 0.0614329 0.0671308 0 0 0 0 0 0 0.501417 0.579179 0.00243975 0.37865 14.2331 0 2.88497 0 3.32099 0 0.667531 2.69776 2.42344 1.00302 1 1.00001 1.00384 1.00243 0.00551843 0.00698724 0
380 8.63636 86.3636 0.649541 0.818045 0.650713 5.06005 5.06586 5.23577 2.62591 2.61789 2.35897 2.35897 2.34954 2.33481 0.654495 0.339366 1 1e-05 0.00247146 0.0337356 48.1071 29.4983 5.38251 -34.8808 31.3733 10.9654 38.1238 -0.879705 0 0 0 0.54306 0.580844 -0.00497175 0.00805901 0.011018 0.746805 0.695004 0.771584 0.0547213 0.0514701 0.0562803 0.0681752 0.063897 0.0698647 0 0 0 0 0 0 0.501417 0.579179 0.000841258 0.374415 14.0437 0 2.86206 0 3.29562 0 0.649541 2.62653 2.35897 1.00306 1 1.00001 1.00389 1.00246 0.0054581 0.00691154 0
390 8.86364 88.6364 0.632011 0.799774 0.633202 4.93096 4.93654 5.14518 2.5571 2.54919 2.29596 2.29596 2.28678 2.2726 0.636739 0.338989 1 1e-05 0.00248799 0.0337201 47.4276 29.1113 5.29848 -34.4098 30.9577 10.8177 37.6051 -0.863656 0 0 0 0.543112 0.580803 -0.0047967 0.00778142 0.0108706 0.738377 0.686642 0.763459 0.0568307 0.053441 0.0584679 0.0707911 0.06633 0.0725681 0 0 0 0 0 0 0.501417 0.579179 -0.000993312 0.376136 13.8583 0 2.8275 0 3.25461 0 0.632011 2.55769 2.29596 1.0031 1 1.00001 1.00394 1.00249 0.0053877 0.00682121 0
400 9.09091 90.9091 0.61502 0.781895 0.616234 4.77821 4.78453 5.03474 2.48972 2.48193 2.23477 2.23477 2.22583 2.21219 0.619619 0.338231 1 1e-05 0.00250473 0.0337096 46.7674 28.7271 5.21903 -33.9462 30.5472 10.6729 37.0953 -0.814113 0 0 0 0.543044 0.580581 -0.00462782 0.00747657 0.0107928 0.730071 0.678307 0.755437 0.0589161 0.0553878 0.0606316 0.0733758 0.0687322 0.0752412 0 0 0 0 0 0 0.501417 0.579179 -0.00267247 0.374796 13.6742 0 2.80226 0 3.21379 0 0.61502 2.49029 2.23477 1.00314 1 1.00001 1.00399 1.00253 0.00531894 0.00673506 0
410 9.31818 93.1818 0.598511 0.764381 0.599748 4.64263 4.64909 4.93176 2.42291 2.41525 2.175 2.175 2.16628 2.15315 0.603085 0.336836 1 1e-05 0.00252189 0.0337079 46.1295 28.3487 5.13843 -33.4872 30.1448 10.5236 36.5892 -0.793206 0 0 0 0.543899 0.581408 -0.00444852 0.0072146 0.0107099 0.721816 0.670081 0.747486 0.0609772 0.0573111 0.0627721 0.0759297 0.0711036 0.0778845 0 0 0 0 0 0 0.501417 0.579179 -0.00384385 0.373727 13.4892 0 2.76656 0 3.1749 0 0.598511 2.42346 2.175 1.00318 1 1.00001 1.00404 1.00256 0.00525912 0.0066577 0
420 9.54545 95.4545 0.582486 0.747271 0.583731 4.51031 4.51257 4.81818 2.35801 2.35047 2.11648 2.11648 2.108 2.09535 0.586792 0.336237 1 1e-05 0.00253913 0.0337066 45.5022 27.9728 5.06014 -33.033 29.7414 10.383 36.0882 -0.787894 0 0 0 0.545142 0.582655 -0.0043054 0.00691219 0.0106021 0.71366 0.661977 0.739607 0.0630143 0.0592108 0.0648894 0.0784531 0.0734448 0.080498 0 0 0 0 0 0 0.501417 0.579179 -0.000868841 0.371922 13.3071 0 2.74674 0 3.14962 0 0.582486 2.35853 2.11648 1.00321 1 1.00001 1.00408 1.00259 0.00518842 0.00656895 0
430 9.77273 97.7273 0.566898 0.730493 0.56816 4.3847 4.38975 4.72487 2.29456 2.28715 2.05957 2.05957 2.05132 2.03916 0.571026 0.33544 1 1e-05 0.00255656 0.0337079 44.8874 27.6015 4.98287 -32.5844 29.3444 10.2383 35.5955 -0.751436 0 0 0 0.545606 0.583251 -0.00418821 0.0066051 0.0105395 0.705523 0.653971 0.731809 0.0650273 0.0610874 0.0669832 0.080946 0.0757561 0.0830823 0 0 0 0 0 0 0.501417 0.579179 0.000150692 0.373006 13.1267 0 2.71956 0 3.1113 0 0.566898 2.29505 2.05957 1.00324 1 1.00001 1.00412 1.00262 0.00512057 0.00648389 0
440 10 100 0.551837 0.714148 0.553107 4.239 4.24113 4.60266 2.23307 2.22578 2.00431 2.00431 1.99629 1.98457 0.555692 0.335503 1 1e-05 0.00257404 0.0337108 44.2878 27.2326 4.91332 -32.1459 28.9523 10.0951 35.112 -0.716019 0 0 0 0.545685 0.583709 -0.00402547 0.00633842 0.0105229 0.697547 0.646054 0.724113 0.0670166 0.0629411 0.0690537 0.0834089 0.0780378 0.0856374 0 0 0 0 0 0 0.501417 0.579179 -0.00144097 0.371159 12.9494 0 2.68118 0 3.05806 0 0.551837 2.23351 2.00431 1.00327 1 1.00001 1.00416 1.00265 0.00505278 0.00639534 0
450 10.2273 102.273 0.537228 0.698166 0.5385 4.11332 4.11371 4.50063 2.17228 2.16514 1.95031 1.95031 1.94251 1.93125 0.54084 0.335698 1 1e-05 0.00259192 0.0337226 43.7098 26.8675 4.84193 -31.7095 28.5632 9.95668 34.6324 -0.707713 0 0 0 0.545862 0.58406 -0.0039619 0.00615297 0.0105446 0.689613 0.638267 0.716506 0.0689828 0.0647725 0.0711012 0.0858422 0.0802904 0.0881639 0 0 0 0 0 0 0.501417 0.579179 -0.000980006 0.369804 12.7717 0 2.65386 0 3.02975 0 0.537228 2.17271 1.95031 1.0033 1 1.00001 1.00419 1.00268 0.00498676 0.00631172 0
460 10.4545 104.545 0.523014 0.682615 0.52429 4.00147 4.00265 4.37901 2.11281 2.1058 1.89727 1.89727 1.88971 1.87889 0.526215 0.3354 1 1e-05 0.00261002 0.0337374 43.1436 26.506 4.76828 -31.2743 28.1778 9.8177 34.1538 -0.688357 0 0 0 0.546118 0.584257 -0.00394082 0.00602292 0.0105524 0.681771 0.630657 0.709007 0.0709255 0.0665818 0.0731253 0.0882459 0.0825145 0.090662 0 0 0 0 0 0 0.501417 0.579179 0.000951017 0.370894 12.5955 0 2.61469 0 2.99077 0 0.523014 2.11322 1.89727 1.00333 1 1.00001 1.00423 1.00271 0.00491092 0.00621861 0
470 10.6818 106.818 0.509277 0.667302 0.510557 3.86723 3.86836 4.31218 2.0542 2.04733 1.84573 1.84573 1.83838 1.82796 0.512158 0.334911 1 1e-05 0.0026285 0.0337621 42.6015 26.1522 4.69113 -30.8433 27.7999 9.67647 33.6818 -0.646295 0 0 0 0.546491 0.584593 -0.00392478 0.00591612 0.0105061 0.673987 0.623103 0.70149 0.072845 0.068369 0.0751262 0.0906206 0.0847104 0.0931321 0 0 0 0 0 0 0.501417 0.579179 -0.0011766 0.372244 12.4194 0 2.58866 0 2.95721 0 0.509277 2.05457 1.84573 1.00336 1 1.00001 1.00426 1.00274 0.00484557 0.00613431 0
480 10.9091 109.091 0.496052 0.652361 0.497323 3.7267 3.72417 4.20728 1.99789 1.99116 1.79576 1.79576 1.78863 1.77859 0.498428 0.334985 1 1e-05 0.00264688 0.0337863 42.0722 25.8041 4.61508 -30.4191 27.4293 9.53469 33.2182 -0.597004 0 0 0 0.54753 0.585424 -0.0038566 0.00583954 0.0104842 0.666354 0.615615 0.694055 0.0747416 0.0701338 0.0771041 0.0929664 0.0868785 0.095574 0 0 0 0 0 0 0.501417 0.579179 -0.00352142 0.371408 12.2479 0 2.54585 0 2.90761 0 0.496052 1.99825 1.79576 1.00338 1 1.00001 1.0043 1.00277 0.00477532 0.00604618 0
490 11.1364 111.364 0.483275 0.637738 0.484545 3.5984 3.59804 4.11809 1.94325 1.93666 1.74713 1.74713 1.7402 1.73054 0.485039 0.334759 1 1e-05 0.00266534 0.0338131 41.557 25.4576 4.54345 -30.001 27.061 9.40313 32.7605 -0.577928 0 0 0 0.548865 0.586344 -0.00377005 0.0057126 0.0104591 0.65877 0.608253 0.686677 0.0766159 0.0718765 0.0790598 0.0952838 0.089019 0.0979883 0 0 0 0 0 0 0.501417 0.579179 -0.0050447 0.370774 12.0791 0 2.52496 0 2.87966 0 0.483275 1.94359 1.74713 1.0034 1 1.00001 1.00433 1.0028 0.00470707 0.00596133 0
500 11.3636 113.636 0.470839 0.623565 0.472112 3.50108 3.50192 3.99089 1.88997 1.88351 1.69987 1.69987 1.69314 1.68382 0.472052 0.333977 1 1e-05 0.00268397 0.0338415 41.0507 25.1162 4.47404 -29.5903 26.6984 9.27036 32.3104 -0.581342 0 0 0 0.550278 0.587625 -0.00367548 0.00558881 0.0104529 0.65134 0.601014 0.679462 0.0784683 0.0735978 0.0809932 0.0975732 0.0911324 0.100375 0 0 0 0 0 0 0.501417 0.579179 -0.00382099 0.37036 11.9122 0 2.4832 0 2.83661 0 0.470839 1.89028 1.69987 1.00343 1 1.00001 1.00435 1.00283 0.00464215 0.00587786 0
510 11.5909 115.909 0.458753 0.609762 0.460016 3.40631 3.40357 3.88696 1.83786 1.83154 1.65377 1.65377 1.64722 1.63823 0.459416 0.333279 1 1e-05 0.00270284 0.0338741 40.5573 24.7781 4.40607 -29.1841 26.339 9.14131 31.8654 -0.570455 0 0 0 0.551881 0.589023 -0.0036139 0.00546973 0.0103443 0.644038 0.593873 0.672351 0.0802994 0.0752981 0.0829046 0.0998351 0.0932191 0.102735 0 0 0 0 0 0 0.501417 0.579179 -0.00465348 0.371359 11.7467 0 2.45268 0 2.80174 0 0.458753 1.83815 1.65377 1.00345 1 1.00001 1.00438 1.00286 0.00457897 0.00579833 0
520 11.8182 118.182 0.447024 0.596285 0.448276 3.306 3.30293 3.7953 1.7878 1.78162 1.60899 1.60899 1.60263 1.59397 0.447035 0.332466 1 1e-05 0.00272161 0.033903 40.0678 24.446 4.33731 -28.7833 25.9849 9.01655 31.4265 -0.535408 0 0 0 0.552307 0.589567 -0.00356572 0.00536704 0.01021 0.636852 0.586816 0.665308 0.0821094 0.0769774 0.0847947 0.10207 0.0952795 0.105069 0 0 0 0 0 0 0.501417 0.579179 -0.00476791 0.370009 11.5855 0 2.42068 0 2.76487 0 0.447024 1.78808 1.60899 1.00347 1 1.00001 1.00441 1.00289 0.00451301 0.00571474 0
530 12.0455 120.455 0.435682 0.583185 0.436926 3.1961 3.19396 3.68896 1.73923 1.73319 1.56561 1.56561 1.55944 1.55107 0.435052 0.331906 1 1e-05 0.00274045 0.0339334 39.5897 24.117 4.27408 -28.3911 25.6349 8.8938 30.9975 -0.50218 0 0 0 0.552181 0.58983 -0.00352945 0.00523586 0.0100774 0.629783 0.579859 0.658411 0.0838984 0.0786367 0.0866638 0.104278 0.0973138 0.107376 0 0 0 0 0 0 0.501417 0.579179 -0.00571947 0.371119 11.4269 0 2.38162 0 2.71492 0 0.435682 1.7395 1.56561 1.00349 1 1.00001 1.00443 1.00292 0.00445326 0.00563445 0
540 12.2727 122.727 0.424733 0.570489 0.425975 3.08391 3.08321 3.57506 1.69182 1.68591 1.52351 1.52351 1.51751 1.50945 0.42348 0.330946 1 1e-05 0.00275949 0.0339702 39.1297 23.7954 4.20771 -28.0031 25.2932 8.77226 30.5734 -0.48163 0 0 0 0.55184 0.589841 -0.00356329 0.0051726 0.00998422 0.62287 0.573054 0.651629 0.0856668 0.0802757 0.088512 0.10646 0.0993226 0.109657 0 0 0 0 0 0 0.501417 0.579179 -0.0046947 0.370837 11.27 0 2.33837 0 2.66676 0 0.424733 1.69208 1.52351 1.00351 1 1.00001 1.00445 1.00295 0.00439284 0.00555904 0
550 12.5 125 0.414153 0.558155 0.415381 2.98325 2.97917 3.47338 1.64604 1.64026 1.48259 1.48259 1.47677 1.46901 0.412177 0.329951 1 1e-05 0.00277852 0.0340068 38.6789 23.4766 4.14478 -27.6214 24.9553 8.65121 30.157 -0.453907 0 0 0 0.551572 0.58961 -0.00362229 0.0051675 0.00992935 0.61606 0.56638 0.644975 0.0874148 0.0818949 0.0903394 0.108617 0.101306 0.111914 0 0 0 0 0 0 0.501417 0.579179 -0.00437589 0.370721 11.1164 0 2.31496 0 2.63625 0 0.414153 1.64628 1.48259 1.00352 1 1.00001 1.00448 1.00298 0.00433385 0.00547856 0
560 12.7273 127.273 0.403934 0.546118 0.405146 2.88222 2.87782 3.38954 1.60108 1.59544 1.44282 1.44282 1.43717 1.42968 0.401279 0.329164 1 1e-05 0.00279785 0.0340513 38.2464 23.1623 4.08471 -27.2471 24.6222 8.5288 29.7479 -0.437132 0 0 0 0.551968 0.589724 -0.00367459 0.00517616 0.0098991 0.609328 0.55978 0.638437 0.0891431 0.0834947 0.092147 0.110748 0.103266 0.114145 0 0 0 0 0 0 0.501417 0.579179 -0.00122849 0.371691 10.9634 0 2.2824 0 2.60173 0 0.403934 1.60131 1.44282 1.00354 1 1.00001 1.0045 1.003 0.00426818 0.00539805 0
570 12.9545 129.545 0.394048 0.53437 0.395248 2.78729 2.78376 3.30815 1.55742 1.5519 1.40407 1.40407 1.39859 1.39135 0.390631 0.32884 1 1e-05 0.00281729 0.0340994 37.8272 22.8514 4.02717 -26.8785 24.2922 8.40881 29.3444 -0.412589 0 0 0 0.551927 0.589437 -0.00367126 0.00512537 0.00986556 0.602694 0.553282 0.631965 0.0908521 0.0850754 0.0939345 0.112854 0.105201 0.116351 0 0 0 0 0 0 0.501417 0.579179 -0.000748144 0.370104 10.8128 0 2.24842 0 2.56643 0 0.394048 1.55763 1.40407 1.00355 1 1.00001 1.00452 1.00303 0.00420333 0.00531685 0
580 13.1818 131.818 0.384479 0.522931 0.385668 2.69758 2.69455 3.22139 1.51514 1.50976 1.36636 1.36636 1.36104 1.35404 0.380225 0.329163 1 1e-05 0.00283677 0.0341481 37.4167 22.5416 3.97359 -26.5152 23.9625 8.29531 28.9485 -0.387182 0 0 0 0.551579 0.589329 -0.00364163 0.00504975 0.00982067 0.596129 0.546924 0.625592 0.0925413 0.0866374 0.0957025 0.114935 0.107112 0.118534 0 0 0 0 0 0 0.501417 0.579179 -0.00219806 0.371203 10.665 0 2.22061 0 2.52657 0 0.384479 1.51534 1.36636 1.00357 1 1 1.00454 1.00306 0.00414312 0.00524152 0
590 13.4091 134.091 0.37526 0.511794 0.376441 2.59835 2.5961 3.13607 1.47453 1.46927 1.32986 1.32986 1.32471 1.31799 0.3701 0.329374 1 1e-05 0.00285613 0.0341958 37.0148 22.2387 3.92006 -26.1588 23.6402 8.18381 28.5589 -0.368011 0 0 0 0.550637 0.588637 -0.00362691 0.00496515 0.0097869 0.589665 0.5407 0.619295 0.0942108 0.0881809 0.0974508 0.116992 0.109 0.120692 0 0 0 0 0 0 0.501417 0.579179 -0.000793696 0.368023 10.521 0 2.18822 0 2.4909 0 0.37526 1.47472 1.32986 1.00358 1 1 1.00455 1.00309 0.0040769 0.00515861 0
600 13.6364 136.364 0.366326 0.500931 0.367497 2.51848 2.5159 3.05906 1.43471 1.42957 1.29448 1.29448 1.28947 1.28298 0.36037 0.329735 1 1e-05 0.00287578 0.0342504 36.628 21.9389 3.87222 -25.8111 23.3205 8.0754 28.1785 -0.355094 0 0 0 0.550119 0.588133 -0.003642 0.00489284 0.00970355 0.583271 0.534592 0.61308 0.0958615 0.0897064 0.0991804 0.119026 0.110865 0.122827 0 0 0 0 0 0 0.501417 0.579179 5.24623e-05 0.367188 10.3779 0 2.15837 0 2.45734 0 0.366326 1.43489 1.29448 1.0036 1 1 1.00457 1.00311 0.00402347 0.00509053 0
610 13.8636 138.636 0.357646 0.49034 0.358811 2.44612 2.44425 2.98254 1.39639 1.39137 1.25996 1.25996 1.2551 1.24885 0.350775 0.329784 1 1e-05 0.00289534 0.0343021 36.2443 21.6432 3.82504 -25.4683 23.0072 7.96585 27.8005 -0.344703 0 0 0 0.549756 0.587534 -0.00372767 0.00482675 0.00955943 0.576962 0.528578 0.606958 0.0974932 0.091214 0.100892 0.121035 0.112707 0.124939 0 0 0 0 0 0 0.501417 0.579179 0.000548646 0.367935 10.2383 0 2.13071 0 2.43268 0 0.357646 1.39656 1.25996 1.00361 1 1 1.00459 1.00314 0.00396365 0.00501422 0
620 14.0909 140.909 0.349262 0.479989 0.350416 2.364 2.36089 2.91469 1.35911 1.35421 1.22648 1.22648 1.22177 1.21573 0.341481 0.329955 1 1e-05 0.00291501 0.0343576 35.8728 21.3538 3.77536 -25.1292 22.6986 7.85979 27.429 -0.319583 0 0 0 0.549033 0.586585 -0.00380248 0.00476415 0.00944419 0.570714 0.522616 0.600946 0.0991065 0.0927038 0.102586 0.123021 0.114528 0.127027 0 0 0 0 0 0 0.501417 0.579179 -0.00109003 0.36507 10.1007 0 2.09721 0 2.3947 0 0.349262 1.35927 1.22648 1.00362 1 1 1.0046 1.00316 0.00390093 0.00493849 0
630 14.3182 143.182 0.341158 0.4699 0.342296 2.28657 2.28209 2.84108 1.32264 1.31786 1.19412 1.19412 1.18954 1.1837 0.332593 0.330156 1 1e-05 0.00293493 0.0344192 35.5154 21.0718 3.72306 -24.7948 22.3969 7.7581 27.0641 -0.310023 0 0 0 0.548124 0.585822 -0.0038741 0.00473324 0.0093549 0.564528 0.516775 0.595022 0.100701 0.0941756 0.104262 0.124983 0.116327 0.129093 0 0 0 0 0 0 0.501417 0.579179 -0.00272847 0.365317 9.96418 0 2.07259 0 2.36417 0 0.341158 1.32279 1.19412 1.00363 1 1 1.00462 1.00319 0.00384836 0.00487139 0
640 14.5455 145.455 0.333307 0.460083 0.334428 2.21566 2.21092 2.7644 1.28739 1.28272 1.16263 1.16263 1.15819 1.15256 0.323902 0.329824 1 1e-05 0.00295484 0.0344822 35.1667 20.7915 3.67488 -24.4664 22.0986 7.65684 26.7049 -0.286046 0 0 0 0.547698 0.585371 -0.00392387 0.00473365 0.00923895 0.558422 0.511051 0.589201 0.102277 0.0956297 0.10592 0.126923 0.118104 0.131137 0 0 0 0 0 0 0.501417 0.579179 -0.00259032 0.36499 9.83042 0 2.04205 0 2.32559 0 0.333307 1.28753 1.16263 1.00364 1 1 1.00463 1.00321 0.00378992 0.00479794 0
650 14.7727 147.727 0.325726 0.450557 0.326838 2.13727 2.13471 2.68257 1.25264 1.24808 1.13209 1.13209 1.12778 1.12233 0.315579 0.329172 1 1e-05 0.00297515 0.0345557 34.8366 20.5166 3.62419 -24.1408 21.8082 7.55802 26.3496 -0.268968 0 0 0 0.547956 0.585292 -0.00396328 0.00473964 0.00913641 0.55248 0.505422 0.583462 0.103836 0.0970666 0.107561 0.12884 0.11986 0.133159 0 0 0 0 0 0 0.501417 0.579179 -0.00187721 0.363367 9.69679 0 2.00585 0 2.28654 0 0.325726 1.25277 1.13209 1.00365 1 1 1.00464 1.00324 0.00373797 0.00473083 0
660 15 150 0.318411 0.441279 0.319512 2.06298 2.06007 2.61276 1.2191 1.21465 1.10257 1.10257 1.09838 1.09313 0.307524 0.328218 1 1e-05 0.00299542 0.0346297 34.5146 20.2466 3.57599 -23.8226 21.5224 7.4593 26.003 -0.254466 0 0 0 0.548366 0.585374 -0.00400368 0.00475171 0.00903582 0.546658 0.499894 0.577779 0.105377 0.0984868 0.109184 0.130735 0.121596 0.135159 0 0 0 0 0 0 0.501417 0.579179 0.000807155 0.363386 9.56605 0 1.9826 0 2.25855 0 0.318411 1.21922 1.10257 1.00366 1 1 1.00465 1.00326 0.00368458 0.00466215 0
670 15.2273 152.273 0.311316 0.432227 0.312404 2.00183 1.99782 2.54892 1.18673 1.18239 1.07395 1.07395 1.06988 1.0648 0.299685 0.327066 1 1e-05 0.00301567 0.0347036 34.1986 19.9825 3.52724 -23.5098 21.2432 7.36079 25.6619 -0.243569 0 0 0 0.548094 0.584972 -0.00398555 0.00476214 0.00893195 0.540937 0.494411 0.572188 0.106901 0.0998905 0.11079 0.132609 0.123311 0.137138 0 0 0 0 0 0 0.501417 0.579179 -0.00248623 0.364572 9.43815 0 1.94865 0 2.22305 0 0.311316 1.18684 1.07395 1.00367 1 1 1.00467 1.00328 0.00363033 0.00459496 0
680 15.4545 154.545 0.304461 0.423454 0.305536 1.9339 1.93054 2.47045 1.1556 1.15136 1.04621 1.04621 1.04227 1.03735 0.292036 0.327056 1 1e-05 0.00303579 0.0347762 33.8886 19.7237 3.47642 -23.2001 20.969 7.26408 25.3269 -0.232267 0 0 0 0.547893 0.585 -0.00400545 0.00478394 0.00882143 0.535324 0.489079 0.56669 0.108409 0.101278 0.112379 0.134461 0.125006 0.139096 0 0 0 0 0 0 0.501417 0.579179 -0.000611783 0.364702 9.3135 0 1.91687 0 2.18517 0 0.304461 1.15571 1.04621 1.00368 1 1 1.00468 1.00331 0.00357528 0.00452588 0
690 15.6818 156.818 0.297827 0.414944 0.298886 1.87263 1.86795 2.39645 1.12538 1.12124 1.01938 1.01938 1.01555 1.0108 0.284664 0.326648 1 1e-05 0.00305599 0.0348518 33.5881 19.4704 3.42756 -22.8979 20.7003 7.17041 24.9982 -0.211992 0 0 0 0.548028 0.585407 -0.00405187 0.00479622 0.00873259 0.529855 0.483848 0.561279 0.109901 0.10265 0.113951 0.136292 0.126682 0.141033 0 0 0 0 0 0 0.501417 0.579179 0.00100227 0.366526 9.19088 0 1.89165 0 2.15434 0 0.297827 1.12548 1.01938 1.00369 1 1 1.00469 1.00333 0.00352358 0.00446093 0
700 15.9091 159.091 0.291456 0.406641 0.292498 1.79885 1.79414 2.33818 1.09628 1.09225 0.993502 0.993502 0.989783 0.985191 0.277541 0.327028 1 1e-05 0.00307608 0.0349298 33.2994 19.2244 3.37647 -22.6009 20.4388 7.07732 24.6769 -0.183354 0 0 0 0.548415 0.585937 -0.0040707 0.00476792 0.0086377 0.524454 0.478691 0.555954 0.111376 0.104007 0.115507 0.138104 0.128339 0.142949 0 0 0 0 0 0 0.501417 0.579179 -0.00146646 0.364003 9.07125 0 1.85957 0 2.11804 0 0.291456 1.09638 0.993502 1.0037 1 1 1.0047 1.00335 0.00347278 0.00439596 0
710 16.1364 161.364 0.285298 0.398583 0.286325 1.73846 1.73402 2.2691 1.06824 1.0643 0.968506 0.968506 0.964893 0.96044 0.270651 0.327222 1 1e-05 0.00309609 0.0350073 33.0169 18.9822 3.32946 -22.3116 20.1827 6.98773 24.3622 -0.175511 0 0 0 0.548287 0.585923 -0.00406289 0.00473135 0.00853498 0.519134 0.473648 0.550749 0.112836 0.105349 0.117046 0.139895 0.129977 0.144846 0 0 0 0 0 0 0.501417 0.579179 -0.00407635 0.363177 8.95444 0 1.82589 0 2.07495 0 0.285298 1.06833 0.968506 1.0037 1 1 1.00471 1.00337 0.00342268 0.00433307 0
720 16.3636 163.636 0.279345 0.390732 0.280352 1.68178 1.6765 2.21089 1.04127 1.03742 0.944331 0.944331 0.940826 0.93652 0.263953 0.328199 1 1e-05 0.00311597 0.0350838 32.7401 18.7431 3.28537 -22.0285 19.93 6.90197 24.0549 -0.163992 0 0 0 0.548456 0.585963 -0.0040772 0.0046796 0.00841047 0.513923 0.468684 0.545603 0.114281 0.106677 0.118569 0.141666 0.131597 0.146723 0 0 0 0 0 0 0.501417 0.579179 -0.00270279 0.3648 8.84065 0 1.80469 0 2.05468 0 0.279345 1.04135 0.944331 1.00371 1 1 1.00471 1.00339 0.00337082 0.00426854 0
730 16.5909 165.909 0.273535 0.383068 0.274528 1.64009 1.63595 2.15816 1.01485 1.0111 0.920716 0.920716 0.917304 0.913124 0.257424 0.328958 1 1e-05 0.00313606 0.0351639 32.4699 18.5075 3.24121 -21.7487 19.6805 6.81415 23.7514 -0.164013 0 0 0 0.548863 0.586101 -0.00411572 0.00462783 0.00831352 0.508808 0.463785 0.540513 0.115711 0.107989 0.120076 0.143418 0.133198 0.148581 0 0 0 0 0 0 0.501417 0.579179 -0.0042451 0.363032 8.72778 0 1.78517 0 2.03027 0 0.273535 1.01494 0.920716 1.00372 1 1 1.00472 1.00341 0.00332638 0.004212 0
740 16.8182 168.182 0.267918 0.375574 0.268893 1.58684 1.58191 2.11033 0.989525 0.985856 0.897744 0.897744 0.894434 0.890395 0.251004 0.32925 1 1e-05 0.00315595 0.0352409 32.2029 18.2748 3.19845 -21.4732 19.4345 6.72942 23.452 -0.148851 0 0 0 0.548844 0.585701 -0.0041217 0.00456633 0.00823818 0.503716 0.458983 0.535493 0.117125 0.109286 0.121567 0.145151 0.134782 0.150419 0 0 0 0 0 0 0.501417 0.579179 -0.00405917 0.362968 8.61814 0 1.76548 0 2.01157 0 0.267918 0.989603 0.897744 1.00372 1 1 1.00473 1.00344 0.00327629 0.00414973 0
750 17.0455 170.455 0.262478 0.368266 0.263442 1.5351 1.53182 2.05791 0.9648 0.961217 0.875425 0.875425 0.872217 0.868315 0.244788 0.330223 1 1e-05 0.003176 0.0353227 31.9461 18.0463 3.15713 -21.2034 19.1929 6.64345 23.1579 -0.132424 0 0 0 0.54904 0.585627 -0.0041251 0.00454827 0.00821051 0.498714 0.454269 0.530525 0.118525 0.11057 0.123044 0.146865 0.136348 0.152239 0 0 0 0 0 0 0.501417 0.579179 -0.00206452 0.36386 8.50977 0 1.73517 0 1.97684 0 0.262478 0.964874 0.875425 1.00373 1 1 1.00474 1.00346 0.00322541 0.00408566 0
760 17.2727 172.727 0.257224 0.361138 0.258176 1.48295 1.47954 2.00734 0.940706 0.937207 0.853798 0.853798 0.85068 0.846907 0.23879 0.330825 1 1e-05 0.00319615 0.0354103 31.7012 17.8196 3.11967 -20.9393 18.9533 6.56374 22.87 -0.123562 0 0 0 0.549385 0.585857 -0.00413227 0.00452952 0.00817341 0.493789 0.449612 0.525639 0.11991 0.111839 0.124504 0.148561 0.137896 0.15404 0 0 0 0 0 0 0.501417 0.579179 -0.00275734 0.362711 8.40282 0 1.70784 0 1.94701 0 0.257224 0.940776 0.853798 1.00373 1 1 1.00474 1.00348 0.00318067 0.00402898 0
770 17.5 175 0.252155 0.354203 0.253091 1.43175 1.42756 1.9527 0.917377 0.91396 0.832899 0.832899 0.829872 0.826219 0.233007 0.331369 1 1e-05 0.00321629 0.0355004 31.4651 17.5985 3.082 -20.6805 18.7203 6.48198 22.5883 -0.106228 0 0 0 0.54962 0.586059 -0.00416827 0.00451223 0.00811539 0.488935 0.445037 0.520857 0.121281 0.113094 0.12595 0.150238 0.139428 0.155822 0 0 0 0 0 0 0.501417 0.579179 -0.00121723 0.363338 8.29795 0 1.68132 0 1.91368 0 0.252155 0.917442 0.832899 1.00374 1 1 1.00475 1.0035 0.00313445 0.00397071 0
780 17.7273 177.273 0.247262 0.347441 0.248183 1.38226 1.37773 1.90417 0.894939 0.891601 0.812703 0.812703 0.809767 0.806235 0.227395 0.331408 1 1e-05 0.00323628 0.0355901 31.235 17.3823 3.04531 -20.4276 18.4916 6.40503 22.3124 -0.0936413 0 0 0 0.549599 0.585924 -0.00423375 0.00451424 0.00806398 0.484097 0.440589 0.516153 0.122638 0.114336 0.127382 0.151897 0.140943 0.157587 0 0 0 0 0 0 0.501417 0.579179 -0.00303645 0.361381 8.19582 0 1.65376 0 1.88389 0 0.247262 0.895 0.812703 1.00374 1 1 1.00476 1.00351 0.00308843 0.00391144 0
790 17.9545 179.545 0.242508 0.340853 0.243414 1.34279 1.33871 1.85534 0.873053 0.869793 0.793178 0.793178 0.790322 0.786898 0.22201 0.331123 1 1e-05 0.00325638 0.0356818 31.0106 17.1704 3.00918 -20.1796 18.2674 6.32852 22.043 -0.098853 0 0 0 0.54952 0.585656 -0.00430912 0.00449549 0.00802609 0.479332 0.436207 0.511538 0.12398 0.115564 0.128799 0.153538 0.142442 0.159334 0 0 0 0 0 0 0.501417 0.579179 -0.00355227 0.361885 8.09497 0 1.63201 0 1.86251 0 0.242508 0.87311 0.793178 1.00375 1 1 1.00476 1.00353 0.00304483 0.00385792 0
800 18.1818 181.818 0.237871 0.334428 0.238762 1.31003 1.30588 1.80931 0.852161 0.848975 0.774266 0.774266 0.771487 0.768166 0.21673 0.330406 1 1e-05 0.00327617 0.0357673 30.7842 16.964 2.97263 -19.9367 18.0493 6.25211 21.7778 -0.0929431 0 0 0 0.549385 0.585253 -0.00440952 0.004486 0.00804673 0.474632 0.431863 0.507025 0.125308 0.11678 0.130202 0.155162 0.143924 0.161064 0 0 0 0 0 0 0.501417 0.579179 -0.00408562 0.360314 7.99751 0 1.61168 0 1.84061 0 0.237871 0.852215 0.774266 1.00375 1 1 1.00477 1.00355 0.00300363 0.00380635 0
810 18.4091 184.091 0.233365 0.328184 0.234243 1.27265 1.26877 1.75828 0.832297 0.829183 0.756015 0.756015 0.753318 0.750101 0.211575 0.330435 1 1e-05 0.00329556 0.0358448 30.5554 16.7626 2.93715 -19.6998 17.8355 6.17442 21.5205 -0.0875733 0 0 0 0.549366 0.584975 -0.00449169 0.00446569 0.00805949 0.469999 0.427598 0.502622 0.126623 0.117982 0.131591 0.156768 0.145391 0.162778 0 0 0 0 0 0 0.501417 0.579179 -0.00265644 0.361388 7.90373 0 1.58077 0 1.80458 0 0.233365 0.832346 0.756015 1.00376 1 1 1.00477 1.00357 0.0029594 0.00375001 0
820 18.6364 186.364 0.229002 0.32212 0.229862 1.23352 1.2286 1.70773 0.812656 0.809612 0.738312 0.738312 0.735686 0.732566 0.206652 0.33005 1 1e-05 0.0033153 0.0359326 30.3408 16.5652 2.90126 -19.4665 17.626 6.10135 21.2667 -0.084055 0 0 0 0.548795 0.584234 -0.00454027 0.00443402 0.00803656 0.465442 0.423437 0.4983 0.127924 0.119172 0.132967 0.158358 0.146842 0.164474 0 0 0 0 0 0 0.501417 0.579179 -0.00303792 0.35955 7.8099 0 1.55482 0 1.7795 0 0.229002 0.812704 0.738312 1.00376 1 1 1.00478 1.00359 0.00292071 0.00370057 0
830 18.8636 188.636 0.224742 0.316221 0.225588 1.20367 1.19963 1.66112 0.793682 0.790706 0.721079 0.721079 0.718528 0.715507 0.201829 0.328833 1 1e-05 0.00333495 0.0360169 30.1258 16.3688 2.86946 -19.2382 17.4177 6.0317 21.0175 -0.0839155 0 0 0 0.548213 0.583638 -0.00458328 0.00442493 0.0080292 0.460971 0.419345 0.494061 0.129211 0.120349 0.134331 0.15993 0.148278 0.166155 0 0 0 0 0 0 0.501417 0.579179 -0.00236018 0.35709 7.71817 0 1.53473 0 1.75901 0 0.224742 0.793726 0.721079 1.00376 1 1 1.00478 1.00361 0.00287943 0.00364804 0
840 19.0909 190.909 0.220592 0.310468 0.221426 1.17208 1.1686 1.61989 0.775111 0.772202 0.704409 0.704409 0.701926 0.698993 0.197208 0.32849 1 1e-05 0.00335476 0.0361049 29.9172 16.1772 2.83634 -19.0136 17.2152 5.96261 20.7729 -0.0802761 0 0 0 0.547716 0.583305 -0.00467052 0.00440605 0.00806019 0.456537 0.415344 0.489898 0.130485 0.121514 0.135681 0.161486 0.149699 0.16782 0 0 0 0 0 0 0.501417 0.579179 -0.000710782 0.356116 7.62733 0 1.51958 0 1.73576 0 0.220592 0.775152 0.704409 1.00377 1 1 1.00479 1.00362 0.0028405 0.00359938 0
850 19.3182 193.182 0.216552 0.304847 0.217373 1.14133 1.13789 1.58293 0.757192 0.754348 0.688256 0.688256 0.685844 0.683003 0.192715 0.327903 1 1e-05 0.00337444 0.0361914 29.7113 15.9891 2.80484 -18.794 17.0151 5.89486 20.5343 -0.0776454 0 0 0 0.547469 0.583274 -0.00475328 0.00438544 0.00807736 0.452157 0.411404 0.485793 0.131746 0.122667 0.13702 0.163025 0.151106 0.169469 0 0 0 0 0 0 0.501417 0.579179 0.000600307 0.357448 7.53864 0 1.50399 0 1.71899 0 0.216552 0.757229 0.688256 1.00377 1 1 1.00479 1.00364 0.00280037 0.00354822 0
860 19.5455 195.455 0.212627 0.299365 0.213436 1.10864 1.10504 1.54389 0.739852 0.737071 0.672629 0.672629 0.670282 0.667524 0.188369 0.327154 1 1e-05 0.00339405 0.0362789 29.5112 15.8067 2.77262 -18.5793 16.8214 5.82675 20.2995 -0.0681529 0 0 0 0.547617 0.583703 -0.00478377 0.00436222 0.00806354 0.447862 0.407529 0.481735 0.132994 0.123807 0.138346 0.164548 0.152498 0.171102 0 0 0 0 0 0 0.501417 0.579179 9.91227e-05 0.356713 7.45181 0 1.47693 0 1.69154 0 0.212627 0.739888 0.672629 1.00377 1 1 1.0048 1.00366 0.0027632 0.00350063 0
870 19.7727 197.727 0.208826 0.294014 0.209623 1.07377 1.07056 1.50671 0.723109 0.720389 0.657495 0.657495 0.655215 0.652544 0.18415 0.326771 1 1e-05 0.00341353 0.0363657 29.315 15.627 2.74222 -18.3692 16.6315 5.75842 20.0703 -0.0642088 0 0 0 0.548098 0.584477 -0.00480025 0.00437507 0.00805013 0.443609 0.403744 0.477734 0.134229 0.124936 0.13966 0.166055 0.153876 0.17272 0 0 0 0 0 0 0.501417 0.579179 -0.00097837 0.356377 7.367 0 1.45742 0 1.66892 0 0.208826 0.723141 0.657495 1.00378 1 1 1.0048 1.00367 0.00272277 0.00345109 0
880 20 200 0.205119 0.288806 0.205905 1.04703 1.04393 1.46652 0.706533 0.703873 0.64284 0.64284 0.640612 0.638012 0.180137 0.326338 1 1e-05 0.00343339 0.0364595 29.1271 15.4514 2.71142 -18.1628 16.4454 5.69301 19.8452 -0.0618653 0 0 0 0.549092 0.5856 -0.00480803 0.00437758 0.00803586 0.439413 0.400006 0.473839 0.135452 0.126054 0.140962 0.167547 0.15524 0.174323 0 0 0 0 0 0 0.501417 0.579179 -0.00264594 0.35491 7.28206 0 1.43791 0 1.64698 0 0.205119 0.706565 0.64284 1.00378 1 1 1.0048 1.00369 0.00269231 0.00341094 0
890 20.2273 202.273 0.201518 0.283726 0.20229 1.01796 1.01395 1.43061 0.690791 0.688188 0.628671 0.628671 0.626507 0.623988 0.1762 0.326386 1 1e-05 0.00345279 0.0365459 28.9374 15.2803 2.68061 -17.961 16.264 5.62805 19.6252 -0.0553136 0 0 0 0.550154 0.586851 -0.00479344 0.00437547 0.00799916 0.435294 0.39632 0.470001 0.136662 0.12716 0.142252 0.169023 0.156591 0.175912 0 0 0 0 0 0 0.501417 0.579179 -0.00185429 0.356944 7.20047 0 1.41993 0 1.62534 0 0.201518 0.69082 0.628671 1.00378 1 1 1.00481 1.0037 0.00265336 0.00336183 0
900 20.4545 204.545 0.198021 0.278759 0.198779 0.988606 0.984849 1.39872 0.67532 0.672774 0.614877 0.614877 0.61277 0.610325 0.172396 0.327019 1 1e-05 0.0034724 0.0366386 28.7567 15.1112 2.6514 -17.7626 16.0849 5.56624 19.4083 -0.0480705 0 0 0 0.551166 0.587978 -0.00480371 0.00437707 0.00796209 0.431236 0.392693 0.466203 0.13786 0.128256 0.143531 0.170484 0.157927 0.177486 0 0 0 0 0 0 0.501417 0.579179 -0.00307266 0.358379 7.11937 0 1.40657 0 1.60955 0 0.198021 0.675348 0.614877 1.00378 1 1 1.00481 1.00372 0.00261689 0.00331742 0
910 20.6818 206.818 0.194629 0.273902 0.195372 0.959498 0.955109 1.36776 0.660269 0.657778 0.601458 0.601458 0.59941 0.597036 0.168696 0.326899 1 1e-05 0.00349203 0.0367334 28.5819 14.9445 2.62237 -17.5669 15.9078 5.505 19.1959 -0.0443728 0 0 0 0.551635 0.588354 -0.00478946 0.00438738 0.00790481 0.427226 0.389116 0.462461 0.139046 0.129341 0.144798 0.17193 0.159251 0.179045 0 0 0 0 0 0 0.501417 0.579179 -0.00132202 0.35741 7.03958 0 1.38221 0 1.57948 0 0.194629 0.660294 0.601458 1.00379 1 1 1.00481 1.00374 0.00258126 0.00327115 0
920 20.9091 209.091 0.191326 0.269186 0.192055 0.933988 0.930069 1.32803 0.645674 0.643237 0.588488 0.588488 0.586495 0.58419 0.165132 0.327641 1 1e-05 0.00351161 0.0368277 28.4096 14.7817 2.5952 -17.3769 15.735 5.44426 18.9884 -0.0469344 0 0 0 0.552151 0.588799 -0.00477728 0.0044141 0.00785116 0.423324 0.385576 0.458802 0.140221 0.130415 0.146054 0.173361 0.160562 0.180591 0 0 0 0 0 0 0.501417 0.579179 0.000244391 0.357506 6.96134 0 1.3662 0 1.56128 0 0.191326 0.645696 0.588488 1.00379 1 1 1.00482 1.00375 0.00254696 0.00322793 0
930 21.1364 211.364 0.188087 0.264601 0.188804 0.915575 0.912116 1.291 0.631466 0.629081 0.575859 0.575859 0.573917 0.57168 0.161658 0.328591 1 1e-05 0.0035312 0.0369212 28.2381 14.6212 2.56801 -17.1892 15.5647 5.38584 18.7838 -0.046545 0 0 0 0.552384 0.588924 -0.0047488 0.00446115 0.00782448 0.419514 0.382104 0.4552 0.141384 0.131479 0.1473 0.174778 0.161859 0.182122 0 0 0 0 0 0 0.501417 0.579179 -0.000412971 0.356675 6.88431 0 1.34979 0 1.54367 0 0.188087 0.631488 0.575859 1.00379 1 1 1.00482 1.00376 0.00251438 0.003187 0
940 21.3636 213.636 0.184935 0.260123 0.18564 0.89095 0.887603 1.26096 0.617696 0.615362 0.563578 0.563578 0.561687 0.559514 0.158271 0.328285 1 1e-05 0.00355072 0.0370125 28.0676 14.4639 2.53976 -17.0036 15.3989 5.32796 18.5817 -0.0388347 0 0 0 0.552727 0.589068 -0.0047254 0.00448878 0.00778394 0.415758 0.378699 0.45164 0.142536 0.132533 0.148534 0.17618 0.163144 0.18364 0 0 0 0 0 0 0.501417 0.579179 -0.00361081 0.355432 6.80883 0 1.32583 0 1.51719 0 0.184935 0.617717 0.563578 1.00379 1 1 1.00482 1.00378 0.0024797 0.00314436 0
950 21.5909 215.909 0.181867 0.25576 0.182561 0.867091 0.863931 1.2288 0.604291 0.602007 0.551637 0.551637 0.5498 0.547689 0.154981 0.328511 1 1e-05 0.00357026 0.0371061 27.9022 14.3089 2.5129 -16.8218 15.2348 5.2708 18.3839 -0.03567 0 0 0 0.552974 0.589031 -0.00469372 0.0045181 0.00771663 0.412098 0.37532 0.44814 0.143676 0.133577 0.149759 0.177569 0.164416 0.185144 0 0 0 0 0 0 0.501417 0.579179 -0.00268358 0.355129 6.73454 0 1.31375 0 1.50511 0 0.181867 0.604309 0.551637 1.00379 1 1 1.00482 1.00379 0.0024439 0.00310034 0
960 21.8182 218.182 0.178886 0.251484 0.179568 0.842793 0.839481 1.20414 0.591326 0.589089 0.540103 0.540103 0.538311 0.536253 0.151805 0.328897 1 1e-05 0.00358967 0.0371984 27.7396 14.1571 2.48534 -16.6424 15.0746 5.2165 18.1906 -0.0308048 0 0 0 0.553247 0.589072 -0.00464488 0.00452926 0.00764507 0.408484 0.371973 0.444684 0.144806 0.13461 0.150973 0.178944 0.165676 0.186636 0 0 0 0 0 0 0.501417 0.579179 -0.000393075 0.354563 6.66189 0 1.29444 0 1.48063 0 0.178886 0.591341 0.540103 1.0038 1 1 1.00482 1.00381 0.00241465 0.00306195 0
970 22.0455 220.455 0.175974 0.247312 0.176645 0.822994 0.819975 1.17471 0.578769 0.576579 0.528857 0.528857 0.527108 0.525103 0.148693 0.329217 1 1e-05 0.00360899 0.0372899 27.5788 14.0081 2.45825 -16.4663 14.9171 5.16127 18.0001 -0.03281 0 0 0 0.553529 0.589176 -0.00461727 0.004525 0.00760668 0.404913 0.368677 0.441301 0.145925 0.135634 0.152175 0.180306 0.166924 0.188114 0 0 0 0 0 0 0.501417 0.579179 -0.000562824 0.356723 6.59078 0 1.27885 0 1.46532 0 0.175974 0.578783 0.528857 1.0038 1 1 1.00483 1.00382 0.00238455 0.0030242 0
980 22.2727 222.727 0.173134 0.243231 0.173795 0.802622 0.799751 1.1493 0.566516 0.564371 0.517952 0.517952 0.516248 0.5143 0.145692 0.32913 1 1e-05 0.00362835 0.0373827 27.4219 13.862 2.43077 -16.2928 14.7636 5.10875 17.8124 -0.0265078 0 0 0 0.553444 0.589009 -0.00460769 0.00452926 0.00757837 0.40139 0.36544 0.437951 0.147032 0.136648 0.153367 0.181654 0.168159 0.189579 0 0 0 0 0 0 0.501417 0.579179 -0.000526827 0.354783 6.52063 0 1.26733 0 1.45107 0 0.173134 0.566529 0.517952 1.0038 1 1 1.00483 1.00383 0.00235456 0.0029861 0
990 22.5 225 0.170369 0.239227 0.17102 0.781491 0.778545 1.12733 0.554653 0.552553 0.507363 0.507363 0.5057 0.503801 0.142768 0.328808 1 1e-05 0.00364761 0.0374745 27.2674 13.7189 2.40436 -16.1233 14.6132 5.05501 17.6287 -0.0297354 0 0 0 0.553274 0.588939 -0.00460944 0.00457097 0.007538 0.397894 0.362266 0.434625 0.148129 0.137652 0.154549 0.18299 0.169383 0.191032 0 0 0 0 0 0 0.501417 0.579179 -0.0019022 0.355863 6.45199 0 1.24784 0 1.43361 0 0.170369 0.554664 0.507363 1.0038 1 1 1.00483 1.00385 0.00232538 0.00295011 0
1000 22.7273 227.273 0.167657 0.23531 0.168298 0.766393 0.763799 1.10307 0.543051 0.540994 0.496999 0.496999 0.495377 0.493531 0.139906 0.329166 1 1e-05 0.00366694 0.0375668 27.1145 13.5774 2.37814 -15.9556 14.4633 5.00093 17.4482 -0.0269644 0 0 0 0.553111 0.589058 -0.00460568 0.00459977 0.00747622 0.394457 0.359121 0.431343 0.149216 0.138646 0.15572 0.184312 0.170595 0.192472 0 0 0 0 0 0 0.501417 0.579179 -0.000524519 0.356268 6.38415 0 1.24207 0 1.4268 0 0.167657 0.543062 0.496999 1.0038 1 1 1.00483 1.00386 0.00229655 0.00291337 0
1010 22.9545 229.545 0.165023 0.231466 0.165653 0.744772 0.741795 1.08264 0.531704 0.529689 0.48691 0.48691 0.485326 0.48353 0.137131 0.328198 1 1e-05 0.00368635 0.0376627 26.9675 13.4392 2.35141 -15.7906 14.3181 4.94901 17.2685 -0.0209026 0 0 0 0.553273 0.589419 -0.00463302 0.00460952 0.00740952 0.39107 0.356023 0.428069 0.150291 0.13963 0.15688 0.185622 0.171795 0.193899 0 0 0 0 0 0 0.501417 0.579179 -0.000423826 0.356011 6.3171 0 1.22086 0 1.40228 0 0.165023 0.531715 0.48691 1.0038 1 1 1.00483 1.00387 0.0022696 0.00287917 0
1020 23.1818 231.818 0.162459 0.227732 0.163081 0.724527 0.721856 1.05135 0.520736 0.518761 0.477068 0.477068 0.475523 0.473774 0.134404 0.328287 1 1e-05 0.00370561 0.0377572 26.8226 13.3014 2.32671 -15.6281 14.1731 4.89885 17.0926 -0.0177614 0 0 0 0.553563 0.58981 -0.00466402 0.00461474 0.00732821 0.387748 0.35297 0.424885 0.151357 0.140605 0.158031 0.186919 0.172984 0.195314 0 0 0 0 0 0 0.501417 0.579179 -0.00043848 0.354282 6.2516 0 1.19651 0 1.37304 0 0.162459 0.520745 0.477068 1.00381 1 1 1.00484 1.00388 0.00224183 0.00284361 0
1030 23.4091 234.091 0.159972 0.224091 0.160582 0.70365 0.700351 1.02522 0.510008 0.508074 0.467516 0.467516 0.466008 0.464303 0.131773 0.328275 1 1e-05 0.00372495 0.0378554 26.6842 13.1668 2.30172 -15.4686 14.0307 4.84908 16.9207 -0.00943425 0 0 0 0.554075 0.590311 -0.00470619 0.00463113 0.00727567 0.384506 0.349945 0.421754 0.152414 0.141571 0.159171 0.188204 0.174161 0.196717 0 0 0 0 0 0 0.501417 0.579179 -0.000732855 0.355033 6.18686 0 1.1816 0 1.35705 0 0.159972 0.510016 0.467516 1.00381 1 1 1.00484 1.0039 0.00221423 0.00281007 0
1040 23.6364 236.364 0.157563 0.220512 0.158161 0.681784 0.678344 1.00793 0.499759 0.497863 0.458211 0.458211 0.456742 0.455085 0.12917 0.32822 1 1e-05 0.00374391 0.0379499 26.5472 13.0351 2.27659 -15.3116 13.891 4.80081 16.7508 -0.00503483 0 0 0 0.554834 0.59112 -0.00476807 0.00465017 0.00725229 0.381292 0.346942 0.418655 0.15346 0.142527 0.160302 0.189477 0.175328 0.198108 0 0 0 0 0 0 0.501417 0.579179 -0.000337566 0.353882 6.12438 0 1.16688 0 1.33977 0 0.157563 0.499767 0.458211 1.00381 1 1 1.00484 1.00391 0.00218715 0.00277384 0
1050 23.8636 238.636 0.155213 0.217033 0.1558 0.664888 0.66195 0.97984 0.489789 0.48793 0.449185 0.449185 0.44775 0.446138 0.126651 0.328426 1 1e-05 0.00376282 0.0380435 26.4118 12.9055 2.25224 -15.1578 13.754 4.75323 16.5846 -0.00746985 0 0 0 0.555214 0.591438 -0.00482424 0.00468019 0.00723354 0.378165 0.343991 0.415603 0.154497 0.143474 0.161422 0.190739 0.176483 0.199487 0 0 0 0 0 0 0.501417 0.579179 -0.00129673 0.353938 6.06298 0 1.15216 0 1.32208 0 0.155213 0.489798 0.449185 1.00381 1 1 1.00484 1.00392 0.00216126 0.00274152 0
1060 24.0909 240.909 0.152902 0.21364 0.153479 0.653519 0.650573 0.95542 0.480131 0.478308 0.440358 0.440358 0.438959 0.437388 0.124169 0.328705 1 1e-05 0.0037816 0.0381342 26.2755 12.7775 2.22738 -15.0048 13.6192 4.70829 16.4195 -0.00863044 0 0 0 0.555703 0.591836 -0.00487238 0.00471418 0.00722325 0.375091 0.341104 0.412595 0.155525 0.144412 0.162533 0.191988 0.177628 0.200855 0 0 0 0 0 0 0.501417 0.579179 -0.00158759 0.353357 6.0029 0 1.13941 0 1.30793 0 0.152902 0.480138 0.440358 1.00381 1 1 1.00484 1.00393 0.00213351 0.00270751 0
1070 24.3182 243.182 0.150639 0.210316 0.151206 0.640117 0.637308 0.935852 0.470761 0.468973 0.431801 0.431801 0.430433 0.428897 0.121762 0.328556 1 1e-05 0.00380029 0.0382241 26.1408 12.6537 2.20197 -14.8557 13.4877 4.66282 16.2578 -0.0100081 0 0 0 0.5558 0.591847 -0.00491934 0.00473575 0.00720453 0.372052 0.338275 0.40961 0.156543 0.145342 0.163634 0.193227 0.178762 0.202212 0 0 0 0 0 0 0.501417 0.579179 -0.000680306 0.35403 5.94403 0 1.13162 0 1.29977 0 0.150639 0.470767 0.431801 1.00381 1 1 1.00484 1.00394 0.00210911 0.00267662 0
1080 24.5455 245.455 0.148426 0.207064 0.148983 0.62601 0.623212 0.915878 0.461726 0.459973 0.423499 0.423499 0.422165 0.420671 0.119418 0.329057 1 1e-05 0.00381874 0.0383092 26.0046 12.5307 2.17787 -14.7086 13.3583 4.61716 16.1002 -0.00680251 0 0 0 0.55585 0.591847 -0.00498167 0.00474832 0.00720418 0.369069 0.335469 0.406665 0.157551 0.146263 0.164725 0.194454 0.179886 0.203556 0 0 0 0 0 0 0.501417 0.579179 -0.00191757 0.354309 5.88672 0 1.10868 0 1.27162 0 0.148426 0.461733 0.423499 1.00381 1 1 1.00484 1.00395 0.00208298 0.00264367 0
1090 24.7727 247.727 0.146267 0.203906 0.146814 0.610582 0.608015 0.889417 0.452778 0.451058 0.415437 0.415437 0.414132 0.412676 0.117177 0.328825 1 1e-05 0.00383748 0.038401 25.8752 12.4109 2.15407 -14.565 13.2322 4.57404 15.9445 -0.00691013 0 0 0 0.555798 0.591665 -0.00501228 0.00476833 0.00718409 0.366152 0.332731 0.403775 0.158551 0.147177 0.165807 0.19567 0.180999 0.20489 0 0 0 0 0 0 0.501417 0.579179 -0.00131183 0.353753 5.82939 0 1.09577 0 1.25829 0 0.146267 0.452784 0.415437 1.00381 1 1 1.00485 1.00396 0.00205896 0.00261474 0
1100 25 250 0.144163 0.200829 0.144702 0.594768 0.592475 0.86634 0.444234 0.442546 0.40755 0.40755 0.406279 0.404862 0.114942 0.329279 1 1e-05 0.0038558 0.0384863 25.7439 12.2915 2.13283 -14.4243 13.1064 4.53054 15.7921 -0.000766422 0 0 0 0.555536 0.591322 -0.00502774 0.00477259 0.00715615 0.363284 0.330045 0.40094 0.159542 0.148082 0.16688 0.196875 0.182103 0.206213 0 0 0 0 0 0 0.501417 0.579179 -0.000482904 0.354311 5.77413 0 1.07447 0 1.23338 0 0.144163 0.44424 0.40755 1.00381 1 1 1.00485 1.00398 0.00203268 0.00258082 0
1110 25.2273 252.273 0.14211 0.19782 0.142641 0.58058 0.578067 0.847464 0.435767 0.434111 0.399832 0.399832 0.398589 0.397204 0.112776 0.329885 1 1e-05 0.00387439 0.0385777 25.619 12.1735 2.1122 -14.2857 12.9819 4.48865 15.6413 -0.00195367 0 0 0 0.554997 0.590777 -0.0050338 0.00477746 0.00711067 0.360451 0.32741 0.398142 0.160524 0.14898 0.167945 0.198069 0.183196 0.207525 0 0 0 0 0 0 0.501417 0.579179 -0.00129019 0.353402 5.71884 0 1.06392 0 1.22595 0 0.14211 0.435773 0.399832 1.00381 1 1 1.00485 1.00399 0.00200992 0.00255285 0
1120 25.4545 254.545 0.140094 0.19485 0.140615 0.5704 0.567832 0.836229 0.42764 0.426015 0.392313 0.392313 0.3911 0.389753 0.110642 0.330415 1 1e-05 0.00389267 0.0386619 25.4903 12.0579 2.09121 -14.1491 12.86 4.44581 15.493 -0.00294519 0 0 0 0.554344 0.590265 -0.00501946 0.00478214 0.00706625 0.35764 0.324787 0.395357 0.161497 0.149871 0.169 0.199253 0.184281 0.208826 0 0 0 0 0 0 0.501417 0.579179 0.000506554 0.353839 5.66525 0 1.06104 0 1.22205 0 0.140094 0.427645 0.392313 1.00382 1 1 1.00485 1.004 0.00198409 0.00252108 0
1130 25.6818 256.818 0.138122 0.191939 0.138634 0.557738 0.555358 0.819771 0.419594 0.417999 0.385034 0.385034 0.383847 0.38253 0.108612 0.33105 1 1e-05 0.0039112 0.0387519 25.3673 11.9453 2.07 -14.0153 12.7417 4.40281 15.3478 -4.68002e-05 0 0 0 0.55359 0.589732 -0.00499217 0.00480198 0.00703265 0.354868 0.322182 0.392613 0.162462 0.150753 0.170047 0.200427 0.185355 0.210116 0 0 0 0 0 0 0.501417 0.579179 0.000587887 0.354762 5.61171 0 1.04799 0 1.20228 0 0.138122 0.419598 0.385034 1.00382 1 1 1.00485 1.00401 0.00196345 0.0024945 0
1140 25.9091 259.091 0.136192 0.189092 0.136698 0.545322 0.543472 0.801649 0.411763 0.410198 0.377911 0.377911 0.376752 0.375466 0.106615 0.331974 1 1e-05 0.00392967 0.0388417 25.2462 11.8338 2.04948 -13.8833 12.6239 4.36174 15.2047 0.00092802 0 0 0 0.553028 0.589385 -0.00495259 0.00480154 0.00700407 0.352132 0.319617 0.389913 0.163419 0.151628 0.171085 0.20159 0.18642 0.211397 0 0 0 0 0 0 0.501417 0.579179 -0.00046407 0.35465 5.55909 0 1.03595 0 1.18882 0 0.136192 0.411766 0.377911 1.00382 1 1 1.00485 1.00402 0.00193884 0.00246445 0
1150 26.1364 261.364 0.13431 0.186312 0.134809 0.532051 0.530023 0.783032 0.404084 0.402547 0.370939 0.370939 0.369806 0.368551 0.104665 0.33336 1 1e-05 0.00394821 0.038934 25.129 11.723 2.02976 -13.7528 12.5068 4.32017 15.0642 0.00289163 0 0 0 0.552629 0.589122 -0.00493497 0.00481564 0.00697814 0.349434 0.317099 0.387255 0.164367 0.152495 0.172114 0.202743 0.187475 0.212666 0 0 0 0 0 0 0.501417 0.579179 0.00129142 0.353138 5.507 0 1.02524 0 1.17479 0 0.13431 0.404087 0.370939 1.00382 1 1 1.00485 1.00403 0.00191797 0.00243727 0
1160 26.3636 263.636 0.132465 0.183567 0.132956 0.521762 0.51931 0.772995 0.396524 0.395016 0.364121 0.364121 0.363011 0.361786 0.102768 0.333943 1 1e-05 0.0039669 0.0390296 25.0155 11.6145 2.00904 -13.6235 12.3922 4.27989 14.9245 -5.6086e-05 0 0 0 0.552573 0.589095 -0.00491702 0.00483587 0.00696569 0.346752 0.314596 0.384611 0.165307 0.153355 0.173135 0.203886 0.188521 0.213926 0 0 0 0 0 0 0.501417 0.579179 0.00221211 0.354004 5.45525 0 1.01696 0 1.17209 0 0.132465 0.396527 0.364121 1.00382 1 1 1.00485 1.00404 0.00189731 0.00241213 0
1170 26.5909 265.909 0.130658 0.180879 0.13114 0.511256 0.508867 0.756872 0.389246 0.387765 0.357446 0.357446 0.356364 0.355171 0.100887 0.334517 1 1e-05 0.00398532 0.0391209 24.9011 11.5073 1.98868 -13.4959 12.279 4.23989 14.7865 0.00157585 0 0 0 0.552676 0.58917 -0.00490532 0.00485199 0.0069522 0.344086 0.312138 0.382011 0.166239 0.154207 0.174147 0.205019 0.189558 0.215176 0 0 0 0 0 0 0.501417 0.579179 0.000264131 0.352802 5.40495 0 0.999425 0 1.15444 0 0.130658 0.389248 0.357446 1.00382 1 1 1.00485 1.00405 0.00187414 0.00238276 0
1180 26.8182 268.182 0.128891 0.178256 0.129364 0.500211 0.497659 0.738482 0.382073 0.38062 0.350942 0.350942 0.349883 0.348717 0.099069 0.335352 1 1e-05 0.00400389 0.0392153 24.7904 11.4019 1.96861 -13.3705 12.1676 4.20055 14.6509 0.00208665 0 0 0 0.552943 0.589348 -0.00490302 0.00486719 0.00692458 0.341458 0.309728 0.379456 0.167162 0.155052 0.175152 0.206143 0.190587 0.216416 0 0 0 0 0 0 0.501417 0.579179 7.13623e-05 0.352333 5.35492 0 0.988719 0 1.14103 0 0.128891 0.382075 0.350942 1.00382 1 1 1.00485 1.00405 0.00185335 0.00235724 0
1190 27.0455 270.455 0.127155 0.175683 0.127619 0.491423 0.488963 0.724601 0.375056 0.373629 0.344549 0.344549 0.343514 0.342376 0.0972751 0.335845 1 1e-05 0.00402249 0.0393104 24.6809 11.2966 1.9496 -13.2462 12.0563 4.16236 14.5167 0.00160409 0 0 0 0.553272 0.589396 -0.00488276 0.00486194 0.00689722 0.338844 0.307362 0.376934 0.168078 0.155889 0.176149 0.207256 0.191606 0.217646 0 0 0 0 0 0 0.501417 0.579179 -0.000811909 0.351881 5.30551 0 0.981805 0 1.13232 0 0.127155 0.375057 0.344549 1.00382 1 1 1.00485 1.00406 0.00183177 0.00232946 0
1200 27.2727 272.727 0.125456 0.173158 0.125912 0.480519 0.478456 0.711037 0.368118 0.366717 0.338317 0.338317 0.337303 0.33619 0.0955464 0.336157 1 1e-05 0.00404131 0.0394097 24.5757 11.1929 1.93119 -13.1241 11.9472 4.1247 14.3844 0.00407541 0 0 0 0.553644 0.58945 -0.0048613 0.00484433 0.00685079 0.33624 0.305025 0.374458 0.168986 0.15672 0.177139 0.208359 0.192617 0.218866 0 0 0 0 0 0 0.501417 0.579179 -0.000734769 0.350075 5.25621 0 0.970675 0 1.11977 0 0.125456 0.368119 0.338317 1.00382 1 1 1.00485 1.00407 0.00181313 0.00230608 0
1210 27.5 275 0.123798 0.170686 0.124247 0.468865 0.466918 0.696275 0.361453 0.360078 0.33225 0.33225 0.331259 0.330173 0.0938457 0.335879 1 1e-05 0.00405982 0.0395037 24.469 11.0912 1.91225 -13.0034 11.8402 4.08801 14.2542 0.00241144 0 0 0 0.553958 0.589402 -0.00485334 0.00483348 0.00681368 0.333682 0.302727 0.372 0.169886 0.157544 0.178121 0.209453 0.193619 0.220078 0 0 0 0 0 0 0.501417 0.579179 0.000493436 0.349596 5.20841 0 0.961653 0 1.10968 0 0.123798 0.361454 0.33225 1.00382 1 1 1.00485 1.00408 0.00179135 0.00227957 0
1220 27.7273 277.273 0.122172 0.168274 0.122616 0.459336 0.457652 0.679183 0.354888 0.353537 0.326321 0.326321 0.325353 0.32429 0.0921944 0.336151 1 1e-05 0.00407846 0.0396019 24.3666 10.9904 1.89415 -12.8846 11.7345 4.05279 14.1258 0.00498332 0 0 0 0.554026 0.589276 -0.00484505 0.00483398 0.00678444 0.331175 0.300453 0.369592 0.170779 0.15836 0.179095 0.210538 0.194612 0.221279 0 0 0 0 0 0 0.501417 0.579179 -0.000575052 0.349641 5.16089 0 0.946795 0 1.09232 0 0.122172 0.354888 0.326321 1.00382 1 1 1.00486 1.00409 0.00177188 0.0022546 0
1230 27.9545 279.545 0.120583 0.165911 0.12102 0.449445 0.447456 0.665243 0.348513 0.347186 0.320552 0.320552 0.319604 0.318566 0.0905841 0.336812 1 1e-05 0.00409699 0.039699 24.2656 10.8921 1.87538 -12.7675 11.6311 4.0164 13.9997 0.00654725 0 0 0 0.553799 0.589073 -0.00483523 0.00484032 0.00674013 0.328715 0.298197 0.367216 0.171664 0.15917 0.180061 0.211613 0.195598 0.222472 0 0 0 0 0 0 0.501417 0.579179 -0.00185316 0.34912 5.11432 0 0.936554 0 1.08275 0 0.120583 0.348513 0.320552 1.00382 1 1 1.00486 1.0041 0.00175189 0.00222978 0
1240 28.1818 281.818 0.119029 0.163589 0.119458 0.439822 0.437619 0.654024 0.342299 0.340996 0.314927 0.314927 0.313999 0.312984 0.0890144 0.336386 1 1e-05 0.00411546 0.0397965 24.1668 10.7951 1.85728 -12.6523 11.5292 3.98163 13.8757 0.0071679 0 0 0 0.553379 0.588749 -0.00482312 0.00483703 0.00669225 0.326298 0.295969 0.364842 0.172542 0.159973 0.181019 0.212679 0.196575 0.223656 0 0 0 0 0 0 0.501417 0.579179 -0.00252743 0.349763 5.06852 0 0.928269 0 1.07251 0 0.119029 0.342299 0.314927 1.00382 1 1 1.00486 1.00411 0.00173355 0.00220654 0
1250 28.4091 284.091 0.117512 0.161306 0.117934 0.429361 0.42722 0.642807 0.336271 0.334991 0.30946 0.30946 0.308551 0.307558 0.0874863 0.33707 1 1e-05 0.00413378 0.0398936 24.0699 10.7012 1.83842 -12.5396 11.43 3.94581 13.754 0.00879104 0 0 0 0.552959 0.588519 -0.0048258 0.00483566 0.00664894 0.323907 0.293774 0.362482 0.173413 0.160769 0.18197 0.213737 0.197543 0.224831 0 0 0 0 0 0 0.501417 0.579179 -0.0012355 0.349054 5.0237 0 0.916321 0 1.05842 0 0.117512 0.336271 0.30946 1.00382 1 1 1.00486 1.00412 0.00171606 0.0021843 0
1260 28.6364 286.364 0.116021 0.159091 0.116436 0.421831 0.419853 0.623716 0.330482 0.329224 0.304131 0.304131 0.303244 0.302277 0.0859794 0.337935 1 1e-05 0.00415176 0.0399832 23.9694 10.6081 1.82087 -12.4289 11.3323 3.91001 13.6346 0.00731658 0 0 0 0.552425 0.588115 -0.0048096 0.00483443 0.00661774 0.321568 0.291627 0.360181 0.174276 0.16156 0.182913 0.214785 0.198504 0.225996 0 0 0 0 0 0 0.501417 0.579179 -0.00332121 0.349675 4.98027 0 0.904297 0 1.0443 0 0.116021 0.330482 0.304131 1.00382 1 1 1.00486 1.00412 0.00169492 0.00215769 0
1270 28.8636 288.636 0.114562 0.156912 0.114969 0.413092 0.410845 0.613743 0.324732 0.323495 0.298917 0.298917 0.298048 0.297101 0.0845219 0.338009 1 1e-05 0.00417002 0.0400784 23.8734 10.5164 1.80374 -12.3201 11.2361 3.87532 13.5164 0.00985934 0 0 0 0.552057 0.58786 -0.00478936 0.00481838 0.00660474 0.319248 0.289494 0.357907 0.175132 0.162344 0.183849 0.215825 0.199457 0.227153 0 0 0 0 0 0 0.501417 0.579179 -0.00223497 0.349907 4.93675 0 0.895623 0 1.0349 0 0.114562 0.324731 0.298917 1.00382 1 1 1.00486 1.00413 0.00167636 0.00213505 0
1280 29.0909 290.909 0.113137 0.154775 0.113536 0.403316 0.401268 0.601588 0.319147 0.317932 0.293853 0.293853 0.293003 0.292077 0.0831071 0.33832 1 1e-05 0.00418815 0.0401719 23.7783 10.4263 1.7869 -12.2132 11.1414 3.84111 13.401 0.0118151 0 0 0 0.551937 0.587904 -0.00476307 0.00480037 0.00658225 0.316951 0.287368 0.355686 0.175981 0.163121 0.184777 0.216856 0.200402 0.228302 0 0 0 0 0 0 0.501417 0.579179 -0.00198663 0.349311 4.89412 0 0.88248 0 1.01869 0 0.113137 0.319147 0.293853 1.00382 1 1 1.00486 1.00414 0.00165855 0.00211308 0
1290 29.3182 293.182 0.111741 0.152692 0.112133 0.395055 0.39331 0.586704 0.3137 0.312506 0.288925 0.288925 0.288093 0.287189 0.0817325 0.338404 1 1e-05 0.00420621 0.0402649 23.6842 10.3377 1.77083 -12.1085 11.0486 3.80732 13.2878 0.00926783 0 0 0 0.552167 0.588349 -0.00473559 0.00478797 0.00654309 0.314703 0.285264 0.353511 0.176823 0.163893 0.185699 0.217878 0.20134 0.229441 0 0 0 0 0 0 0.501417 0.579179 -0.00239596 0.350638 4.85217 0 0.874547 0 1.01064 0 0.111741 0.3137 0.288925 1.00382 1 1 1.00486 1.00415 0.00164022 0.00209018 0
1300 29.5455 295.455 0.110369 0.150641 0.110755 0.388255 0.386318 0.577519 0.308351 0.307177 0.284095 0.284095 0.283281 0.282396 0.080387 0.33819 1 1e-05 0.00422434 0.040361 23.5935 10.2504 1.75393 -12.0043 10.957 3.77552 13.1752 0.0115277 0 0 0 0.552427 0.588789 -0.0047149 0.0047829 0.00650434 0.312486 0.28318 0.351346 0.177659 0.164657 0.186612 0.218893 0.202269 0.230573 0 0 0 0 0 0 0.501417 0.579179 -0.000259799 0.349786 4.81062 0 0.864995 0 1.0004 0 0.110369 0.308351 0.284095 1.00382 1 1 1.00486 1.00416 0.00162178 0.00206761 0
