160 3.63636 36.3636 1.14353 1.16991 1.14264 0 0 0 4.41855 4.41159 4.00893 4.00893 3.99405 3.96248 1.12146 0.350562 1 2e-05 0.00216756 0.0344978 65.4001 38.0372 7.85296 -45.8902 40.4322 14.5302 50.0675 -0.105434 0 0 0 0.557307 0.592177 -0.00398523 0.00880298 0.00353025 0.890753 0.844614 0.912689 0.00252946 0.00241295 0.00260315 0.00316503 0.00300121 0.00324278 0 0 0 0 0 0 0.5055 0.582141 -0.00076521 0.393016 18.2308 0 1.36643 0 1.7301 0 1.14353 4.42052 4.00893 1.00158 1 1.00003 1.00201 1.00185 0.00659675 0.00836705 0
170 3.86364 38.6364 1.11745 1.16515 1.11702 7.21362 7.34243 1.33865 4.32779 4.32052 3.92609 3.92609 3.91143 3.88049 1.09815 0.350254 1 2e-05 0.00217901 0.0344594 64.5702 37.6753 7.70431 -45.3796 40.0558 14.3419 49.5191 -0.278085 0 0 0 0.55669 0.591784 -0.00390881 0.00864356 0.00355249 0.888956 0.842731 0.910972 0.0050552 0.00482195 0.00520272 0.00632517 0.00599739 0.00648096 0 0 0 0 0 0 0.5055 0.582141 -0.00142155 0.391848 18.0416 0 1.78747 0 2.10977 0 1.11745 4.32968 3.92609 1.00168 1 1.00003 1.00214 1.00186 0.00655874 0.00831653 0
180 4.09091 40.9091 1.09147 1.15853 1.09146 7.19959 7.31629 1.86463 4.23569 4.22815 3.84136 3.84136 3.82697 3.79687 1.07416 0.350029 1 2e-05 0.00219092 0.0344259 63.7458 37.2958 7.55884 -44.8547 39.6601 14.1485 48.9576 -0.396117 0 0 0 0.554496 0.590149 -0.00387397 0.0084177 0.00364198 0.886434 0.840087 0.908599 0.00757487 0.00722448 0.0077965 0.0094776 0.00898546 0.00971184 0 0 0 0 0 0 0.5055 0.582141 -0.00304745 0.391001 17.8477 0 2.06623 0 2.41278 0 1.09147 4.2375 3.84136 1.00178 1 1.00003 1.00227 1.00187 0.0065132 0.00825584 0
190 4.31818 43.1818 1.06553 1.14956 1.06589 7.20078 7.30582 2.52666 4.14213 4.13438 3.75438 3.75438 3.74029 3.71116 1.04933 0.349258 1 2e-05 0.00220334 0.0343974 62.9248 36.8933 7.42348 -44.3168 39.2357 13.9744 48.3786 -0.554633 0 0 0 0.55067 0.587345 -0.00385015 0.00812873 0.00374198 0.883025 0.836489 0.905357 0.0100862 0.00961816 0.0103823 0.0126194 0.0119623 0.0129326 0 0 0 0 0 0 0.5055 0.582141 -0.0013853 0.389817 17.6487 0 2.31564 0 2.698 0 1.06553 4.14383 3.75438 1.00187 1 1.00003 1.00238 1.00189 0.00646265 0.00819051 0
200 4.54545 45.4545 1.03959 1.13819 1.04028 7.21133 7.30429 3.2025 4.04559 4.03768 3.66498 3.66498 3.6512 3.62311 1.0239 0.34843 1 2e-05 0.00221651 0.0343801 62.1168 36.471 7.29174 -43.7628 38.7908 13.7906 47.7804 -0.700786 0 0 0 0.546024 0.583536 -0.00387372 0.007827 0.00379587 0.87868 0.831942 0.901204 0.0125867 0.0120003 0.0129576 0.0157471 0.0149243 0.0161399 0 0 0 0 0 0 0.5055 0.582141 -0.00247029 0.388559 17.4411 0 2.54044 0 2.95964 0 1.03959 4.0472 3.66498 1.00196 1 1.00003 1.00249 1.00191 0.00640838 0.00812406 0
210 4.77273 47.7273 1.01369 1.12425 1.01466 7.21489 7.29302 3.92586 3.94583 3.93779 3.57316 3.57316 3.55972 3.53271 0.997904 0.347497 1 2e-05 0.00223053 0.0343767 61.3265 36.0317 7.15888 -43.1906 38.3278 13.5977 47.1599 -0.885139 0 0 0 0.542058 0.579983 -0.00391038 0.00751421 0.00379955 0.873261 0.826418 0.896071 0.0150735 0.0143684 0.0155198 0.018857 0.017868 0.0193303 0 0 0 0 0 0 0.5055 0.582141 -0.00487448 0.386014 17.224 0 2.75512 0 3.2077 0 1.01369 3.94733 3.57316 1.00204 1 1.00003 1.0026 1.00194 0.00634584 0.00804838 0
220 5 50 0.987792 1.10813 0.988996 7.22639 7.29286 4.53773 3.84262 3.83448 3.47944 3.47944 3.46632 3.44035 0.971652 0.347398 1 2e-05 0.00224549 0.0343886 60.5535 35.5745 7.02812 -42.6026 37.8428 13.3998 46.5228 -1.04768 0 0 0 0.538505 0.576978 -0.00387155 0.00719267 0.00376136 0.866924 0.819979 0.890136 0.017544 0.0167194 0.0180665 0.0219453 0.0207897 0.0225004 0 0 0 0 0 0 0.5055 0.582141 -0.00195403 0.385966 16.9965 0 2.91229 0 3.38279 0 0.987792 3.84403 3.47944 1.00212 1 1.00003 1.00269 1.00197 0.00628936 0.00797205 0
230 5.22727 52.2727 0.961943 1.0902 0.963347 7.22256 7.27912 5.05088 3.73799 3.7298 3.38427 3.38427 3.37148 3.34651 0.944952 0.346893 1 2e-05 0.00226116 0.0344085 59.7852 35.1011 6.89276 -41.9938 37.3422 13.2074 45.8653 -1.19418 0 0 0 0.535588 0.574533 -0.00384981 0.00680659 0.00365542 0.859858 0.812788 0.883409 0.0199957 0.0190509 0.0205953 0.025009 0.0236864 0.0256472 0 0 0 0 0 0 0.5055 0.582141 -0.00247547 0.384999 16.7629 0 3.03616 0 3.52253 0 0.961943 3.73931 3.38427 1.00219 1 1.00002 1.00279 1.002 0.00622946 0.00789165 0
240 5.45455 54.5455 0.936205 1.0707 0.937785 7.19832 7.24775 5.48976 3.63392 3.62571 3.28857 3.28857 3.27611 3.25212 0.917893 0.346598 1 2e-05 0.0022773 0.0344286 59.0094 34.6165 6.7612 -41.3777 36.8271 13.0138 45.1977 -1.3505 0 0 0 0.534193 0.573386 -0.00383992 0.0064441 0.00359951 0.852165 0.804935 0.875955 0.0224266 0.021361 0.023104 0.0280454 0.0265553 0.0287678 0 0 0 0 0 0 0.5055 0.582141 -0.00240591 0.384854 16.5274 0 3.14684 0 3.64358 0 0.936205 3.63517 3.28857 1.00226 1 1.00002 1.00288 1.00203 0.00616102 0.00780597 0
250 5.68182 56.8182 0.91054 1.05009 0.912269 7.18543 7.22735 5.80406 3.53051 3.5223 3.19274 3.19274 3.1806 3.15757 0.890623 0.346066 1 2e-05 0.00229391 0.0344481 58.223 34.1237 6.63365 -40.7573 36.303 12.8118 44.5219 -1.50773 0 0 0 0.533518 0.572911 -0.00383012 0.00615036 0.00357617 0.843883 0.796601 0.868026 0.0248349 0.0236478 0.0255908 0.0310523 0.0293943 0.0318599 0 0 0 0 0 0 0.5055 0.582141 -0.00290227 0.384512 16.29 0 3.23148 0 3.73359 0 0.91054 3.53169 3.19274 1.00233 1 1.00002 1.00296 1.00206 0.00609292 0.00772022 0
260 5.90909 59.0909 0.884986 1.02862 0.886851 7.15755 7.19611 6.04466 3.42806 3.41988 3.09699 3.09699 3.08519 3.06312 0.863206 0.345372 1 2e-05 0.00231097 0.0344653 57.4242 33.6242 6.4992 -40.1234 35.7707 12.6127 43.8355 -1.62831 0 0 0 0.533156 0.5729 -0.0038359 0.00584528 0.0035656 0.8351 0.787885 0.859706 0.0272188 0.0259099 0.0280542 0.0340276 0.0322017 0.0349218 0 0 0 0 0 0 0.5055 0.582141 -0.00284765 0.383528 16.0514 0 3.2929 0 3.79976 0 0.884986 3.42918 3.09699 1.00239 1 1.00002 1.00304 1.00209 0.0060196 0.00762556 0
270 6.13636 61.3636 0.859633 1.00643 0.861609 7.10807 7.13914 6.25039 3.32597 3.31783 3.00169 3.00169 2.99024 2.96914 0.835944 0.344424 1 2e-05 0.00232861 0.0344862 56.6257 33.1152 6.36955 -39.4847 35.2284 12.4225 43.1421 -1.75059 0 0 0 0.533255 0.573275 -0.0038558 0.00559375 0.00351387 0.825937 0.778755 0.851014 0.0295771 0.0281463 0.0304931 0.0369696 0.0349761 0.0379521 0 0 0 0 0 0 0.5055 0.582141 -0.000840757 0.381643 15.8101 0 3.3515 0 3.86102 0 0.859633 3.32703 3.00169 1.00245 1 1.00002 1.00312 1.00212 0.00594128 0.00752722 0
280 6.36364 63.6364 0.834635 0.983801 0.836705 7.0132 7.03955 6.37187 3.22487 3.21679 2.90757 2.90757 2.89647 2.87633 0.809084 0.344737 1 2e-05 0.00234675 0.03451 55.8305 32.6046 6.24205 -38.8467 34.6832 12.2292 42.4483 -1.79896 0 0 0 0.533365 0.573331 -0.00390145 0.00527298 0.00350374 0.816503 0.769304 0.842078 0.0319085 0.0303555 0.0329065 0.0398768 0.0377158 0.0409494 0 0 0 0 0 0 0.5055 0.582141 -0.00251334 0.381417 15.5675 0 3.37661 0 3.87728 0 0.834635 3.22588 2.90757 1.00251 1 1.00002 1.00319 1.00215 0.0058585 0.00742406 0
290 6.59091 65.9091 0.810061 0.961002 0.81221 6.89765 6.92 6.42027 3.12506 3.11706 2.81499 2.81499 2.80424 2.78502 0.782738 0.345359 1 2e-05 0.00236536 0.0345369 55.0411 32.0935 6.11573 -38.2092 34.1352 12.0366 41.7571 -1.86606 0 0 0 0.534547 0.574241 -0.00394193 0.00497139 0.00350122 0.806847 0.759679 0.833 0.0342127 0.0325369 0.0352936 0.0427484 0.04042 0.043913 0 0 0 0 0 0 0.5055 0.582141 -0.00124793 0.380337 15.3243 0 3.39956 0 3.8951 0 0.810061 3.12601 2.81499 1.00257 1 1.00002 1.00326 1.00219 0.00577843 0.00732086 0
300 6.81818 68.1818 0.785994 0.938219 0.788212 6.75781 6.77722 6.41572 3.02612 3.01823 2.72432 2.72432 2.71391 2.69561 0.757165 0.34611 1 2e-05 0.00238455 0.0345717 54.2677 31.581 5.99519 -37.5761 33.5888 11.85 41.0685 -1.861 0 0 0 0.536126 0.575574 -0.00396973 0.00465025 0.00350929 0.797071 0.749981 0.823799 0.0364891 0.03469 0.0376536 0.0455837 0.0430882 0.0468423 0 0 0 0 0 0 0.5055 0.582141 -0.00122456 0.380433 15.0794 0 3.39663 0 3.87908 0 0.785994 3.02703 2.72432 1.00262 1 1.00002 1.00332 1.00222 0.00569292 0.00721259 0
310 7.04545 70.4545 0.762544 0.915492 0.764821 6.58702 6.60371 6.39985 2.92859 2.92081 2.63621 2.63621 2.62614 2.60868 0.7326 0.347208 1 2e-05 0.00240425 0.0346141 53.5135 31.0715 5.88678 -36.9583 33.0461 11.6553 40.394 -1.86791 0 0 0 0.537445 0.576712 -0.00393551 0.00430219 0.00352972 0.78716 0.74021 0.814526 0.0387376 0.0368148 0.0399864 0.0483822 0.04572 0.0497368 0 0 0 0 0 0 0.5055 0.582141 -0.00236462 0.37898 14.834 0 3.39303 0 3.86813 0 0.762544 2.92944 2.63621 1.00266 1 1.00002 1.00339 1.00225 0.00560795 0.00710469 0
320 7.27273 72.7273 0.739635 0.892897 0.741957 6.43849 6.45119 6.3628 2.8336 2.82594 2.55044 2.55044 2.5407 2.52407 0.708697 0.348064 1 2e-05 0.00242423 0.0346566 52.7641 30.5641 5.78047 -36.3445 32.5076 11.4665 39.7264 -1.87376 0 0 0 0.538239 0.577409 -0.0038649 0.00397601 0.00359435 0.777196 0.730407 0.80515 0.0409576 0.0389108 0.0422914 0.0511435 0.0483153 0.0525963 0 0 0 0 0 0 0.5055 0.582141 -0.000914223 0.379252 14.5911 0 3.39101 0 3.85854 0 0.739635 2.83441 2.55044 1.00271 1 1.00001 1.00344 1.00229 0.00552192 0.00699655 0
330 7.5 75 0.717269 0.870568 0.719628 6.28768 6.29826 6.28773 2.74055 2.73303 2.4671 2.4671 2.45768 2.4418 0.685618 0.348575 1 2e-05 0.00244463 0.0347024 52.025 30.063 5.6733 -35.7363 31.9769 11.2773 39.067 -1.89727 0 0 0 0.538665 0.577739 -0.00377686 0.00364241 0.00371451 0.767286 0.720556 0.795744 0.0431487 0.0409778 0.0445683 0.0538675 0.0508739 0.0554203 0 0 0 0 0 0 0.5055 0.582141 -0.00223539 0.378698 14.3492 0 3.37178 0 3.83411 0 0.717269 2.74131 2.4671 1.00275 1 1.00001 1.0035 1.00232 0.00544123 0.00689035 0
340 7.72727 77.2727 0.695476 0.848562 0.697875 6.12576 6.13686 6.19703 2.64909 2.6417 2.38593 2.38593 2.37682 2.36167 0.663313 0.348928 1 2e-05 0.00246554 0.0347553 51.303 29.5667 5.56963 -35.1363 31.449 11.0927 38.415 -1.86507 0 0 0 0.538615 0.577454 -0.00364347 0.0033459 0.00384934 0.75745 0.710763 0.786262 0.0453106 0.0430157 0.0468177 0.0565545 0.0533956 0.0582088 0 0 0 0 0 0 0.5055 0.582141 -0.000434827 0.378389 14.1075 0 3.35726 0 3.81165 0 0.695476 2.64981 2.38593 1.00279 1 1.00001 1.00355 1.00235 0.0053578 0.00678488 0
350 7.95455 79.5455 0.674301 0.82686 0.676727 5.95525 5.96275 6.11113 2.55963 2.5524 2.3068 2.3068 2.29798 2.28354 0.641623 0.348385 1 2e-05 0.00248688 0.0348141 50.5976 29.0776 5.46308 -34.5407 30.9286 10.9052 37.7676 -1.86103 0 0 0 0.538336 0.577371 -0.0035639 0.00306207 0.00394819 0.747634 0.701016 0.77675 0.0474441 0.0450246 0.049039 0.0592045 0.0558808 0.0609613 0 0 0 0 0 0 0.5055 0.582141 0.000238295 0.37979 13.867 0 3.3369 0 3.78261 0 0.674301 2.56032 2.3068 1.00283 1 1.00001 1.0036 1.00239 0.00527712 0.00668261 0
360 8.18182 81.8182 0.65372 0.805546 0.656175 5.78741 5.79568 6.00216 2.47271 2.46564 2.22956 2.22956 2.22102 2.20722 0.620371 0.348686 1 2e-05 0.00250852 0.0348751 49.9031 28.5902 5.35923 -33.9494 30.4084 10.72 37.1275 -1.80947 0 0 0 0.538066 0.577404 -0.00353098 0.00277655 0.00399797 0.73786 0.691252 0.76735 0.0495491 0.0470046 0.0512319 0.0618177 0.0583294 0.063678 0 0 0 0 0 0 0.5055 0.582141 -0.000316009 0.378001 13.6292 0 3.30626 0 3.74403 0 0.65372 2.47335 2.22956 1.00287 1 1.00001 1.00365 1.00242 0.00519256 0.00657605 0
370 8.40909 84.0909 0.633808 0.784636 0.636285 5.60112 5.60716 5.88831 2.38784 2.38093 2.15437 2.15437 2.14612 2.13296 0.599738 0.348189 1 2e-05 0.00253058 0.0349435 49.2301 28.1079 5.26079 -33.3687 29.8938 10.539 36.4928 -1.77799 0 0 0 0.539076 0.57811 -0.00350857 0.0025481 0.0040083 0.728156 0.681541 0.757999 0.0516257 0.0489561 0.0533965 0.0643942 0.0607414 0.0663592 0 0 0 0 0 0 0.5055 0.582141 -0.00188147 0.376834 13.3931 0 3.27848 0 3.71095 0 0.633808 2.38845 2.15437 1.0029 1 1.00001 1.00369 1.00245 0.00511052 0.00647373 0
380 8.63636 86.3636 0.614555 0.764111 0.617034 5.42096 5.42165 5.77987 2.30568 2.29894 2.08127 2.08127 2.07329 2.06072 0.579607 0.347821 1 2e-05 0.00255289 0.0350152 48.5725 27.6307 5.16352 -32.7942 29.3839 10.3595 35.8658 -1.72204 0 0 0 0.540135 0.578997 -0.00347456 0.0023452 0.00400669 0.718498 0.67191 0.748678 0.0536735 0.0508791 0.0555333 0.0669341 0.0631171 0.069005 0 0 0 0 0 0 0.5055 0.582141 -0.00147972 0.374035 13.1604 0 3.23885 0 3.66702 0 0.614555 2.30626 2.08127 1.00293 1 1.00001 1.00373 1.00248 0.00503114 0.00637033 0
390 8.86364 88.6364 0.595934 0.744044 0.598407 5.24541 5.24366 5.65083 2.22706 2.22048 2.01042 2.01042 2.00273 1.99075 0.559902 0.347025 1 2e-05 0.00257519 0.0350822 47.9188 27.1632 5.06581 -32.229 28.8839 10.1794 35.2464 -1.69442 0 0 0 0.540316 0.579463 -0.00337673 0.00213705 0.00400403 0.708934 0.662386 0.739422 0.0556932 0.0527739 0.0576419 0.0694378 0.0654568 0.0716156 0 0 0 0 0 0 0.5055 0.582141 -0.00221426 0.373861 12.9339 0 3.20269 0 3.62728 0 0.595934 2.2276 2.01042 1.00296 1 1.00001 1.00377 1.00252 0.00494126 0.00625863 0
400 9.09091 90.9091 0.577887 0.724437 0.580357 5.08303 5.08218 5.52136 2.15075 2.14433 1.94185 1.94185 1.93442 1.92299 0.540869 0.346116 1 2e-05 0.00259779 0.0351527 47.2788 26.7005 4.97435 -31.6749 28.3898 9.99881 34.6386 -1.64036 0 0 0 0.540581 0.579865 -0.00330421 0.00190387 0.00399574 0.699471 0.652961 0.730244 0.0576847 0.0546406 0.0597223 0.0719055 0.067761 0.0741912 0 0 0 0 0 0 0.5055 0.582141 -0.00136524 0.373694 12.7102 0 3.17056 0 3.58119 0 0.577887 2.15126 1.94185 1.00299 1 1.00001 1.0038 1.00255 0.00485953 0.00615377 0
410 9.31818 93.1818 0.560506 0.705293 0.56297 4.896 4.89453 5.39085 2.07755 2.07129 1.87585 1.87585 1.86869 1.85779 0.5225 0.345345 1 2e-05 0.00262042 0.035223 46.652 26.2458 4.88396 -31.1297 27.9062 9.82416 34.0427 -1.59397 0 0 0 0.541487 0.580743 -0.00329386 0.00166751 0.00403109 0.690103 0.643643 0.721157 0.0596484 0.0564794 0.0617746 0.0743376 0.0700299 0.0767322 0 0 0 0 0 0 0.5055 0.582141 -0.00322725 0.373032 12.4919 0 3.13032 0 3.537 0 0.560506 2.07804 1.87585 1.00302 1 1.00001 1.00384 1.00258 0.0047762 0.0060474 0
420 9.54545 95.4545 0.543777 0.68665 0.546218 4.71748 4.7108 5.24999 2.00721 2.00112 1.81232 1.81232 1.80542 1.79503 0.504797 0.345227 1 2e-05 0.00264313 0.0352947 46.041 25.7981 4.79804 -30.5961 27.4298 9.66012 33.4595 -1.51798 0 0 0 0.542319 0.581603 -0.00324282 0.00138713 0.00403814 0.68084 0.634461 0.712191 0.0615843 0.0582908 0.0637994 0.0767344 0.072264 0.0792387 0 0 0 0 0 0 0.5055 0.582141 -0.00339901 0.372788 12.2785 0 3.08706 0 3.48313 0 0.543777 2.00767 1.81232 1.00304 1 1.00001 1.00387 1.00261 0.00469181 0.00594186 0
430 9.77273 97.7273 0.527656 0.668499 0.530083 4.54372 4.53964 5.11132 1.93947 1.93354 1.75104 1.75104 1.74438 1.73445 0.487696 0.344356 1 2e-05 0.00266596 0.0353678 45.4441 25.361 4.71456 -30.0756 26.9639 9.49476 32.887 -1.46769 0 0 0 0.542867 0.582186 -0.00318501 0.00113796 0.00401946 0.671721 0.625362 0.703357 0.0634924 0.0600749 0.0657971 0.0790964 0.0744638 0.0817115 0 0 0 0 0 0 0.5055 0.582141 -0.00145227 0.371632 12.0693 0 3.04836 0 3.43384 0 0.527656 1.93991 1.75104 1.00307 1 1.00001 1.0039 1.00264 0.00461209 0.005839 0
440 10 100 0.512133 0.650869 0.514537 4.37749 4.37116 4.96455 1.87426 1.86849 1.69202 1.69202 1.6856 1.67612 0.471225 0.3447 1 2e-05 0.0026889 0.035443 44.8625 24.9306 4.63385 -29.5645 26.5051 9.33597 32.3272 -1.43064 0 0 0 0.543227 0.582439 -0.00311613 0.000894275 0.00400465 0.662743 0.616403 0.694663 0.0653733 0.061832 0.067768 0.081424 0.0766296 0.0841508 0 0 0 0 0 0 0.5055 0.582141 -0.00218006 0.371033 11.8646 0 3.00548 0 3.38444 0 0.512133 1.87467 1.69202 1.00309 1 1.00001 1.00392 1.00268 0.00453251 0.00573844 0
450 10.2273 102.273 0.497154 0.633778 0.499535 4.22476 4.2181 4.81282 1.81123 1.80562 1.63488 1.63488 1.62868 1.61964 0.455255 0.345126 1 2e-05 0.00271203 0.0355213 44.2956 24.5075 4.55186 -29.0593 26.0539 9.17844 31.7757 -1.3858 0 0 0 0.544272 0.583338 -0.00305323 0.000688667 0.00404638 0.653947 0.607615 0.686086 0.0672274 0.0635627 0.0697121 0.0837179 0.0787621 0.0865572 0 0 0 0 0 0 0.5055 0.582141 -0.00251088 0.371637 11.6633 0 2.96328 0 3.33532 0 0.497154 1.81161 1.63488 1.00311 1 1.00001 1.00395 1.00271 0.00445426 0.00564029 0
460 10.4545 104.545 0.482667 0.617219 0.48502 4.08723 4.07953 4.6629 1.74982 1.74437 1.57936 1.57936 1.57339 1.56475 0.439776 0.344981 1 2e-05 0.00273555 0.0356069 43.7471 24.0897 4.46844 -28.5581 25.6108 9.02351 31.2281 -1.35177 0 0 0 0.545691 0.584329 -0.00299616 0.000575198 0.00411287 0.645296 0.598988 0.677677 0.0690555 0.0652675 0.0716296 0.0859787 0.0808619 0.0889312 0 0 0 0 0 0 0.5055 0.582141 -0.00160169 0.370541 11.4637 0 2.91835 0 3.28303 0 0.482667 1.75018 1.57936 1.00313 1 1.00001 1.00397 1.00274 0.00437817 0.00554149 0
470 10.6818 106.818 0.468723 0.601172 0.471052 3.93337 3.92664 4.51881 1.69058 1.68528 1.52584 1.52584 1.52008 1.51184 0.424859 0.345875 1 2e-05 0.00275925 0.0356966 43.2157 23.6799 4.38786 -28.0678 25.1747 8.86677 30.6933 -1.28784 0 0 0 0.546709 0.584922 -0.00298099 0.000489738 0.00414711 0.636825 0.590492 0.669417 0.0708584 0.0669468 0.0735216 0.0882069 0.0829294 0.0912734 0 0 0 0 0 0 0.5055 0.582141 -0.00152668 0.370116 11.2679 0 2.87426 0 3.23253 0 0.468723 1.69092 1.52584 1.00314 1 1.00001 1.00399 1.00277 0.00430132 0.00544407 0
480 10.9091 109.091 0.455323 0.585566 0.457626 3.781 3.77358 4.39469 1.63346 1.62832 1.47432 1.47432 1.46877 1.4609 0.410521 0.345855 1 2e-05 0.00278309 0.0357911 42.7032 23.2801 4.30689 -27.587 24.75 8.71314 30.1679 -1.24196 0 0 0 0.54688 0.584972 -0.00298817 0.000411007 0.00414526 0.628458 0.582132 0.661283 0.0726361 0.0686009 0.0753884 0.090403 0.0849653 0.0935842 0 0 0 0 0 0 0.5055 0.582141 -0.00135666 0.369054 11.0758 0 2.83455 0 3.1863 0 0.455323 1.63379 1.47432 1.00316 1 1.00001 1.00401 1.0028 0.00422646 0.00534776 0
490 11.1364 111.364 0.442448 0.570364 0.444714 3.63578 3.62561 4.28108 1.57864 1.57365 1.42473 1.42473 1.41939 1.41188 0.396683 0.346726 1 2e-05 0.00280697 0.0358874 42.2054 22.8878 4.22952 -27.1174 24.3324 8.56236 29.6551 -1.19418 0 0 0 0.546826 0.584967 -0.00303245 0.000318362 0.00415766 0.62016 0.573883 0.653289 0.0743886 0.0702299 0.0772307 0.0925675 0.0869699 0.0958642 0 0 0 0 0 0 0.5055 0.582141 -0.00121108 0.369697 10.8883 0 2.79533 0 3.14211 0 0.442448 1.57896 1.42473 1.00317 1 1.00001 1.00403 1.00283 0.00414623 0.00524789 0
500 11.3636 113.636 0.430032 0.55563 0.432267 3.50522 3.49643 4.14905 1.52515 1.52031 1.37679 1.37679 1.37165 1.36447 0.383407 0.346784 1 2e-05 0.0028313 0.0359938 41.7295 22.5032 4.15281 -26.6561 23.9222 8.41482 29.1501 -1.15044 0 0 0 0.547213 0.584976 -0.00307555 0.000237605 0.00414882 0.612015 0.565789 0.645429 0.0761168 0.0718345 0.079048 0.0947007 0.0889437 0.0981139 0 0 0 0 0 0 0.5055 0.582141 -0.000398699 0.368704 10.7022 0 2.75229 0 3.09277 0 0.430032 1.52544 1.37679 1.00319 1 1.00001 1.00405 1.00285 0.00407046 0.00515372 0
510 11.5909 115.909 0.418088 0.54135 0.420284 3.37426 3.36325 4.02103 1.4735 1.4688 1.33065 1.33065 1.3257 1.31884 0.370663 0.346828 1 2e-05 0.00285582 0.0361057 41.2714 22.1253 4.07982 -26.2051 23.5192 8.27272 28.6562 -1.10329 0 0 0 0.547869 0.585352 -0.00312885 0.000197084 0.00411292 0.604003 0.557852 0.637716 0.0778213 0.0734149 0.080841 0.0968031 0.0908872 0.100334 0 0 0 0 0 0 0.5055 0.582141 0.000102895 0.36848 10.5194 0 2.70244 0 3.03992 0 0.418088 1.47378 1.33065 1.0032 1 1.00001 1.00407 1.00288 0.00399686 0.00505997 0
520 11.8182 118.182 0.40659 0.52753 0.408752 3.24758 3.23782 3.89173 1.42359 1.41903 1.28623 1.28623 1.28146 1.27491 0.358435 0.346173 1 2e-05 0.00288055 0.0362229 40.8296 21.7565 4.00779 -25.7643 23.1255 8.13255 28.1722 -1.06963 0 0 0 0.548408 0.585939 -0.00317924 0.000160113 0.00404984 0.596147 0.55009 0.630135 0.0795018 0.0749714 0.0826108 0.0988753 0.0928012 0.102524 0 0 0 0 0 0 0.5055 0.582141 -6.15771e-05 0.367095 10.3396 0 2.66317 0 2.99728 0 0.40659 1.42385 1.28623 1.00321 1 1 1.00408 1.00291 0.00392294 0.0049669 0
530 12.0455 120.455 0.395496 0.514124 0.397622 3.13415 3.12403 3.77517 1.37539 1.37097 1.24347 1.24347 1.23887 1.2326 0.346686 0.345359 1 2e-05 0.00290549 0.0363441 40.401 21.3939 3.93669 -25.3306 22.7389 7.99899 27.698 -1.03001 0 0 0 0.548583 0.586007 -0.00322647 6.97929e-05 0.00399366 0.588405 0.542459 0.622709 0.081159 0.0765046 0.084357 0.100918 0.0946861 0.104686 0 0 0 0 0 0 0.5055 0.582141 -0.000623702 0.366818 10.163 0 2.62402 0 2.95154 0 0.395496 1.37563 1.24347 1.00322 1 1 1.0041 1.00294 0.00385156 0.00487653 0
540 12.2727 122.727 0.38481 0.501146 0.386904 3.01816 3.00921 3.65469 1.32857 1.32429 1.20231 1.20231 1.19788 1.19188 0.335465 0.344697 1 2e-05 0.00293078 0.0364744 39.992 21.0381 3.86941 -24.9075 22.3597 7.86938 27.2342 -0.981165 0 0 0 0.548614 0.585981 -0.00327546 5.27617e-06 0.003949 0.580789 0.535001 0.615427 0.0827938 0.0780151 0.0860806 0.102931 0.0965426 0.106819 0 0 0 0 0 0 0.5055 0.582141 0.00028045 0.365766 9.98845 0 2.5771 0 2.8976 0 0.38481 1.3288 1.20231 1.00323 1 1 1.00411 1.00296 0.00378328 0.00478929 0
550 12.5 125 0.374564 0.488582 0.376623 2.89507 2.8854 3.5381 1.28384 1.27969 1.16279 1.16279 1.15853 1.1528 0.324652 0.344123 1 2e-05 0.002956 0.0366051 39.595 20.6917 3.80323 -24.495 21.9899 7.73943 26.7819 -0.944581 0 0 0 0.549045 0.586485 -0.00333085 -6.66354e-05 0.00390461 0.573336 0.527689 0.608271 0.0844061 0.0795036 0.087782 0.104915 0.0983713 0.108925 0 0 0 0 0 0 0.5055 0.582141 1.23086e-05 0.366849 9.81881 0 2.53815 0 2.85053 0 0.374564 1.28406 1.16279 1.00324 1 1 1.00412 1.00299 0.00371246 0.00469788 0
560 12.7273 127.273 0.364676 0.476418 0.366699 2.79478 2.78436 3.42531 1.2406 1.23657 1.12472 1.12472 1.12061 1.11514 0.314264 0.34374 1 2e-05 0.00298145 0.0367404 39.2104 20.3526 3.73867 -24.0913 21.6285 7.6095 26.3391 -0.9093 0 0 0 0.549676 0.587342 -0.00335657 -0.00011983 0.00385976 0.566039 0.52053 0.601236 0.0859965 0.0809706 0.0894619 0.106871 0.100173 0.111003 0 0 0 0 0 0 0.5055 0.582141 0.000282226 0.365215 9.652 0 2.49823 0 2.80636 0 0.364676 1.2408 1.12472 1.00325 1 1 1.00413 1.00302 0.00364554 0.00461195 0
570 12.9545 129.545 0.355192 0.464638 0.357176 2.68154 2.67085 3.31717 1.19918 1.19528 1.08821 1.08821 1.08426 1.07902 0.304294 0.343406 1 2e-05 0.00300688 0.0368778 38.8392 20.0218 3.67576 -23.6976 21.2755 7.4842 25.9074 -0.859242 0 0 0 0.549984 0.587682 -0.0033841 -0.000151689 0.00377933 0.558917 0.513468 0.594339 0.0875653 0.0824159 0.0911204 0.1088 0.101947 0.113054 0 0 0 0 0 0 0.5055 0.582141 0.00118565 0.364943 9.48947 0 2.45284 0 2.7533 0 0.355192 1.19937 1.08821 1.00326 1 1 1.00414 1.00304 0.00357791 0.00452628 0
580 13.1818 131.818 0.346087 0.453261 0.348031 2.57532 2.56393 3.20384 1.15976 1.15598 1.05315 1.05315 1.04935 1.04433 0.294645 0.344008 1 2e-05 0.00303213 0.0370132 38.4763 19.6974 3.6166 -23.314 20.9299 7.36305 25.4865 -0.831479 0 0 0 0.549504 0.587209 -0.00337469 -0.000143228 0.00369779 0.551955 0.506584 0.587572 0.0891129 0.0838396 0.0927577 0.110702 0.103696 0.115079 0 0 0 0 0 0 0.5055 0.582141 -0.00104604 0.364958 9.33215 0 2.41579 0 2.7138 0 0.346087 1.15994 1.05315 1.00327 1 1 1.00415 1.00307 0.00350905 0.00443975 0
590 13.4091 134.091 0.337279 0.442197 0.339183 2.4916 2.48017 3.11566 1.12175 1.11809 1.01933 1.01933 1.01568 1.01087 0.285338 0.34447 1 2e-05 0.00305751 0.0371503 38.1215 19.3784 3.55911 -22.9375 20.5899 7.24636 25.0742 -0.807378 0 0 0 0.548713 0.58644 -0.00337597 -0.000144354 0.00358299 0.545091 0.499806 0.580915 0.09064 0.0852429 0.0943736 0.112577 0.105418 0.117077 0 0 0 0 0 0 0.5055 0.582141 -0.00304452 0.364705 9.17794 0 2.3795 0 2.67389 0 0.337279 1.12192 1.01933 1.00327 1 1 1.00416 1.00309 0.00344511 0.00435751 0
600 13.6364 136.364 0.328804 0.431524 0.330673 2.39632 2.38664 3.00548 1.08567 1.08212 0.986928 0.986928 0.983408 0.978815 0.276351 0.345047 1 2e-05 0.00308262 0.0372824 37.7707 19.068 3.50274 -22.5708 20.2597 7.13058 24.6725 -0.770084 0 0 0 0.547902 0.585935 -0.00337827 -0.000149625 0.00343936 0.538399 0.493171 0.574418 0.0921468 0.0866261 0.0959691 0.114426 0.107116 0.119051 0 0 0 0 0 0 0.5055 0.582141 -0.00162761 0.36389 9.02912 0 2.33748 0 2.62506 0 0.328804 1.08584 0.986928 1.00328 1 1 1.00417 1.00311 0.00338032 0.00427628 0
610 13.8636 138.636 0.320659 0.421199 0.322496 2.30281 2.29357 2.90754 1.0511 1.04765 0.955796 0.955796 0.95241 0.948014 0.267699 0.345608 1 2e-05 0.00310767 0.0374155 37.4303 18.7662 3.44502 -22.2112 19.9381 7.01773 24.2796 -0.737088 0 0 0 0.547136 0.585425 -0.00338515 -0.000142702 0.0033515 0.531835 0.486689 0.568052 0.0936335 0.0879895 0.0975449 0.11625 0.108788 0.120999 0 0 0 0 0 0 0.5055 0.582141 -0.00120721 0.362856 8.88416 0 2.29416 0 2.57794 0 0.320659 1.05126 0.955796 1.00329 1 1 1.00418 1.00314 0.0033157 0.00419515 0
620 14.0909 140.909 0.312822 0.411199 0.314625 2.21651 2.20694 2.81584 1.01776 1.01442 0.926015 0.926015 0.922753 0.91854 0.259475 0.346494 1 2e-05 0.00313283 0.0375531 37.1034 18.4708 3.39259 -21.8634 19.6229 6.90882 23.8997 -0.699222 0 0 0 0.546447 0.5849 -0.00339321 -0.000126665 0.0032936 0.5254 0.48035 0.561799 0.0951003 0.0893333 0.0991006 0.118048 0.110437 0.122922 0 0 0 0 0 0 0.5055 0.582141 -0.00105814 0.362625 8.7421 0 2.25848 0 2.53728 0 0.312822 1.01791 0.926015 1.00329 1 1 1.00418 1.00316 0.00325533 0.00411858 0
630 14.3182 143.182 0.305304 0.401496 0.307069 2.12769 2.11714 2.73248 0.986015 0.982774 0.897544 0.897544 0.894398 0.890352 0.251587 0.347206 1 2e-05 0.00315776 0.0376888 36.7846 18.1838 3.34141 -21.5252 19.3171 6.80259 23.5306 -0.673418 0 0 0 0.546527 0.584929 -0.00337627 -7.38121e-05 0.00322874 0.519099 0.474099 0.55566 0.0965476 0.0906581 0.100637 0.119823 0.112062 0.124822 0 0 0 0 0 0 0.5055 0.582141 -0.000366827 0.362202 8.60466 0 2.2193 0 2.49193 0 0.305304 0.986158 0.897544 1.0033 1 1 1.00419 1.00318 0.00319761 0.00404583 0
640 14.5455 145.455 0.298042 0.392119 0.299772 2.05488 2.0449 2.6405 0.955621 0.952475 0.870128 0.870128 0.867098 0.863224 0.243957 0.347877 1 2e-05 0.00318258 0.0378223 36.4705 17.9027 3.2924 -21.1951 19.0175 6.69898 23.17 -0.646716 0 0 0 0.546739 0.584857 -0.00334229 2.00164e-05 0.00314832 0.512922 0.467992 0.549666 0.0979759 0.0919645 0.102154 0.121573 0.113663 0.126698 0 0 0 0 0 0 0.5055 0.582141 -0.000936325 0.361547 8.47099 0 2.1869 0 2.45455 0 0.298042 0.955757 0.870128 1.0033 1 1 1.0042 1.0032 0.00313965 0.0039714 0
650 14.7727 147.727 0.291054 0.383006 0.292745 1.97877 1.96798 2.56629 0.926194 0.923141 0.843811 0.843811 0.840886 0.837161 0.236683 0.348437 1 2e-05 0.00320758 0.0379633 36.1723 17.6287 3.24446 -20.8732 18.7257 6.59902 22.8179 -0.618568 0 0 0 0.547292 0.584985 -0.003344 0.000114211 0.00308628 0.506818 0.462035 0.543757 0.0993848 0.0932529 0.103652 0.1233 0.115242 0.128551 0 0 0 0 0 0 0.5055 0.582141 -0.00272377 0.360901 8.33952 0 2.15304 0 2.41571 0 0.291054 0.92632 0.843811 1.00331 1 1 1.0042 1.00322 0.00308542 0.00390296 0
660 15 150 0.284322 0.374176 0.285977 1.90578 1.89571 2.48657 0.898158 0.895194 0.818603 0.818603 0.815783 0.812209 0.229685 0.34884 1 2e-05 0.00323233 0.0380989 35.8761 17.3628 3.19649 -20.5593 18.4424 6.50083 22.4753 -0.591725 0 0 0 0.547684 0.584788 -0.00336465 0.000173793 0.00303799 0.500824 0.456212 0.537956 0.100775 0.094524 0.105132 0.125004 0.116798 0.130381 0 0 0 0 0 0 0.5055 0.582141 -0.00199943 0.360292 8.21232 0 2.11599 0 2.37301 0 0.284322 0.898281 0.818603 1.00331 1 1 1.00421 1.00324 0.00303036 0.00383302 0
670 15.2273 152.273 0.277834 0.365644 0.279455 1.83655 1.82704 2.4027 0.871273 0.868394 0.794437 0.794437 0.791715 0.788283 0.222979 0.3491 1 2e-05 0.00325699 0.038235 35.5879 17.1036 3.15108 -20.2547 18.1668 6.40628 22.1416 -0.563952 0 0 0 0.548146 0.584994 -0.00339847 0.000212674 0.00300654 0.494957 0.450499 0.532311 0.102147 0.0957775 0.106594 0.126684 0.118333 0.132188 0 0 0 0 0 0 0.5055 0.582141 -0.00304275 0.360834 8.08845 0 2.08038 0 2.33239 0 0.277834 0.871388 0.794437 1.00332 1 1 1.00421 1.00326 0.0029776 0.00376686 0
680 15.4545 154.545 0.271587 0.357364 0.273173 1.76917 1.75915 2.33153 0.845328 0.842532 0.771189 0.771189 0.768559 0.76525 0.216539 0.349682 1 2e-05 0.00328171 0.0383756 35.3122 16.8506 3.10693 -19.9575 17.8974 6.31421 21.8158 -0.543854 0 0 0 0.548298 0.585286 -0.00343172 0.000250493 0.00296786 0.489204 0.444882 0.526771 0.103501 0.097014 0.108039 0.128343 0.119847 0.133974 0 0 0 0 0 0 0.5055 0.582141 -0.0034796 0.360176 7.9671 0 2.05064 0 2.29881 0 0.271587 0.845437 0.771189 1.00332 1 1 1.00422 1.00328 0.00292649 0.00370246 0
690 15.6818 156.818 0.265548 0.349353 0.267101 1.70974 1.7004 2.25579 0.820415 0.817699 0.748766 0.748766 0.746228 0.743047 0.21031 0.350155 1 2e-05 0.00330635 0.0385146 35.0407 16.6034 3.06218 -19.6656 17.6344 6.22266 21.4968 -0.518358 0 0 0 0.547827 0.585105 -0.00345703 0.000301094 0.00290045 0.4836 0.439383 0.521326 0.104837 0.0982341 0.109466 0.129979 0.121339 0.135739 0 0 0 0 0 0 0.5055 0.582141 -0.00361516 0.359668 7.84881 0 2.01485 0 2.25705 0 0.265548 0.820519 0.748766 1.00332 1 1 1.00422 1.0033 0.00287615 0.00363804 0
700 15.9091 159.091 0.259732 0.341579 0.26125 1.64761 1.63774 2.18914 0.796393 0.793754 0.72716 0.72716 0.724707 0.721646 0.204311 0.350654 1 2e-05 0.00333101 0.0386572 34.7802 16.3608 3.02122 -19.382 17.3762 6.13544 21.185 -0.497774 0 0 0 0.547284 0.584803 -0.00346895 0.000367843 0.00285735 0.478108 0.43397 0.515985 0.106156 0.0994376 0.110876 0.131595 0.122811 0.137482 0 0 0 0 0 0 0.5055 0.582141 -0.0037218 0.359852 7.73304 0 1.98605 0 2.22534 0 0.259732 0.796493 0.72716 1.00332 1 1 1.00422 1.00332 0.00282828 0.00357755 0
710 16.1364 161.364 0.254129 0.334035 0.25561 1.58842 1.57798 2.12436 0.773465 0.7709 0.706335 0.706335 0.703972 0.701031 0.198483 0.35065 1 2e-05 0.00335544 0.0387974 34.5247 16.1251 2.97869 -19.1038 17.1258 6.04715 20.8792 -0.478483 0 0 0 0.546935 0.584611 -0.00349548 0.000432645 0.00282036 0.472703 0.428669 0.510751 0.107459 0.100625 0.11227 0.133189 0.124263 0.139205 0 0 0 0 0 0 0.5055 0.582141 -0.00220868 0.358725 7.6209 0 1.95269 0 2.18894 0 0.254129 0.77356 0.706335 1.00333 1 1 1.00423 1.00334 0.00277695 0.00351227 0
720 16.3636 163.636 0.248706 0.326719 0.250152 1.53674 1.52713 2.0602 0.751299 0.748805 0.686258 0.686258 0.683974 0.68114 0.192877 0.350996 1 2e-05 0.00337992 0.0389393 34.2761 15.895 2.93558 -18.8306 16.8805 5.96033 20.5805 -0.457598 0 0 0 0.546695 0.58449 -0.00351319 0.000482231 0.0028058 0.467394 0.423471 0.505623 0.108745 0.101796 0.113647 0.134762 0.125695 0.140907 0 0 0 0 0 0 0.5055 0.582141 -0.00371369 0.358922 7.51089 0 1.92376 0 2.15685 0 0.248706 0.751387 0.686258 1.00333 1 1 1.00423 1.00336 0.00273086 0.00345375 0
730 16.5909 165.909 0.243473 0.319613 0.244885 1.48344 1.47362 2.00116 0.729983 0.727558 0.666952 0.666952 0.664743 0.662009 0.187485 0.350449 1 2e-05 0.00340434 0.039081 34.0334 15.6711 2.89223 -18.5634 16.643 5.8744 20.2881 -0.441112 0 0 0 0.546864 0.584688 -0.00354835 0.00052991 0.0027931 0.462188 0.41837 0.500575 0.110014 0.102951 0.115007 0.136316 0.127107 0.14259 0 0 0 0 0 0 0.5055 0.582141 -0.00262685 0.358831 7.40357 0 1.8934 0 2.12363 0 0.243473 0.730065 0.666952 1.00333 1 1 1.00423 1.00337 0.00268538 0.0033961 0
740 16.8182 168.182 0.238409 0.312705 0.239789 1.43501 1.42597 1.94543 0.709439 0.707082 0.648262 0.648262 0.646131 0.6435 0.182249 0.351468 1 2e-05 0.00342873 0.0392242 33.7976 15.4501 2.85119 -18.3013 16.4076 5.78913 20.003 -0.42923 0 0 0 0.547085 0.584897 -0.00359131 0.000582504 0.00276583 0.457073 0.413353 0.495613 0.111268 0.104092 0.116352 0.137849 0.128501 0.144253 0 0 0 0 0 0 0.5055 0.582141 -0.00299116 0.358906 7.29864 0 1.87007 0 2.09725 0 0.238409 0.709518 0.648262 1.00333 1 1 1.00424 1.00339 0.00263879 0.00333665 0
750 17.0455 170.455 0.233492 0.305998 0.234839 1.39395 1.38463 1.8887 0.689466 0.687173 0.630159 0.630159 0.628099 0.625571 0.177192 0.350785 1 2e-05 0.0034533 0.0393711 33.5692 15.2341 2.80984 -18.0439 16.178 5.70839 19.7205 -0.415146 0 0 0 0.547587 0.585209 -0.00362757 0.000612704 0.00273224 0.452037 0.408425 0.490762 0.112506 0.105216 0.117682 0.139363 0.129875 0.145897 0 0 0 0 0 0 0.5055 0.582141 -0.00382139 0.356856 7.19515 0 1.83719 0 2.06393 0 0.233492 0.689542 0.630159 1.00334 1 1 1.00424 1.00341 0.00259429 0.00328066 0
760 17.2727 172.727 0.228736 0.299492 0.230051 1.3481 1.33927 1.83201 0.670147 0.667917 0.612664 0.612664 0.610676 0.608245 0.172309 0.350865 1 2e-05 0.00347793 0.0395215 33.3492 15.0221 2.77156 -17.7936 15.9517 5.62596 19.4457 -0.400288 0 0 0 0.548449 0.58568 -0.00367106 0.000642256 0.00270099 0.447089 0.403601 0.486005 0.113729 0.106326 0.118995 0.140857 0.131231 0.147522 0 0 0 0 0 0 0.5055 0.582141 -0.0043052 0.357836 7.09363 0 1.81185 0 2.03584 0 0.228736 0.670219 0.612664 1.00334 1 1 1.00424 1.00342 0.0025482 0.00322378 0
770 17.5 175 0.22415 0.293163 0.225434 1.30015 1.29143 1.78206 0.651571 0.649402 0.595837 0.595837 0.593916 0.591576 0.16761 0.350858 1 2e-05 0.00350246 0.0396728 33.1364 14.815 2.73458 -17.5495 15.7311 5.54853 19.1768 -0.376305 0 0 0 0.548981 0.585987 -0.00371002 0.000676298 0.00266124 0.442221 0.39886 0.48133 0.114936 0.107422 0.120294 0.142333 0.13257 0.149128 0 0 0 0 0 0 0.5055 0.582141 -0.00309329 0.35651 6.99462 0 1.77997 0 2.00057 0 0.22415 0.651639 0.595837 1.00334 1 1 1.00424 1.00344 0.00250675 0.00316936 0
780 17.7273 177.273 0.219733 0.287019 0.220984 1.25329 1.24391 1.73032 0.633571 0.631461 0.579614 0.579614 0.577754 0.575496 0.163098 0.350492 1 2e-05 0.00352708 0.039829 32.934 14.6122 2.69816 -17.3104 15.5155 5.4728 18.9138 -0.362337 0 0 0 0.548651 0.585473 -0.003744 0.000708079 0.00258836 0.437445 0.394215 0.476733 0.116129 0.108503 0.121579 0.14379 0.13389 0.150716 0 0 0 0 0 0 0.5055 0.582141 -0.00291794 0.355975 6.89732 0 1.75428 0 1.97128 0 0.219733 0.633636 0.579614 1.00334 1 1 1.00425 1.00346 0.00246633 0.00311858 0
790 17.9545 179.545 0.215459 0.281042 0.21668 1.21192 1.20336 1.68318 0.616247 0.614194 0.563978 0.563978 0.562182 0.560008 0.158745 0.350564 1 2e-05 0.00355161 0.0399846 32.7356 14.4142 2.6623 -17.0765 15.3043 5.39878 18.6573 -0.346288 0 0 0 0.548118 0.584933 -0.00375886 0.000739186 0.00251381 0.432749 0.389648 0.472214 0.117306 0.10957 0.122849 0.145228 0.135193 0.152287 0 0 0 0 0 0 0.5055 0.582141 -0.00290465 0.356365 6.80237 0 1.72883 0 1.94123 0 0.215459 0.61631 0.563978 1.00334 1 1 1.00425 1.00347 0.00242419 0.00306532 0
800 18.1818 181.818 0.211323 0.275242 0.212516 1.17267 1.16466 1.63315 0.599486 0.597488 0.548912 0.548912 0.547173 0.545073 0.154564 0.350153 1 2e-05 0.00357618 0.0401427 32.5442 14.2215 2.62724 -16.8488 15.0985 5.32624 18.4064 -0.336788 0 0 0 0.547947 0.584882 -0.00376821 0.000767997 0.00244734 0.428147 0.385168 0.467781 0.11847 0.110623 0.124106 0.146649 0.136478 0.153839 0 0 0 0 0 0 0.5055 0.582141 -0.00287683 0.355754 6.70921 0 1.70422 0 1.9139 0 0.211323 0.599546 0.548912 1.00334 1 1 1.00425 1.00349 0.00238557 0.00301708 0
810 18.4091 184.091 0.207308 0.269616 0.208472 1.13868 1.13082 1.58443 0.58337 0.581425 0.534377 0.534377 0.532695 0.530672 0.15052 0.349835 1 2e-05 0.00360063 0.0403 32.3562 14.0324 2.59354 -16.626 14.897 5.25517 18.1613 -0.326452 0 0 0 0.548032 0.585086 -0.00377526 0.000778555 0.0023889 0.423638 0.380775 0.463436 0.119619 0.111663 0.125348 0.148052 0.137747 0.155375 0 0 0 0 0 0 0.5055 0.582141 -0.0024334 0.356811 6.61841 0 1.67754 0 1.88554 0 0.207308 0.583426 0.534377 1.00335 1 1 1.00425 1.0035 0.0023468 0.00296739 0
820 18.6364 186.364 0.203422 0.264133 0.204555 1.10296 1.09429 1.544 0.567812 0.565919 0.52036 0.52036 0.51873 0.516773 0.146623 0.35014 1 2e-05 0.00362505 0.0404584 32.1739 13.8471 2.56095 -16.408 14.6996 5.18606 17.9221 -0.313632 0 0 0 0.54818 0.585187 -0.00376472 0.000772558 0.00230671 0.419192 0.376451 0.459161 0.120755 0.112689 0.126577 0.149438 0.138999 0.156894 0 0 0 0 0 0 0.5055 0.582141 -0.00237498 0.355952 6.52956 0 1.65606 0 1.86091 0 0.203422 0.567865 0.52036 1.00335 1 1 1.00425 1.00351 0.00231063 0.00292097 0
830 18.8636 188.636 0.199654 0.258793 0.200758 1.06931 1.06112 1.50374 0.552817 0.550973 0.506864 0.506864 0.505287 0.5034 0.142874 0.350024 1 2e-05 0.00364939 0.040617 31.9961 13.6668 2.52856 -16.1954 14.5078 5.11799 17.6882 -0.304112 0 0 0 0.548134 0.585131 -0.00375034 0.000763154 0.00223439 0.41481 0.372216 0.454943 0.121876 0.113702 0.127792 0.150806 0.140235 0.158395 0 0 0 0 0 0 0.5055 0.582141 -0.0020753 0.355206 6.44276 0 1.63076 0 1.83218 0 0.199654 0.552866 0.506864 1.00335 1 1 1.00425 1.00353 0.00227246 0.00287412 0
840 19.0909 190.909 0.196003 0.253615 0.197079 1.03588 1.028 1.45803 0.538352 0.536556 0.493897 0.493897 0.492371 0.490548 0.139283 0.35035 1 2e-05 0.00367366 0.0407769 31.824 13.4913 2.497 -15.9883 14.3206 5.05224 17.4608 -0.290433 0 0 0 0.548082 0.585117 -0.00372985 0.0007591 0.00216777 0.410522 0.368086 0.450793 0.122984 0.114703 0.128994 0.152158 0.141456 0.159881 0 0 0 0 0 0 0.5055 0.582141 -0.00221419 0.354692 6.35791 0 1.60317 0 1.80134 0 0.196003 0.538398 0.493897 1.00335 1 1 1.00425 1.00354 0.00223546 0.00282705 0
850 19.3182 193.182 0.192469 0.248607 0.193519 1.00253 0.995084 1.41036 0.524279 0.52253 0.48142 0.48142 0.479938 0.478176 0.135859 0.350295 1 2e-05 0.00369807 0.0409418 31.6604 13.3207 2.46467 -15.7854 14.139 4.98715 17.2388 -0.280826 0 0 0 0.548454 0.585589 -0.00370386 0.000762886 0.00211763 0.40632 0.36407 0.446733 0.124079 0.11569 0.130184 0.153494 0.14266 0.16135 0 0 0 0 0 0 0.5055 0.582141 -0.00232451 0.354694 6.27426 0 1.57786 0 1.77308 0 0.192469 0.524323 0.48142 1.00335 1 1 1.00425 1.00355 0.0022035 0.00278639 0
860 19.5455 195.455 0.189031 0.243739 0.190056 0.975371 0.968306 1.37057 0.510823 0.509117 0.469357 0.469357 0.467923 0.466223 0.13252 0.350214 1 2e-05 0.00372219 0.041102 31.4964 13.1532 2.43348 -15.5867 13.961 4.92477 17.0211 -0.274076 0 0 0 0.548887 0.586036 -0.00367188 0.000777477 0.00207556 0.402193 0.360137 0.442742 0.125161 0.116665 0.131361 0.154813 0.14385 0.162803 0 0 0 0 0 0 0.5055 0.582141 -0.00162016 0.355203 6.19321 0 1.55424 0 1.74741 0 0.189031 0.510864 0.469357 1.00335 1 1 1.00426 1.00357 0.00216839 0.00274131 0
870 19.7727 197.727 0.185698 0.239018 0.186699 0.945289 0.938395 1.32946 0.497868 0.496206 0.457766 0.457766 0.456374 0.454728 0.129315 0.350609 1 2e-05 0.00374618 0.0412593 31.3339 12.99 2.40242 -15.3924 13.7873 4.86486 16.8094 -0.261123 0 0 0 0.549153 0.586191 -0.00364204 0.000800921 0.00205037 0.398142 0.35629 0.438836 0.12623 0.117627 0.132525 0.156117 0.145024 0.164241 0 0 0 0 0 0 0.5055 0.582141 -0.00105648 0.354458 6.11418 0 1.53096 0 1.7221 0 0.185698 0.497908 0.457766 1.00335 1 1 1.00426 1.00358 0.00213689 0.00270132 0
880 20 200 0.18247 0.234421 0.183446 0.915976 0.909172 1.29453 0.485376 0.483755 0.44653 0.44653 0.445181 0.443588 0.126195 0.350433 1 2e-05 0.00377005 0.0414181 31.1768 12.8293 2.37209 -15.2014 13.6165 4.80709 16.6016 -0.250798 0 0 0 0.549258 0.586219 -0.0036099 0.000826061 0.00202001 0.394157 0.352519 0.434987 0.127286 0.118577 0.133676 0.157404 0.146185 0.165663 0 0 0 0 0 0 0.5055 0.582141 -0.00151534 0.354063 6.03698 0 1.50908 0 1.6983 0 0.18247 0.485413 0.44653 1.00335 1 1 1.00426 1.00359 0.00210357 0.00265969 0
890 20.2273 202.273 0.179342 0.229948 0.180292 0.888085 0.88082 1.25978 0.47322 0.47164 0.435669 0.435669 0.434358 0.432814 0.123196 0.350949 1 2e-05 0.00379403 0.0415807 31.0269 12.6718 2.34299 -15.0148 13.4491 4.75068 16.3985 -0.242662 0 0 0 0.549402 0.58648 -0.0035847 0.000864398 0.00198571 0.390231 0.348829 0.4312 0.12833 0.119515 0.134815 0.158677 0.14733 0.167071 0 0 0 0 0 0 0.5055 0.582141 -0.00137172 0.353216 5.96091 0 1.48681 0 1.67286 0 0.179342 0.473255 0.435669 1.00335 1 1 1.00426 1.0036 0.00207342 0.00262144 0
900 20.4545 204.545 0.176308 0.225597 0.177233 0.861589 0.854362 1.22521 0.461552 0.460011 0.425183 0.425183 0.423911 0.422417 0.120286 0.350684 1 2e-05 0.00381779 0.0417412 30.8792 12.5186 2.31369 -14.8323 13.2862 4.69341 16.1999 -0.231427 0 0 0 0.549442 0.586761 -0.00354704 0.000899974 0.00196221 0.386378 0.345207 0.427479 0.129362 0.120442 0.135941 0.159935 0.148462 0.168463 0 0 0 0 0 0 0.5055 0.582141 -0.00193855 0.352559 5.88696 0 1.46457 0 1.64763 0 0.176308 0.461585 0.425183 1.00335 1 1 1.00426 1.00362 0.00204189 0.00258207 0
910 20.6818 206.818 0.173356 0.22136 0.174258 0.837716 0.831244 1.19305 0.450124 0.44862 0.415002 0.415002 0.413769 0.412323 0.117481 0.351325 1 2e-05 0.0038418 0.041907 30.7379 12.368 2.28495 -14.6529 13.1258 4.63903 16.0045 -0.228369 0 0 0 0.549318 0.586829 -0.00351123 0.000928716 0.00195045 0.382583 0.341642 0.42383 0.130382 0.121357 0.137055 0.161177 0.149581 0.169841 0 0 0 0 0 0 0.5055 0.582141 -0.00297306 0.352288 5.81362 0 1.44708 0 1.62882 0 0.173356 0.450156 0.415002 1.00335 1 1 1.00426 1.00363 0.00201126 0.0025436 0
920 20.9091 209.091 0.170485 0.21724 0.171363 0.815247 0.808579 1.16021 0.439072 0.437605 0.405156 0.405156 0.403959 0.40256 0.114769 0.351029 1 2e-05 0.00386575 0.0420735 30.6002 12.2198 2.25705 -14.4769 12.9682 4.58546 15.8138 -0.219463 0 0 0 0.549135 0.58659 -0.00347291 0.00094799 0.00192947 0.37886 0.338133 0.420251 0.13139 0.122262 0.138156 0.162405 0.150686 0.171204 0 0 0 0 0 0 0.5055 0.582141 -0.00378007 0.352262 5.7418 0 1.42573 0 1.60534 0 0.170485 0.439103 0.405156 1.00335 1 1 1.00426 1.00364 0.00198163 0.00250604 0
930 21.1364 211.364 0.167692 0.213242 0.168549 0.792484 0.786324 1.12576 0.428533 0.427101 0.395657 0.395657 0.394497 0.393144 0.112128 0.351276 1 2e-05 0.0038893 0.0422318 30.4594 12.0759 2.22916 -14.305 12.8159 4.53238 15.6265 -0.214103 0 0 0 0.549046 0.586378 -0.00343139 0.000961378 0.00190766 0.375216 0.334698 0.416744 0.132387 0.123155 0.139247 0.163619 0.151777 0.172554 0 0 0 0 0 0 0.5055 0.582141 -0.00303272 0.352783 5.67247 0 1.40331 0 1.58053 0 0.167692 0.428562 0.395657 1.00335 1 1 1.00426 1.00365 0.0019506 0.00246756 0
940 21.3636 213.636 0.16497 0.209372 0.165805 0.772484 0.766606 1.08979 0.41825 0.416853 0.386479 0.386479 0.385351 0.38404 0.109594 0.351453 1 2e-05 0.00391299 0.0423944 30.3241 11.9343 2.20371 -14.138 12.6658 4.47949 15.4446 -0.207946 0 0 0 0.548982 0.586211 -0.00340347 0.000990587 0.00189458 0.371646 0.33135 0.413318 0.133372 0.124037 0.140325 0.164819 0.152856 0.173889 0 0 0 0 0 0 0.5055 0.582141 -0.00172861 0.352216 5.604 0 1.38059 0 1.55646 0 0.16497 0.418279 0.386479 1.00335 1 1 1.00426 1.00366 0.00192418 0.00243276 0
950 21.5909 215.909 0.16232 0.205607 0.163135 0.752006 0.746137 1.06032 0.408321 0.406956 0.377567 0.377567 0.376473 0.375204 0.107124 0.350974 1 2e-05 0.00393657 0.0425552 30.1904 11.795 2.17858 -13.9736 12.5184 4.42786 15.2659 -0.203227 0 0 0 0.549187 0.586414 -0.00337286 0.00102459 0.00187614 0.368135 0.328057 0.409962 0.134346 0.12491 0.141393 0.166004 0.153922 0.175212 0 0 0 0 0 0 0.5055 0.582141 -0.00152579 0.351568 5.53708 0 1.36224 0 1.53777 0 0.16232 0.408348 0.377567 1.00335 1 1 1.00426 1.00367 0.00189386 0.00239527 0
960 21.8182 218.182 0.15974 0.201941 0.160533 0.732621 0.726783 1.03222 0.398659 0.397327 0.368926 0.368926 0.367864 0.366632 0.104735 0.351329 1 2e-05 0.0039602 0.042719 30.0616 11.6596 2.15208 -13.8117 12.3748 4.37637 15.09 -0.196613 0 0 0 0.549341 0.586595 -0.00334705 0.00105765 0.0018593 0.364684 0.324814 0.406675 0.13531 0.125772 0.14245 0.167177 0.154975 0.17652 0 0 0 0 0 0 0.5055 0.582141 -0.00162251 0.351487 5.47118 0 1.34319 0 1.51512 0 0.15974 0.398685 0.368926 1.00335 1 1 1.00426 1.00368 0.00186645 0.00236031 0
970 22.0455 220.455 0.157228 0.198385 0.158003 0.71259 0.707157 1.00152 0.38946 0.388158 0.360565 0.360565 0.359536 0.358344 0.102395 0.351321 1 2e-05 0.00398339 0.0428736 29.9289 11.5262 2.1272 -13.6534 12.233 4.32668 14.9186 -0.189464 0 0 0 0.549135 0.586347 -0.00332531 0.00109295 0.0018381 0.361323 0.321624 0.403453 0.136262 0.126625 0.143496 0.168336 0.156016 0.177816 0 0 0 0 0 0 0.5055 0.582141 -0.00189946 0.352129 5.40768 0 1.32362 0 1.49294 0 0.157228 0.389484 0.360565 1.00335 1 1 1.00426 1.00369 0.00183706 0.00232387 0
980 22.2727 222.727 0.154792 0.194932 0.155548 0.691217 0.686142 0.972326 0.380505 0.379233 0.352506 0.352506 0.351505 0.350347 0.100156 0.351369 1 2e-05 0.00400662 0.0430321 29.8025 11.3959 2.10323 -13.4991 12.0951 4.27806 14.7513 -0.181469 0 0 0 0.548844 0.586016 -0.00330347 0.0011323 0.0018245 0.358024 0.318486 0.400312 0.137204 0.127467 0.14453 0.169482 0.157045 0.179099 0 0 0 0 0 0 0.5055 0.582141 -0.00310809 0.351718 5.34515 0 1.30244 0 1.46852 0 0.154792 0.380528 0.352506 1.00335 1 1 1.00426 1.0037 0.00181207 0.00229173 0
990 22.5 225 0.152432 0.191567 0.15317 0.6696 0.664525 0.947715 0.371862 0.370619 0.344727 0.344727 0.343755 0.342633 0.0979952 0.351235 1 2e-05 0.0040297 0.0431897 29.6794 11.269 2.08035 -13.3494 11.9608 4.23003 14.5879 -0.171151 0 0 0 0.548822 0.586011 -0.0032803 0.00117405 0.00181013 0.354773 0.315411 0.397222 0.138136 0.1283 0.145554 0.170615 0.158062 0.180369 0 0 0 0 0 0 0.5055 0.582141 -0.00207322 0.350898 5.2841 0 1.28236 0 1.44589 0 0.152432 0.371885 0.344727 1.00335 1 1 1.00426 1.00371 0.00178651 0.00225898 0
1000 22.7273 227.273 0.150141 0.188303 0.150862 0.649962 0.645139 0.918927 0.363467 0.362252 0.337214 0.337214 0.336268 0.335179 0.0959172 0.351615 1 2e-05 0.00405277 0.0433505 29.5621 11.1439 2.05902 -13.203 11.8288 4.18397 14.4288 -0.165687 0 0 0 0.548696 0.585911 -0.00325703 0.00123487 0.00178656 0.351579 0.312404 0.394212 0.139058 0.129123 0.146569 0.171736 0.159068 0.181628 0 0 0 0 0 0 0.5055 0.582141 -0.00159842 0.351385 5.22411 0 1.26228 0 1.42294 0 0.150141 0.363488 0.337214 1.00335 1 1 1.00426 1.00372 0.0017625 0.00222854 0
1010 22.9545 229.545 0.147908 0.185137 0.148612 0.633647 0.628929 0.891632 0.355422 0.354233 0.329923 0.329923 0.329004 0.327948 0.0938812 0.352059 1 2e-05 0.00407551 0.0435053 29.443 11.0219 2.03712 -13.059 11.6993 4.13993 14.2723 -0.159691 0 0 0 0.548484 0.585727 -0.0032366 0.00129656 0.00175819 0.348458 0.309462 0.39126 0.13997 0.129936 0.147573 0.172844 0.160062 0.182874 0 0 0 0 0 0 0.5055 0.582141 -0.000913354 0.351529 5.16597 0 1.24494 0 1.40331 0 0.147908 0.355442 0.329923 1.00336 1 1 1.00426 1.00373 0.0017371 0.00219636 0
1020 23.1818 231.818 0.145733 0.18205 0.146421 0.617025 0.612451 0.869367 0.347622 0.346459 0.322852 0.322852 0.321958 0.320934 0.0919061 0.35247 1 2e-05 0.00409819 0.0436605 29.3269 10.9028 2.01481 -12.9176 11.5731 4.09496 14.1187 -0.158205 0 0 0 0.548454 0.585615 -0.00322244 0.0013497 0.00173367 0.345392 0.306573 0.388351 0.140872 0.130741 0.148568 0.173941 0.161044 0.184108 0 0 0 0 0 0 0.5055 0.582141 -0.00155874 0.352055 5.10897 0 1.23054 0 1.38844 0 0.145733 0.347642 0.322852 1.00336 1 1 1.00426 1.00374 0.00171397 0.00216709 0
1030 23.4091 234.091 0.143603 0.179043 0.144275 0.604422 0.599736 0.84666 0.340014 0.338877 0.315973 0.315973 0.315102 0.314108 0.0899877 0.352944 1 2e-05 0.00412092 0.0438166 29.2127 10.7847 1.99441 -12.7791 11.448 4.05238 13.9681 -0.152168 0 0 0 0.548575 0.585643 -0.00321756 0.00139445 0.00171876 0.342392 0.303733 0.385487 0.141764 0.131537 0.149552 0.175025 0.162016 0.185331 0 0 0 0 0 0 0.5055 0.582141 -0.00140613 0.352991 5.05275 0 1.21217 0 1.36879 0 0.143603 0.340034 0.315973 1.00336 1 1 1.00426 1.00374 0.00169085 0.00213801 0
1040 23.6364 236.364 0.141532 0.176116 0.142187 0.587947 0.583173 0.824224 0.332664 0.331551 0.309307 0.309307 0.308459 0.307492 0.0881248 0.352849 1 2e-05 0.0041435 0.043972 29.1013 10.6696 1.97383 -12.6435 11.3262 4.00938 13.8203 -0.145787 0 0 0 0.548709 0.585639 -0.00320871 0.00144219 0.00170945 0.33945 0.300947 0.382671 0.142647 0.132323 0.150528 0.176098 0.162977 0.186542 0 0 0 0 0 0 0.5055 0.582141 -0.00100486 0.353512 4.99784 0 1.19405 0 1.34921 0 0.141532 0.332683 0.309307 1.00336 1 1 1.00426 1.00375 0.00166942 0.00210997 0
1050 23.8636 238.636 0.13952 0.173265 0.140158 0.571184 0.566671 0.803044 0.325544 0.324455 0.302833 0.302833 0.302008 0.301069 0.0863116 0.353215 1 2e-05 0.00416597 0.044128 28.9934 10.5565 1.95373 -12.5103 11.2064 3.96722 13.6754 -0.141299 0 0 0 0.549199 0.585974 -0.00319487 0.00148141 0.00168309 0.336559 0.298211 0.379905 0.143519 0.133101 0.151494 0.177159 0.163927 0.187742 0 0 0 0 0 0 0.5055 0.582141 -0.0011294 0.351963 4.94407 0 1.17827 0 1.33185 0 0.13952 0.325562 0.302833 1.00336 1 1 1.00426 1.00376 0.00164475 0.00208084 0
1060 24.0909 240.909 0.137553 0.170477 0.138176 0.55811 0.553865 0.784975 0.318555 0.31749 0.29653 0.29653 0.295726 0.294812 0.0845574 0.353794 1 2e-05 0.00418863 0.044288 28.8899 10.4448 1.93511 -12.3799 11.0881 3.92619 13.5331 -0.136312 0 0 0 0.549689 0.586349 -0.00317581 0.001526 0.00165785 0.333707 0.295518 0.377178 0.144383 0.13387 0.152452 0.17821 0.164867 0.188931 0 0 0 0 0 0 0.5055 0.582141 -0.00165272 0.351893 4.89071 0 1.16396 0 1.31584 0 0.137553 0.318573 0.29653 1.00336 1 1 1.00426 1.00377 0.0016251 0.00205474 0
1070 24.3182 243.182 0.135644 0.167752 0.136252 0.541832 0.537567 0.76742 0.311838 0.310795 0.290425 0.290425 0.289642 0.288752 0.082848 0.354038 1 2e-05 0.00421101 0.0444466 28.789 10.3367 1.91464 -12.2513 10.9734 3.88595 13.393 -0.128452 0 0 0 0.550118 0.586654 -0.00315841 0.00156738 0.00163158 0.330897 0.292863 0.374489 0.145237 0.134631 0.1534 0.179249 0.165797 0.190109 0 0 0 0 0 0 0.5055 0.582141 -0.00152163 0.351297 4.83887 0 1.14792 0 1.29697 0 0.135644 0.311855 0.290425 1.00336 1 1 1.00426 1.00378 0.00160325 0.00202777 0
1080 24.5455 245.455 0.13379 0.165095 0.134383 0.526457 0.521916 0.748234 0.305318 0.304296 0.284502 0.284502 0.283739 0.282872 0.0811904 0.354133 1 2e-05 0.00423332 0.0446068 28.6924 10.2302 1.89462 -12.1248 10.8607 3.84601 13.2559 -0.123291 0 0 0 0.550663 0.586929 -0.00313917 0.00160191 0.00160743 0.328132 0.290255 0.371848 0.146084 0.135384 0.154339 0.180277 0.166717 0.191277 0 0 0 0 0 0 0.5055 0.582141 -0.00152314 0.349656 4.78801 0 1.13032 0 1.27797 0 0.13379 0.305334 0.284502 1.00336 1 1 1.00426 1.00378 0.00158257 0.0020017 0
1090 24.7727 247.727 0.131987 0.162508 0.132563 0.512348 0.50777 0.728286 0.298925 0.297925 0.278738 0.278738 0.277993 0.277149 0.0795868 0.354312 1 2e-05 0.00425577 0.0447721 28.6015 10.1256 1.87488 -12.0005 10.75 3.80696 13.121 -0.121309 0 0 0 0.551198 0.587035 -0.00311631 0.00163995 0.00158591 0.325418 0.287687 0.369264 0.146921 0.136129 0.155269 0.181294 0.167626 0.192433 0 0 0 0 0 0 0.5055 0.582141 -0.00158421 0.3487 4.73762 0 1.11432 0 1.26115 0 0.131987 0.29894 0.278738 1.00336 1 1 1.00427 1.00379 0.00156303 0.00197743 0
1100 25 250 0.130219 0.159992 0.13078 0.502217 0.497857 0.708691 0.292747 0.291768 0.27312 0.27312 0.272393 0.27157 0.0780129 0.354412 1 2e-05 0.00427805 0.044933 28.5087 10.0224 1.85568 -11.8781 10.6409 3.76896 12.9881 -0.117016 0 0 0 0.551516 0.587084 -0.00309202 0.00167425 0.0015778 0.322755 0.285165 0.366734 0.147749 0.136866 0.156192 0.182302 0.168526 0.19358 0 0 0 0 0 0 0.5055 0.582141 -0.00177992 0.349029 4.68841 0 1.10063 0 1.24477 0 0.130219 0.292762 0.27312 1.00336 1 1 1.00427 1.0038 0.00154385 0.00195301 0
1110 25.2273 252.273 0.128497 0.157532 0.129043 0.489153 0.485014 0.692823 0.286832 0.285872 0.26766 0.26766 0.266953 0.266153 0.0764664 0.354571 1 2e-05 0.00429994 0.0450876 28.4141 9.92147 1.83625 -11.7577 10.534 3.73095 12.8577 -0.113214 0 0 0 0.55183 0.587316 -0.00306542 0.00170702 0.0015711 0.320134 0.282682 0.364237 0.14857 0.137596 0.157105 0.183298 0.169417 0.194716 0 0 0 0 0 0 0.5055 0.582141 -0.00196615 0.348558 4.6408 0 1.0868 0 1.22948 0 0.128497 0.286846 0.26766 1.00336 1 1 1.00427 1.00381 0.00152242 0.00192691 0
1120 25.4545 254.545 0.126814 0.155129 0.127346 0.477727 0.474031 0.67656 0.281008 0.280068 0.26234 0.26234 0.26165 0.260871 0.0749715 0.355147 1 2e-05 0.00432204 0.0452476 28.3246 9.82196 1.81779 -11.6397 10.4289 3.69403 12.7291 -0.110466 0 0 0 0.551811 0.587262 -0.00303427 0.00172994 0.00157514 0.317544 0.280241 0.361786 0.149382 0.138317 0.15801 0.184285 0.170297 0.195842 0 0 0 0 0 0 0.5055 0.582141 -0.00205201 0.348786 4.59345 0 1.07451 0 1.21668 0 0.126814 0.281022 0.26234 1.00336 1 1 1.00427 1.00381 0.00150495 0.00190464 0
1130 25.6818 256.818 0.125171 0.152785 0.125692 0.465997 0.462508 0.66009 0.275342 0.274421 0.257168 0.257168 0.256494 0.255735 0.0735185 0.355259 1 2e-05 0.00434411 0.0454089 28.238 9.72373 1.80015 -11.5239 10.3254 3.6584 12.6029 -0.105257 0 0 0 0.55169 0.587285 -0.0029927 0.00174693 0.00157586 0.314996 0.277843 0.359376 0.150186 0.139031 0.158907 0.185262 0.171169 0.196958 0 0 0 0 0 0 0.5055 0.582141 -0.00188338 0.349365 4.5469 0 1.05869 0 1.19819 0 0.125171 0.275355 0.257168 1.00336 1 1 1.00427 1.00382 0.00148571 0.00188136 0
1140 25.9091 259.091 0.12357 0.150492 0.124078 0.45448 0.450906 0.645612 0.26989 0.268987 0.252144 0.252144 0.251487 0.250749 0.072097 0.355683 1 2e-05 0.00436589 0.0455653 28.1505 9.62748 1.78273 -11.4102 10.2239 3.62264 12.4793 -0.101049 0 0 0 0.55124 0.587043 -0.00295322 0.00177398 0.00157519 0.312494 0.275481 0.356991 0.150982 0.139738 0.159796 0.186228 0.172032 0.198065 0 0 0 0 0 0 0.5055 0.582141 -0.00228482 0.349831 4.50166 0 1.0449 0 1.18378 0 0.12357 0.269903 0.252144 1.00336 1 1 1.00427 1.00383 0.00146738 0.00185778 0
1150 26.1364 261.364 0.122009 0.148249 0.122505 0.442993 0.43948 0.631782 0.264549 0.263664 0.247252 0.247252 0.246611 0.245891 0.0707193 0.356466 1 2e-05 0.00438776 0.0457265 28.0683 9.53238 1.76669 -11.2991 10.1234 3.58768 12.3582 -0.0987854 0 0 0 0.550649 0.586709 -0.00291012 0.0017985 0.00157309 0.310036 0.273146 0.354635 0.15177 0.140437 0.160677 0.187186 0.172885 0.199162 0 0 0 0 0 0 0.5055 0.582141 -0.00238433 0.349298 4.45689 0 1.03109 0 1.1691 0 0.122009 0.264561 0.247252 1.00336 1 1 1.00427 1.00383 0.00145013 0.00183628 0
1160 26.3636 263.636 0.120483 0.146062 0.120966 0.433354 0.429818 0.615882 0.259399 0.258531 0.242485 0.242485 0.241859 0.241158 0.0693656 0.356795 1 2e-05 0.00440937 0.045884 27.9857 9.43924 1.74987 -11.1891 10.0253 3.55298 12.2384 -0.095842 0 0 0 0.550174 0.586541 -0.0028736 0.00182665 0.00158444 0.307622 0.270845 0.352327 0.15255 0.141129 0.161549 0.188133 0.17373 0.200249 0 0 0 0 0 0 0.5055 0.582141 -0.00356219 0.348835 4.4133 0 1.01968 0 1.15599 0 0.120483 0.259411 0.242485 1.00336 1 1 1.00427 1.00384 0.00143207 0.00181369 0
1170 26.5909 265.909 0.118991 0.143935 0.119462 0.423503 0.420115 0.598771 0.25431 0.253459 0.237856 0.237856 0.237244 0.236559 0.0680692 0.356824 1 2e-05 0.00443127 0.0460486 27.9092 9.3474 1.73398 -11.0814 9.92857 3.51992 12.1213 -0.0936601 0 0 0 0.549837 0.586489 -0.00284654 0.00184858 0.00160479 0.30526 0.268588 0.350068 0.153323 0.141813 0.162414 0.189072 0.174566 0.201327 0 0 0 0 0 0 0.5055 0.582141 -0.00305837 0.349378 4.36979 0 1.00552 0 1.13938 0 0.118991 0.254322 0.237856 1.00336 1 1 1.00427 1.00385 0.00141624 0.00179403 0
1180 26.8182 268.182 0.117533 0.14186 0.117992 0.413779 0.410558 0.584281 0.24945 0.248615 0.23336 0.23336 0.232763 0.232096 0.0667931 0.357761 1 2e-05 0.0044527 0.0462052 27.8297 9.25752 1.71795 -10.9755 9.83357 3.48687 12.0067 -0.0901164 0 0 0 0.549669 0.58645 -0.00281984 0.00186443 0.00162245 0.302943 0.266374 0.347838 0.154087 0.142491 0.163272 0.190001 0.175393 0.202396 0 0 0 0 0 0 0.5055 0.582141 -0.00313937 0.348552 4.32784 0 0.992522 0 1.12593 0 0.117533 0.249461 0.23336 1.00336 1 1 1.00427 1.00385 0.00139836 0.00177134 0
1190 27.0455 270.455 0.116108 0.139831 0.116556 0.404595 0.401369 0.571395 0.24467 0.243851 0.228954 0.228954 0.228371 0.227721 0.0655463 0.358176 1 2e-05 0.00447429 0.0463663 27.7543 9.16909 1.7017 -10.8708 9.74016 3.45334 11.8931 -0.0872766 0 0 0 0.549602 0.58639 -0.00279406 0.0018861 0.00164103 0.30066 0.264199 0.345637 0.154844 0.143161 0.164122 0.190921 0.176212 0.203456 0 0 0 0 0 0 0.5055 0.582141 -0.00312724 0.347967 4.28617 0 0.980779 0 1.11285 0 0.116108 0.244681 0.228954 1.00336 1 1 1.00427 1.00386 0.00138244 0.00175092 0
1200 27.2727 272.727 0.114718 0.137845 0.115154 0.394727 0.391489 0.559437 0.240022 0.239219 0.224671 0.224671 0.224101 0.223467 0.064334 0.358017 1 2e-05 0.00449579 0.0465268 27.6807 9.08221 1.68578 -10.768 9.64874 3.42049 11.7813 -0.0845728 0 0 0 0.549594 0.586415 -0.00277453 0.00190548 0.00166487 0.298404 0.262053 0.343471 0.155594 0.143824 0.164965 0.191833 0.177023 0.204508 0 0 0 0 0 0 0.5055 0.582141 -0.00309943 0.347203 4.24527 0 0.970774 0 1.10119 0 0.114718 0.240033 0.224671 1.00336 1 1 1.00427 1.00387 0.0013665 0.00173128 0
1210 27.5 275 0.113357 0.135901 0.113782 0.386285 0.383175 0.547457 0.235507 0.234719 0.220491 0.220491 0.219934 0.219315 0.0631467 0.358561 1 2e-05 0.00451719 0.0466879 27.609 8.99674 1.66979 -10.6665 9.55856 3.38747 11.6715 -0.0814006 0 0 0 0.549593 0.58651 -0.00275485 0.00191866 0.00169199 0.296185 0.259936 0.341335 0.156336 0.144481 0.165801 0.192736 0.177825 0.20555 0 0 0 0 0 0 0.5055 0.582141 -0.00286899 0.347668 4.20515 0 0.957122 0 1.08619 0 0.113357 0.235517 0.220491 1.00336 1 1 1.00427 1.00387 0.00135032 0.00171034 0
1220 27.7273 277.273 0.112025 0.133999 0.11244 0.377801 0.374981 0.535404 0.231111 0.230337 0.21641 0.21641 0.215866 0.215261 0.0619855 0.358639 1 2e-05 0.00453852 0.0468473 27.5376 8.91277 1.65369 -10.5665 9.47017 3.35523 11.5628 -0.0800672 0 0 0 0.549658 0.586629 -0.00274152 0.00192586 0.00173031 0.294002 0.25785 0.339227 0.157071 0.145131 0.166629 0.19363 0.17862 0.206584 0 0 0 0 0 0 0.5055 0.582141 -0.00238629 0.347279 4.16571 0 0.948041 0 1.07651 0 0.112025 0.23112 0.21641 1.00336 1 1 1.00427 1.00388 0.00133494 0.00169102 0
1230 27.9545 279.545 0.110721 0.132135 0.111126 0.370151 0.36737 0.524986 0.226802 0.226043 0.21242 0.21242 0.211888 0.211298 0.0608521 0.358946 1 2e-05 0.00455992 0.0470101 27.4695 8.8294 1.63831 -10.4677 9.38231 3.32337 11.4561 -0.0781683 0 0 0 0.54945 0.586456 -0.00273557 0.00192921 0.00176891 0.291837 0.255786 0.337157 0.1578 0.145774 0.16745 0.194515 0.179406 0.207609 0 0 0 0 0 0 0.5055 0.582141 -0.00327752 0.346399 4.1267 0 0.936858 0 1.06458 0 0.110721 0.226811 0.21242 1.00336 1 1 1.00427 1.00388 0.00131941 0.00167165 0
1240 28.1818 281.818 0.109444 0.130315 0.10984 0.36224 0.359391 0.512526 0.22258 0.221835 0.208529 0.208529 0.208009 0.207433 0.059751 0.358737 1 2e-05 0.00458139 0.0471754 27.4046 8.74749 1.62293 -10.3704 9.29594 3.29252 11.3508 -0.0757976 0 0 0 0.549109 0.586189 -0.00273733 0.00193358 0.00181446 0.289705 0.253754 0.335127 0.158522 0.146411 0.168264 0.195393 0.180185 0.208627 0 0 0 0 0 0 0.5055 0.582141 -0.00280287 0.346367 4.08811 0 0.926058 0 1.05288 0 0.109444 0.222589 0.208529 1.00336 1 1 1.00427 1.00389 0.00130491 0.00165323 0
1250 28.4091 284.091 0.108196 0.128535 0.108582 0.354265 0.351551 0.501285 0.218491 0.21776 0.204741 0.204741 0.204234 0.203671 0.0586753 0.358443 1 2e-05 0.00460268 0.0473385 27.3398 8.66752 1.60768 -10.2752 9.21164 3.26191 11.247 -0.0738386 0 0 0 0.548828 0.586049 -0.00273748 0.00195031 0.00185908 0.287605 0.251762 0.33312 0.159237 0.147041 0.169071 0.196262 0.180955 0.209635 0 0 0 0 0 0 0.5055 0.582141 -0.00278478 0.347458 4.05039 0 0.915141 0 1.04089 0 0.108196 0.2185 0.204741 1.00336 1 1 1.00427 1.00389 0.00128997 0.00163437 0
1260 28.6364 286.364 0.106977 0.126793 0.107353 0.346064 0.343271 0.490603 0.214501 0.213783 0.20105 0.20105 0.200554 0.200006 0.0576277 0.358606 1 2e-05 0.00462394 0.0475033 27.2776 8.58835 1.59284 -10.1812 9.12847 3.23239 11.145 -0.0708547 0 0 0 0.548556 0.585888 -0.00273599 0.00197059 0.0019021 0.285544 0.249807 0.331129 0.159946 0.147664 0.169871 0.197123 0.181719 0.210636 0 0 0 0 0 0 0.5055 0.582141 -0.00266447 0.346774 4.01323 0 0.904601 0 1.02885 0 0.106977 0.214509 0.20105 1.00336 1 1 1.00427 1.0039 0.00127462 0.0016156 0
1270 28.8636 288.636 0.105784 0.125081 0.10615 0.338783 0.335935 0.481925 0.210569 0.209864 0.197437 0.197437 0.196951 0.196414 0.0566072 0.358724 1 2e-05 0.00464537 0.0476712 27.2183 8.51036 1.57825 -10.0886 9.04608 3.20265 11.0445 -0.0690016 0 0 0 0.548196 0.585563 -0.00273763 0.00199073 0.00194762 0.2835 0.247878 0.32916 0.160649 0.148281 0.170665 0.197976 0.182474 0.211629 0 0 0 0 0 0 0.5055 0.582141 -0.00258099 0.345771 3.97628 0 0.896731 0 1.02013 0 0.105784 0.210577 0.197437 1.00336 1 1 1.00427 1.0039 0.00126151 0.00159843 0
1280 29.0909 290.909 0.104617 0.12341 0.104973 0.331444 0.328627 0.47076 0.206723 0.206031 0.193916 0.193916 0.193441 0.192917 0.0556162 0.358739 1 2e-05 0.00466683 0.0478414 27.1618 8.43377 1.5637 -9.99747 8.96518 3.17402 10.9455 -0.0662916 0 0 0 0.547822 0.585254 -0.00274527 0.00200744 0.0019924 0.281493 0.245983 0.32722 0.161345 0.148893 0.171452 0.198821 0.183223 0.212613 0 0 0 0 0 0 0.5055 0.582141 -0.00218788 0.345319 3.93979 0 0.884392 0 1.00519 0 0.104617 0.20673 0.193916 1.00336 1 1 1.00427 1.00391 0.00124658 0.00158081 0
1290 29.3182 293.182 0.103475 0.121776 0.103821 0.324228 0.32149 0.459972 0.202965 0.202286 0.190486 0.190486 0.190021 0.189509 0.0546524 0.358389 1 2e-05 0.00468828 0.0480139 27.1083 8.35868 1.54911 -9.90779 8.88623 3.14578 10.8477 -0.0641283 0 0 0 0.547562 0.585086 -0.00274843 0.00202335 0.00203206 0.279515 0.244121 0.325313 0.162034 0.149498 0.172234 0.199658 0.183964 0.21359 0 0 0 0 0 0 0.5055 0.582141 -0.0017232 0.34563 3.90382 0 0.874443 0 0.995498 0 0.103475 0.202973 0.190486 1.00336 1 1 1.00427 1.00391 0.00123388 0.00156381 0
1300 29.5455 295.455 0.102359 0.120174 0.102695 0.317091 0.314283 0.451172 0.19932 0.198653 0.18713 0.18713 0.186676 0.186176 0.0537035 0.357955 1 2e-05 0.00470957 0.0481842 27.0551 8.2843 1.53502 -9.81932 8.80775 3.11772 10.7517 -0.0620666 0 0 0 0.547404 0.584974 -0.00275712 0.00203647 0.00206773 0.277561 0.242292 0.323422 0.162717 0.150098 0.173008 0.200488 0.184698 0.21456 0 0 0 0 0 0 0.5055 0.582141 -0.0019978 0.345429 3.86861 0 0.864343 0 0.984713 0 0.102359 0.199327 0.18713 1.00336 1 1 1.00427 1.00392 0.00121869 0.00154549 0
