160 3.63636 36.3636 1.14383 1.15357 1.14241 0 0 0 4.42267 4.4157 4.01256 4.01256 3.99748 3.96568 1.12245 0.350139 1 1e-06 0.00216706 0.0344864 65.3871 38.0594 7.84783 -45.9072 40.4569 14.5346 50.0858 0.157476 0 0 0 0.559828 0.595649 -0.00456711 0.00862565 0.0363789 0.887499 0.832653 0.90894 0.00253128 0.00236095 0.00261018 0.00315303 0.00295827 0.00322901 0 0 0 0 0 0 0.515205 0.591014 0.0113626 0.388964 18.2392 0 0.94749 0 1.19856 0 1.14383 4.42464 4.01256 1.00158 1 1.00003 1.00201 1.00191 0.00664401 0.00843343 0
170 3.86364 38.6364 1.11875 1.15133 1.1174 7.04238 7.06243 0.63103 4.34447 4.33715 3.94055 3.94055 3.92544 3.89409 1.10203 0.349879 1 1e-06 0.00217692 0.0344134 64.5214 37.7559 7.6964 -45.4523 40.1449 14.3605 49.5999 0.0645104 0 0 0 0.560092 0.596756 -0.00446748 0.00842394 0.0362113 0.886435 0.831875 0.908225 0.00505991 0.00471976 0.00521795 0.00630272 0.00591363 0.00645547 0 0 0 0 0 0 0.515205 0.591014 0.0101735 0.390514 18.0763 0 0.939451 0 1.15593 0 1.11875 4.34636 3.94055 1.00169 1 1.00003 1.00215 1.00192 0.00666689 0.00846188 0
180 4.09091 40.9091 1.09419 1.14932 1.09292 6.89273 6.91443 0.565604 4.26446 4.25682 3.86679 3.86679 3.85178 3.82115 1.08111 0.34943 1 1e-06 0.00218724 0.0343528 63.6891 37.4323 7.55605 -44.9884 39.8099 14.1875 49.106 0.0657131 0 0 0 0.560564 0.598255 -0.00448671 0.0083206 0.0363774 0.885572 0.831164 0.907505 0.00758578 0.00707654 0.00782348 0.00944894 0.00886641 0.00967948 0 0 0 0 0 0 0.515205 0.591014 0.0156734 0.391105 17.9081 0 0.922368 0 1.15048 0 1.09419 4.26628 3.86679 1.0018 1 1.00003 1.00228 1.00192 0.00667154 0.00846056 0
190 4.31818 43.1818 1.06999 1.14722 1.0688 6.79213 6.81459 0.590645 4.18504 4.17711 3.79312 3.79312 3.77817 3.7482 1.06011 0.348933 1 1e-06 0.00219771 0.0342927 62.8635 37.0888 7.43669 -44.5255 39.452 14.0448 48.6151 0.113046 0 0 0 0.56066 0.599443 -0.00436578 0.00834099 0.0364288 0.884704 0.830463 0.906683 0.0101093 0.00943154 0.010427 0.0125923 0.0118167 0.0129007 0 0 0 0 0 0 0.515205 0.591014 0.0110519 0.385921 17.7396 0 0.932478 0 1.18146 0 1.06999 4.18678 3.79312 1.0019 1 1.00003 1.00241 1.00193 0.0066703 0.00846025 0
200 4.54545 45.4545 1.04646 1.14473 1.04532 6.61177 6.6262 0.702533 4.10765 4.09946 3.72024 3.72024 3.7054 3.67606 1.03912 0.348427 1 1e-06 0.00220815 0.0342331 62.0537 36.743 7.32348 -44.0665 39.0931 13.8946 48.1285 0.236919 0 0 0 0.559462 0.59882 -0.00423419 0.00834413 0.0364016 0.883555 0.829653 0.905792 0.01263 0.0117846 0.013028 0.015732 0.0147644 0.0161188 0 0 0 0 0 0 0.515205 0.591014 0.00773708 0.38847 17.574 0 0.947423 0 1.20207 0 1.04646 4.10931 3.72024 1.002 1 1.00003 1.00254 1.00193 0.00666077 0.00845205 0
210 4.77273 47.7273 1.02378 1.14145 1.02272 6.36454 6.38867 0.923991 4.03066 4.02222 3.6496 3.6496 3.63485 3.6062 1.01917 0.348075 1 1e-06 0.00221879 0.0341836 61.2823 36.402 7.21245 -43.6145 38.7434 13.7458 47.6513 0.274544 0 0 0 0.55768 0.597226 -0.00425393 0.00823603 0.0363061 0.882271 0.828346 0.904618 0.0151473 0.0141349 0.0156263 0.0188671 0.0177082 0.0193335 0 0 0 0 0 0 0.515205 0.591014 0.0111757 0.384855 17.4076 0 0.977063 0 1.2551 0 1.02378 4.03224 3.6496 1.0021 1 1.00003 1.00267 1.00194 0.0066576 0.00844453 0
220 5 50 1.00165 1.13803 1.00065 6.21466 6.23048 0.960898 3.95417 3.94551 3.57988 3.57988 3.56524 3.53727 0.99959 0.347629 1 1e-06 0.0022296 0.0341393 60.5318 36.0617 7.10593 -43.1676 38.3919 13.6027 47.1769 0.288011 0 0 0 0.55638 0.595673 -0.00410699 0.00817207 0.0361692 0.88099 0.826977 0.903345 0.0176613 0.0164816 0.0182209 0.0219978 0.0206472 0.0225434 0 0 0 0 0 0 0.515205 0.591014 0.0155777 0.386295 17.2408 0 0.975652 0 1.26421 0 1.00165 3.95571 3.57988 1.0022 1 1.00003 1.00279 1.00195 0.00664451 0.00842629 0
230 5.22727 52.2727 0.980024 1.13441 0.979096 6.07039 6.09042 1.02053 3.87752 3.86866 3.51027 3.51027 3.49573 3.46833 0.980116 0.347323 1 1e-06 0.0022407 0.034103 59.8054 35.7174 6.99834 -42.7158 38.0347 13.461 46.7005 0.243374 0 0 0 0.555274 0.593852 -0.00401594 0.00814416 0.0362061 0.879785 0.825505 0.901853 0.0201717 0.0188245 0.0208115 0.025124 0.0235813 0.0257485 0 0 0 0 0 0 0.515205 0.591014 0.0131945 0.382933 17.0721 0 1.0027 0 1.32242 0 0.980024 3.87897 3.51027 1.00229 1 1.00003 1.00291 1.00195 0.00663505 0.0084138 0
240 5.45455 54.5455 0.958834 1.13045 0.957979 5.94651 5.96698 1.1147 3.80449 3.79545 3.44262 3.44262 3.42817 3.40141 0.960876 0.346208 1 1e-06 0.00225153 0.0340558 59.0672 35.3743 6.90111 -42.2754 37.6818 13.3361 46.2308 0.304228 0 0 0 0.555068 0.592821 -0.00407448 0.00810581 0.0363428 0.878452 0.82393 0.900202 0.0226787 0.0211631 0.0233976 0.028246 0.0265098 0.028948 0 0 0 0 0 0 0.515205 0.591014 0.00998407 0.380776 16.9098 0 1.02142 0 1.33644 0 0.958834 3.80588 3.44262 1.00238 1 1.00002 1.00303 1.00196 0.00662184 0.00840226 0
250 5.68182 56.8182 0.93824 1.12618 0.937413 5.79145 5.79941 1.20349 3.73408 3.72487 3.37717 3.37717 3.36278 3.33644 0.942202 0.345431 1 1e-06 0.00226222 0.0340056 58.3375 35.0365 6.80494 -41.8415 37.3369 13.1974 45.7772 0.32761 0 0 0 0.555935 0.592889 -0.00389794 0.00802533 0.0364472 0.876679 0.822315 0.898658 0.0251816 0.0234974 0.0259792 0.0313621 0.0294325 0.0321419 0 0 0 0 0 0 0.515205 0.591014 0.0100868 0.381834 16.7518 0 1.02342 0 1.36353 0 0.93824 3.7354 3.37717 1.00247 1 1.00002 1.00314 1.00197 0.00661094 0.00839367 0
260 5.90909 59.0909 0.918031 1.12194 0.917245 5.67927 5.69075 1.192 3.66539 3.65603 3.3122 3.3122 3.29791 3.27206 0.923427 0.344174 1 1e-06 0.0022729 0.0339531 57.6116 34.7004 6.70461 -41.405 36.996 13.0709 45.3152 0.292238 0 0 0 0.556362 0.592791 -0.00386645 0.00791316 0.0364334 0.874957 0.820692 0.897108 0.0276796 0.0258274 0.0285563 0.034472 0.0323495 0.03533 0 0 0 0 0 0 0.515205 0.591014 0.0124121 0.386177 16.5963 0 1.04776 0 1.39464 0 0.918031 3.66666 3.3122 1.00256 1 1.00002 1.00325 1.00198 0.00660001 0.0083767 0
270 6.13636 61.3636 0.898216 1.1177 0.897507 5.55816 5.57997 1.19454 3.59817 3.58868 3.24893 3.24893 3.23471 3.20944 0.905224 0.342776 1 1e-06 0.00228358 0.0338979 56.8886 34.3657 6.60596 -40.9717 36.6585 12.9404 44.8643 0.36621 0 0 0 0.555352 0.591936 -0.00383455 0.00785652 0.0363367 0.873187 0.819059 0.895596 0.0301731 0.028153 0.0311287 0.0375757 0.0352607 0.0385128 0 0 0 0 0 0 0.515205 0.591014 0.0109016 0.38716 16.4428 0 1.06684 0 1.42019 0 0.898216 3.59939 3.24893 1.00264 1 1.00002 1.00336 1.00199 0.00658741 0.00836764 0
280 6.36364 63.6364 0.878925 1.11322 0.878242 5.4251 5.43229 1.26214 3.5326 3.52299 3.18639 3.18639 3.17227 3.14743 0.887009 0.342329 1 1e-06 0.00229425 0.0338433 56.1786 34.0377 6.50303 -40.5408 36.3249 12.8164 44.4105 0.301528 0 0 0 0.553491 0.591042 -0.0038648 0.00774628 0.0363644 0.871378 0.817292 0.893966 0.0326616 0.0304742 0.0336969 0.0406729 0.0381658 0.0416899 0 0 0 0 0 0 0.515205 0.591014 0.0105567 0.383375 16.2916 0 1.06289 0 1.40009 0 0.878925 3.53375 3.18639 1.00273 1 1.00002 1.00347 1.002 0.00656644 0.00834852 0
290 6.59091 65.9091 0.860195 1.10844 0.85957 5.25811 5.27444 1.34665 3.46633 3.45662 3.12362 3.12362 3.10956 3.08529 0.868886 0.340862 1 1e-06 0.00230528 0.0338007 55.5024 33.6944 6.41496 -40.1093 35.9765 12.6964 43.9568 0.378978 0 0 0 0.551645 0.590173 -0.00385831 0.00785167 0.0364996 0.869567 0.815334 0.892166 0.0351456 0.032791 0.0362604 0.0437639 0.0410642 0.0448609 0 0 0 0 0 0 0.515205 0.591014 0.00679619 0.378134 16.1374 0 1.09831 0 1.44603 0 0.860195 3.46742 3.12362 1.00281 1 1.00002 1.00357 1.00201 0.00655496 0.00834194 0
300 6.81818 68.1818 0.841803 1.10383 0.841193 5.17501 5.1792 1.29738 3.39862 3.38883 3.06172 3.06172 3.04776 3.02394 0.851459 0.341229 1 1e-06 0.00231681 0.0337705 54.8522 33.3582 6.32682 -39.6851 35.6313 12.5699 43.5059 0.350559 0 0 0 0.549636 0.58873 -0.00394869 0.00799103 0.0364612 0.867665 0.813574 0.890459 0.0376244 0.035103 0.0388189 0.046848 0.043956 0.0480256 0 0 0 0 0 0 0.515205 0.591014 0.00874405 0.38164 15.9784 0 1.05832 0 1.40846 0 0.841803 3.39964 3.06172 1.00289 1 1.00002 1.00367 1.00202 0.00653788 0.00832266 0
310 7.04545 70.4545 0.823959 1.09893 0.823411 5.00734 5.02483 1.38141 3.33421 3.32435 3.0014 3.0014 2.98761 2.96434 0.834137 0.34273 1 1e-06 0.00232806 0.0337336 54.204 33.0251 6.23838 -39.2635 35.2948 12.4344 43.063 0.410069 0 0 0 0.548192 0.587221 -0.00399094 0.00780844 0.0363438 0.865778 0.811438 0.888734 0.0400982 0.03741 0.0413727 0.0499253 0.0468408 0.0511842 0 0 0 0 0 0 0.515205 0.591014 0.01102 0.380949 15.8256 0 1.06869 0 1.42177 0 0.823959 3.33516 3.0014 1.00297 1 1.00002 1.00377 1.00203 0.0065149 0.00828455 0
320 7.27273 72.7273 0.806471 1.09412 0.805926 4.92366 4.92458 1.35411 3.26847 3.25856 2.94172 2.94172 2.92799 2.90503 0.81743 0.34265 1 1e-06 0.00233981 0.0337081 53.5799 32.6876 6.16301 -38.8506 34.9507 12.308 42.6239 0.357216 0 0 0 0.546694 0.585359 -0.00407402 0.00791267 0.0361766 0.863775 0.809659 0.886893 0.0425669 0.0397118 0.0439212 0.0529956 0.0497186 0.0543365 0 0 0 0 0 0 0.515205 0.591014 0.0130138 0.380617 15.6682 0 1.09511 0 1.43224 0 0.806471 3.26936 2.94172 1.00304 1 1.00002 1.00386 1.00204 0.00649065 0.00826714 0
330 7.5 75 0.789266 1.08929 0.788783 4.82754 4.84492 1.35914 3.2037 3.19376 2.88255 2.88255 2.86894 2.84648 0.800777 0.342243 1 1e-06 0.00235167 0.0336823 52.96 32.355 6.07867 -38.4337 34.6115 12.1759 42.1813 0.27247 0 0 0 0.54624 0.584411 -0.00409069 0.0079205 0.0360837 0.861998 0.807812 0.884862 0.045031 0.0420087 0.0464646 0.0560593 0.0525899 0.0574817 0 0 0 0 0 0 0.515205 0.591014 0.0145825 0.376678 15.5117 0 1.12341 0 1.51784 0 0.789266 3.20455 2.88255 1.00311 1 1.00002 1.00396 1.00205 0.00647276 0.00824213 0
340 7.72727 77.2727 0.772679 1.08391 0.772233 4.66062 4.671 1.51602 3.14072 3.13075 2.82596 2.82596 2.81243 2.79032 0.785069 0.340735 1 1e-06 0.0023635 0.0336607 52.3631 32.0283 6.0025 -38.0308 34.2801 12.0494 41.757 0.488554 0 0 0 0.54612 0.583935 -0.00424206 0.00775555 0.0359383 0.85983 0.805914 0.882614 0.0474896 0.0443007 0.0490022 0.0591158 0.0554545 0.0606194 0 0 0 0 0 0 0.515205 0.591014 0.0117636 0.379998 15.3579 0 1.11024 0 1.46981 0 0.772679 3.14147 2.82596 1.00318 1 1.00002 1.00405 1.00206 0.00645351 0.00822523 0
350 7.95455 79.5455 0.756648 1.07856 0.75625 4.5006 4.51416 1.50475 3.07866 3.06868 2.76897 2.76897 2.75562 2.73406 0.768988 0.341624 1 1e-06 0.00237545 0.0336438 51.7865 31.6961 5.92588 -37.622 33.9417 11.9196 41.3261 0.406727 0 0 0 0.546501 0.583806 -0.00417694 0.00760723 0.0358189 0.857909 0.803836 0.880322 0.0499426 0.0465871 0.0515336 0.062165 0.058312 0.0637489 0 0 0 0 0 0 0.515205 0.591014 0.0138032 0.379364 15.2049 0 1.07519 0 1.43603 0 0.756648 3.07939 2.76897 1.00325 1 1.00002 1.00414 1.00207 0.00642162 0.00817843 0
360 8.18182 81.8182 0.740921 1.07321 0.740558 4.41882 4.42867 1.50702 3.0163 3.00632 2.71195 2.71195 2.69871 2.67744 0.752936 0.339171 1 1e-06 0.00238775 0.0336348 51.2275 31.3602 5.85555 -37.2157 33.5968 11.7976 40.8905 0.398194 0 0 0 0.546984 0.58373 -0.00409919 0.00749824 0.0358234 0.855835 0.801624 0.878276 0.0523907 0.0488677 0.0540591 0.0652073 0.0611618 0.0668705 0 0 0 0 0 0 0.515205 0.591014 0.0205328 0.380805 15.0496 0 1.1135 0 1.4907 0 0.740921 3.01698 2.71195 1.00332 1 1.00002 1.00422 1.00208 0.00639366 0.0081462 0
370 8.40909 84.0909 0.72552 1.06777 0.725217 4.32027 4.33715 1.53285 2.95649 2.94652 2.65787 2.65787 2.64467 2.62378 0.737828 0.34029 1 1e-06 0.00239985 0.0336187 50.664 31.0325 5.78497 -36.8174 33.2645 11.6749 40.4764 0.404459 0 0 0 0.546927 0.583193 -0.00417127 0.00744362 0.0357351 0.853745 0.799467 0.876076 0.0548332 0.0511426 0.0565786 0.068242 0.0640038 0.0699846 0 0 0 0 0 0 0.515205 0.591014 0.0133649 0.38064 14.8991 0 1.09149 0 1.44284 0 0.72552 2.95716 2.65787 1.00339 1 1.00002 1.0043 1.00209 0.00637778 0.00814065 0
380 8.63636 86.3636 0.710447 1.06284 0.710173 4.23632 4.24457 1.3888 2.8959 2.88595 2.60309 2.60309 2.59013 2.56984 0.722558 0.34134 1 1e-06 0.00241242 0.0336132 50.1224 30.7011 5.71607 -36.4172 32.9242 11.5549 40.0515 0.32645 0 0 0 0.545858 0.581807 -0.00413626 0.0072414 0.0356334 0.851733 0.797578 0.874124 0.0572705 0.0534121 0.0590921 0.0712693 0.0668384 0.0730912 0 0 0 0 0 0 0.515205 0.591014 0.0127136 0.382122 14.7452 0 1.09071 0 1.44645 0 0.710447 2.8965 2.60309 1.00345 1 1.00002 1.00438 1.00211 0.00633822 0.00807322 0
390 8.86364 88.6364 0.695722 1.05744 0.695462 4.14245 4.14641 1.5205 2.837 2.82707 2.55045 2.55045 2.53755 2.51744 0.708015 0.340908 1 1e-06 0.00242496 0.0336063 49.586 30.3798 5.65078 -36.0305 32.5954 11.4478 39.6351 0.364025 0 0 0 0.544607 0.580214 -0.00433193 0.00719591 0.0355847 0.849429 0.795571 0.872015 0.0597025 0.0556765 0.0615999 0.074289 0.0696663 0.0761905 0 0 0 0 0 0 0.515205 0.591014 0.0203309 0.380602 14.594 0 1.09145 0 1.46008 0 0.695722 2.83754 2.55045 1.00351 1 1.00002 1.00446 1.00212 0.00632047 0.00805352 0
400 9.09091 90.9091 0.68131 1.05221 0.681112 4.04104 4.05845 1.47194 2.77926 2.76937 2.49872 2.49872 2.48603 2.46656 0.693678 0.341718 1 1e-06 0.00243756 0.0335992 49.055 30.0587 5.58325 -35.642 32.2635 11.3291 39.2293 0.324237 0 0 0 0.543252 0.578404 -0.00441455 0.00722983 0.0355171 0.847346 0.793562 0.869876 0.0621285 0.0579353 0.0641017 0.0773008 0.0724868 0.0792822 0 0 0 0 0 0 0.515205 0.591014 0.0139447 0.376132 14.4443 0 1.0592 0 1.43441 0 0.68131 2.7798 2.49872 1.00357 1 1.00002 1.00454 1.00213 0.00627599 0.00800078 0
410 9.31818 93.1818 0.667434 1.04678 0.667259 3.90112 3.90739 1.52868 2.72194 2.7121 2.44764 2.44764 2.43511 2.4161 0.679626 0.341497 1 1e-06 0.0024504 0.0336034 48.555 29.7359 5.5223 -35.2582 31.9315 11.219 38.8229 0.440026 0 0 0 0.54112 0.575905 -0.00432135 0.0072013 0.0356793 0.845101 0.79134 0.867841 0.0645483 0.0601886 0.066598 0.0803049 0.0753 0.0823666 0 0 0 0 0 0 0.515205 0.591014 0.0162533 0.378504 14.2942 0 1.10674 0 1.52297 0 0.667434 2.72245 2.44764 1.00363 1 1.00002 1.00461 1.00215 0.00623495 0.00795149 0
420 9.54545 95.4545 0.654043 1.04099 0.653899 3.76223 3.77087 1.63013 2.66676 2.65697 2.39968 2.39968 2.38725 2.36839 0.666647 0.34089 1 1e-06 0.00246308 0.0336062 48.0655 29.437 5.44672 -34.8837 31.6381 11.0992 38.425 0.474404 0 0 0 0.53929 0.574027 -0.00430765 0.00720835 0.0356224 0.842753 0.789005 0.865577 0.0669615 0.0624358 0.0690884 0.0833007 0.0781049 0.0854432 0 0 0 0 0 0 0.515205 0.591014 0.0172236 0.387996 14.1482 0 1.0698 0 1.42816 0 0.654043 2.66721 2.39968 1.00368 1 1.00002 1.00468 1.00216 0.00621227 0.00792544 0
430 9.77273 97.7273 0.640909 1.03571 0.640808 3.68617 3.69852 1.48641 2.61374 2.60401 2.35065 2.35065 2.33844 2.32018 0.652726 0.341985 1 1e-06 0.00247558 0.0336024 47.5713 29.1189 5.38815 -34.5071 31.3124 10.9808 38.0306 0.414912 0 0 0 0.537968 0.573054 -0.00442155 0.00720575 0.0356139 0.840481 0.786873 0.863626 0.0693682 0.0646773 0.0715729 0.0862882 0.0809019 0.0885122 0 0 0 0 0 0 0.515205 0.591014 0.0141333 0.379353 14.0065 0 1.07812 0 1.42604 0 0.640909 2.61419 2.35065 1.00374 1 1.00002 1.00475 1.00217 0.00616491 0.00786398 0
440 10 100 0.62802 1.03056 0.627917 3.63018 3.62977 1.45266 2.55874 2.54908 2.30191 2.30191 2.28984 2.2718 0.639331 0.342702 1 1e-06 0.00248888 0.0336178 47.1081 28.7997 5.33079 -34.1305 30.9889 10.8646 37.631 0.397098 0 0 0 0.538051 0.573699 -0.00444814 0.00719006 0.0355593 0.838273 0.78476 0.86172 0.0717689 0.0669133 0.0740522 0.0892677 0.0836911 0.0915742 0 0 0 0 0 0 0.515205 0.591014 0.0224632 0.378059 13.8579 0 1.03394 0 1.35169 0 0.62802 2.55915 2.30191 1.00379 1 1.00002 1.00482 1.00218 0.00613025 0.00781763 0
450 10.2273 102.273 0.615527 1.02538 0.615448 3.51123 3.51782 1.45738 2.50388 2.49429 2.25396 2.25396 2.24206 2.22455 0.626355 0.33979 1 1e-06 0.0025025 0.0336445 46.6703 28.4894 5.26437 -33.7538 30.6745 10.7472 37.2277 0.492235 0 0 0 0.537984 0.574563 -0.00450647 0.00711186 0.0354425 0.83603 0.782624 0.859834 0.0741632 0.0691442 0.0765262 0.0922394 0.0864729 0.0946298 0 0 0 0 0 0 0.515205 0.591014 0.0236247 0.380635 13.7082 0 1.09998 0 1.47917 0 0.615527 2.5043 2.25396 1.00384 1 1.00002 1.00489 1.0022 0.00608704 0.00776902 0
460 10.4545 104.545 0.603456 1.02006 0.6034 3.39293 3.39932 1.49785 2.45096 2.44145 2.20826 2.20826 2.19652 2.17943 0.614094 0.337191 1 1e-06 0.00251599 0.0336712 46.2438 28.1911 5.19706 -33.3882 30.375 10.6358 36.8366 0.37881 0 0 0 0.537467 0.575042 -0.00457052 0.00717418 0.0356513 0.833759 0.780469 0.857809 0.0765508 0.0713695 0.0789945 0.0952028 0.0892469 0.0976779 0 0 0 0 0 0 0.515205 0.591014 0.0187262 0.37964 13.5622 0 1.02452 0 1.35663 0 0.603456 2.45135 2.20826 1.00389 1 1.00002 1.00495 1.00221 0.00604935 0.0077198 0
470 10.6818 106.818 0.591673 1.01504 0.591632 3.31383 3.31812 1.414 2.39746 2.38804 2.1615 2.1615 2.14992 2.13312 0.601379 0.337241 1 1e-06 0.00253001 0.0337108 45.8406 27.8871 5.12952 -33.0167 30.0578 10.5252 36.4377 0.464694 0 0 0 0.534897 0.572838 -0.00451552 0.00734913 0.0357865 0.831675 0.778523 0.855745 0.0789321 0.073589 0.0814576 0.0981584 0.0920136 0.100719 0 0 0 0 0 0 0.515205 0.591014 0.016503 0.378464 13.4131 0 1.02943 0 1.35687 0 0.591673 2.39781 2.1615 1.00394 1 1.00002 1.00501 1.00222 0.00601509 0.0076724 0
480 10.9091 109.091 0.580218 1.00965 0.580204 3.21796 3.2257 1.51638 2.34449 2.33517 2.11638 2.11638 2.10493 2.08843 0.589391 0.337037 1 1e-06 0.00254427 0.0337591 45.4574 27.5866 5.0657 -32.6523 29.7456 10.4214 36.0496 0.467385 0 0 0 0.532039 0.570303 -0.0043866 0.00726428 0.0358398 0.829476 0.776475 0.853444 0.0813075 0.0758031 0.0839146 0.101106 0.0947734 0.103752 0 0 0 0 0 0 0.515205 0.591014 0.0174303 0.379064 13.2637 0 1.10004 0 1.49052 0 0.580218 2.34483 2.11638 1.00399 1 1.00002 1.00507 1.00224 0.0059806 0.00763053 0
490 11.1364 111.364 0.569202 1.00425 0.5692 3.0988 3.10197 1.5216 2.29459 2.28536 2.07297 2.07297 2.06172 2.0456 0.577675 0.336667 1 1e-06 0.00255808 0.0337978 45.0721 27.2981 5.00149 -32.2995 29.4486 10.3109 35.6697 0.489772 0 0 0 0.530174 0.569005 -0.00459161 0.00713174 0.035876 0.827246 0.774299 0.851251 0.083677 0.0780115 0.0863653 0.104046 0.0975253 0.106777 0 0 0 0 0 0 0.515205 0.591014 0.0152743 0.384593 13.1215 0 1.04088 0 1.38864 0 0.569202 2.29489 2.07297 1.00404 1 1.00002 1.00513 1.00225 0.00593449 0.0075644 0
500 11.3636 113.636 0.558498 0.998674 0.558521 3.00719 3.01443 1.57075 2.24491 2.23578 2.02936 2.02936 2.01831 2.0026 0.565801 0.337617 1 1e-06 0.0025722 0.0338467 44.7073 26.9978 4.94524 -31.943 29.1375 10.1931 35.2937 0.454742 0 0 0 0.528886 0.568485 -0.00472894 0.00727648 0.0359751 0.82506 0.77209 0.848823 0.0860407 0.0802142 0.0888097 0.106978 0.10027 0.109794 0 0 0 0 0 0 0.515205 0.591014 0.0160377 0.380303 12.9784 0 1.0931 0 1.48681 0 0.558498 2.2452 2.02936 1.00408 1 1.00002 1.00519 1.00226 0.00587654 0.00750485 0
510 11.5909 115.909 0.547875 0.99354 0.547912 2.98754 2.99145 1.44559 2.19555 2.18653 1.98704 1.98704 1.97615 1.96076 0.554515 0.337411 1 1e-06 0.00258662 0.0338968 44.3424 26.7083 4.88597 -31.5943 28.8357 10.0859 34.9198 0.390743 0 0 0 0.527798 0.567911 -0.00460633 0.00719808 0.0361248 0.822904 0.770042 0.846726 0.0883986 0.0824109 0.0912476 0.109903 0.103006 0.112803 0 0 0 0 0 0 0.515205 0.591014 0.00601794 0.379761 12.8347 0 1.04064 0 1.41683 0 0.547875 2.1958 1.98704 1.00413 1 1.00002 1.00525 1.00227 0.00584078 0.00745448 0
520 11.8182 118.182 0.537669 0.987873 0.537723 2.86926 2.87404 1.59584 2.15038 2.14145 1.94725 1.94725 1.93647 1.92128 0.543633 0.336228 1 1e-06 0.00260018 0.0339293 43.9664 26.4293 4.82584 -31.2552 28.5549 9.98643 34.5593 0.558012 0 0 0 0.525828 0.566061 -0.0046384 0.00701612 0.036178 0.820536 0.767692 0.844462 0.0907503 0.0846016 0.0936793 0.112819 0.105735 0.115804 0 0 0 0 0 0 0.515205 0.591014 0.0109303 0.376785 12.7017 0 1.07143 0 1.44039 0 0.537669 2.15061 1.94725 1.00417 1 1.00001 1.0053 1.00229 0.0058031 0.00741808 0
530 12.0455 120.455 0.527824 0.982462 0.52791 2.76325 2.77222 1.52367 2.10546 2.09664 1.90809 1.90809 1.89742 1.88258 0.533046 0.338079 1 1e-06 0.00261402 0.0339727 43.6151 26.1457 4.77847 -30.9241 28.2628 9.88524 34.2117 0.482314 0 0 0 0.524785 0.565503 -0.00454158 0.00705614 0.0361765 0.818159 0.765489 0.842358 0.0930956 0.0867861 0.0961051 0.115727 0.108456 0.118797 0 0 0 0 0 0 0.515205 0.591014 0.00603541 0.380599 12.5681 0 1.04494 0 1.39572 0 0.527824 2.10568 1.90809 1.00421 1 1.00001 1.00535 1.0023 0.00577633 0.007383 0
540 12.2727 122.727 0.518255 0.976858 0.518369 2.68665 2.69453 1.5782 2.06508 2.05634 1.87005 1.87005 1.85959 1.84509 0.522098 0.3344 1 1e-06 0.00262679 0.033991 43.2389 25.8745 4.71508 -30.5896 27.9949 9.78391 33.856 0.478141 0 0 0 0.5255 0.56626 -0.0045359 0.00717965 0.0363916 0.81565 0.763561 0.839885 0.0954347 0.0889657 0.0985244 0.118626 0.111169 0.121782 0 0 0 0 0 0 0.515205 0.591014 0.0145654 0.382682 12.4467 0 1.03755 0 1.41924 0 0.518255 2.06529 1.87005 1.00425 1 1.00001 1.0054 1.00231 0.0057194 0.00731105 0
550 12.5 125 0.508756 0.971486 0.508879 2.67262 2.67493 1.51284 2.0228 2.01416 1.83236 1.83236 1.82202 1.80772 0.511699 0.33363 1 1e-06 0.00264048 0.0340263 42.8822 25.5943 4.66907 -30.2634 27.7098 9.69634 33.5102 0.422091 0 0 0 0.527657 0.567985 -0.00453604 0.00710868 0.0366923 0.813351 0.761633 0.837464 0.0977676 0.0911401 0.100937 0.121516 0.113875 0.124758 0 0 0 0 0 0 0.515205 0.591014 0.0144184 0.37511 12.3184 0 1.05903 0 1.47177 0 0.508756 2.02297 1.83236 1.00429 1 1.00001 1.00545 1.00233 0.00568685 0.00726958 0
560 12.7273 127.273 0.499664 0.965792 0.499786 2.56055 2.5605 1.60328 1.98359 1.97504 1.79706 1.79706 1.78684 1.77271 0.501865 0.335282 1 1e-06 0.00265351 0.0340517 42.5265 25.3346 4.61533 -29.95 27.4488 9.59757 33.1807 0.509778 0 0 0 0.530197 0.57033 -0.00452722 0.00714261 0.0368553 0.811029 0.759522 0.83483 0.100094 0.0933092 0.103342 0.124398 0.116574 0.127725 0 0 0 0 0 0 0.515205 0.591014 0.0139363 0.373758 12.1982 0 1.04951 0 1.40418 0 0.499664 1.98374 1.79706 1.00433 1 1.00001 1.0055 1.00234 0.00565101 0.00722742 0
570 12.9545 129.545 0.490863 0.960423 0.490984 2.47853 2.4784 1.51201 1.94475 1.9363 1.76205 1.76205 1.75197 1.73816 0.492141 0.335804 1 1e-06 0.00266673 0.0340848 42.1887 25.0722 4.56276 -29.635 27.1817 9.49649 32.8555 0.493183 0 0 0 0.5317 0.571819 -0.00465932 0.00713015 0.0369253 0.808585 0.757605 0.832508 0.102415 0.0954733 0.105741 0.127272 0.119266 0.130683 0 0 0 0 0 0 0.515205 0.591014 0.0107618 0.376331 12.078 0 1.0311 0 1.38392 0 0.490863 1.94489 1.76205 1.00436 1 1.00001 1.00555 1.00236 0.00561036 0.00718257 0
580 13.1818 131.818 0.482241 0.955029 0.482383 2.42209 2.42786 1.51893 1.90635 1.89801 1.72826 1.72826 1.71823 1.70462 0.482935 0.336577 1 1e-06 0.00268013 0.0341219 41.8592 24.8149 4.51814 -29.333 26.9169 9.41335 32.538 0.461344 0 0 0 0.533607 0.574153 -0.00449556 0.00706005 0.0369104 0.806439 0.755313 0.83019 0.104729 0.097632 0.108133 0.130137 0.121951 0.133633 0 0 0 0 0 0 0.515205 0.591014 0.0102597 0.374531 11.9579 0 1.01318 0 1.37876 0 0.482241 1.90649 1.72826 1.0044 1 1.00001 1.00559 1.00237 0.00560177 0.00716243 0
590 13.4091 134.091 0.473829 0.949636 0.473988 2.36413 2.36892 1.51871 1.87028 1.86202 1.695 1.695 1.68517 1.67182 0.47352 0.335522 1 1e-06 0.00269303 0.0341468 41.5201 24.5624 4.46237 -29.0247 26.6654 9.32081 32.216 0.496768 0 0 0 0.535542 0.575869 -0.00451125 0.00704173 0.0369339 0.80402 0.753292 0.827873 0.107038 0.0997851 0.110519 0.132994 0.124627 0.136574 0 0 0 0 0 0 0.515205 0.591014 0.00481682 0.375227 11.844 0 0.989988 0 1.339 0 0.473829 1.87038 1.695 1.00443 1 1.00001 1.00563 1.00238 0.00554451 0.007095 0
600 13.6364 136.364 0.465446 0.944688 0.465613 2.35842 2.36064 1.39337 1.83115 1.82301 1.66078 1.66078 1.65112 1.63806 0.464224 0.336912 1 1e-06 0.00270737 0.0342028 41.2166 24.2964 4.42273 -28.7191 26.388 9.2339 31.8919 0.423151 0 0 0 0.53736 0.576533 -0.00457628 0.00698053 0.0369718 0.801917 0.751375 0.825676 0.109341 0.101933 0.112899 0.135843 0.127297 0.139508 0 0 0 0 0 0 0.515205 0.591014 0.016215 0.379754 11.7193 0 1.01722 0 1.37319 0 0.465446 1.83124 1.66078 1.00447 1 1.00001 1.00568 1.0024 0.0054979 0.00703604 0
610 13.8636 138.636 0.45729 0.93958 0.457469 2.29316 2.29657 1.43831 1.79488 1.78684 1.62891 1.62891 1.61932 1.60637 0.45552 0.337359 1 1e-06 0.00272101 0.0342424 40.8986 24.0511 4.37163 -28.4227 26.1421 9.14586 31.5766 0.48599 0 0 0 0.538791 0.576723 -0.0047401 0.00719343 0.0370536 0.799628 0.749335 0.823561 0.111639 0.104076 0.115272 0.138685 0.12996 0.142433 0 0 0 0 0 0 0.515205 0.591014 0.0128025 0.373724 11.6025 0 0.988872 0 1.35351 0 0.45729 1.79495 1.62891 1.0045 1 1.00001 1.00572 1.00241 0.00547799 0.00701079 0
620 14.0909 140.909 0.449461 0.934525 0.449649 2.20213 2.20478 1.42346 1.7636 1.75565 1.59844 1.59844 1.58902 1.57632 0.446541 0.336625 1 1e-06 0.00273306 0.0342476 40.551 23.8111 4.32436 -28.1354 25.8997 9.06034 31.2764 0.519547 0 0 0 0.54057 0.577829 -0.00478822 0.00711032 0.0371776 0.797464 0.747128 0.821524 0.11393 0.106214 0.11764 0.141518 0.132615 0.145352 0 0 0 0 0 0 0.515205 0.591014 0.0142177 0.378244 11.5007 0 0.968991 0 1.31524 0 0.449461 1.76364 1.59844 1.00453 1 1.00001 1.00576 1.00242 0.00543015 0.00694878 0
630 14.3182 143.182 0.441785 0.929709 0.441971 2.16204 2.16138 1.35614 1.72934 1.72149 1.56774 1.56774 1.5585 1.54612 0.438058 0.338712 1 1e-06 0.00274656 0.0342877 40.2478 23.5646 4.27972 -27.8443 25.651 8.97273 30.9727 0.41418 0 0 0 0.542268 0.579392 -0.00468279 0.00698188 0.0371241 0.795584 0.745166 0.819263 0.116215 0.108346 0.120002 0.144344 0.135263 0.148262 0 0 0 0 0 0 0.515205 0.591014 0.00913583 0.376652 11.3883 0 0.951441 0 1.27328 0 0.441785 1.72938 1.56774 1.00456 1 1.00001 1.0058 1.00244 0.00538463 0.00688532 0
640 14.5455 145.455 0.434227 0.92475 0.434435 2.12219 2.1285 1.3964 1.694 1.68626 1.53737 1.53737 1.5282 1.51593 0.429926 0.334845 1 1e-06 0.00276084 0.0343447 39.9657 23.3137 4.24456 -27.5582 25.4024 8.89804 30.6665 0.441572 0 0 0 0.543481 0.580666 -0.00459294 0.00691965 0.0368371 0.793386 0.743285 0.817048 0.118496 0.110473 0.122358 0.147162 0.137904 0.151165 0 0 0 0 0 0 0.515205 0.591014 0.00948233 0.371504 11.2712 0 1.00427 0 1.37306 0 0.434227 1.69401 1.53737 1.00459 1 1.00001 1.00583 1.00245 0.00535733 0.0068593 0
650 14.7727 147.727 0.427102 0.919519 0.427308 2.00694 2.00633 1.47316 1.66394 1.65629 1.50989 1.50989 1.50081 1.48866 0.422194 0.337786 1 1e-06 0.00277328 0.0343679 39.6615 23.0911 4.19872 -27.2899 25.1778 8.81045 30.3901 0.513093 0 0 0 0.543878 0.580794 -0.00458738 0.00704136 0.0368292 0.79128 0.740924 0.814829 0.12077 0.112595 0.124708 0.149973 0.140537 0.154059 0 0 0 0 0 0 0.515205 0.591014 0.0141864 0.369409 11.1706 0 0.980337 0 1.33157 0 0.427102 1.66393 1.50989 1.00462 1 1.00001 1.00587 1.00247 0.00532849 0.00682343 0
660 15 150 0.420232 0.914195 0.420455 1.93002 1.93464 1.49936 1.63512 1.62756 1.48324 1.48324 1.47425 1.4623 0.414632 0.337041 1 1e-06 0.00278548 0.0343911 39.3668 22.866 4.16292 -27.0289 24.9548 8.74308 30.117 0.477607 0 0 0 0.544579 0.58092 -0.00458061 0.00702741 0.036845 0.788998 0.738705 0.812519 0.123039 0.11471 0.127052 0.152776 0.143162 0.156946 0 0 0 0 0 0 0.515205 0.591014 0.0152846 0.374247 11.0733 0 0.943915 0 1.3081 0 0.420232 1.6351 1.48324 1.00465 1 1.00001 1.00591 1.00248 0.0052968 0.00679374 0
670 15.2273 152.273 0.41326 0.909259 0.413519 1.95304 1.96323 1.38998 1.60574 1.59827 1.45589 1.45589 1.44702 1.43529 0.40684 0.33737 1 1e-06 0.00279819 0.0344132 39.0617 22.6358 4.12177 -26.7576 24.7242 8.66665 29.8353 0.43571 0 0 0 0.544718 0.58021 -0.0045821 0.00698347 0.0370103 0.786788 0.736803 0.81031 0.125301 0.11682 0.12939 0.155572 0.14578 0.159824 0 0 0 0 0 0 0.515205 0.591014 0.00771852 0.374702 10.9732 0 0.97248 0 1.32177 0 0.41326 1.60571 1.45589 1.00467 1 1.00001 1.00594 1.0025 0.00524893 0.00674641 0
680 15.4545 154.545 0.406574 0.90446 0.406843 1.87984 1.88272 1.35119 1.57631 1.56893 1.43024 1.43024 1.42151 1.41011 0.399905 0.338042 1 1e-06 0.00281122 0.034451 38.7853 22.4194 4.08013 -26.4995 24.5119 8.59069 29.5648 0.39149 0 0 0 0.545273 0.580333 -0.00461345 0.0070485 0.0369935 0.784714 0.734882 0.808142 0.127557 0.118925 0.131722 0.158359 0.14839 0.162695 0 0 0 0 0 0 0.515205 0.591014 0.0185606 0.37365 10.872 0 0.88336 0 1.18145 0 0.406574 1.5763 1.43024 1.0047 1 1.00001 1.00597 1.00251 0.00523 0.00669379 0
690 15.6818 156.818 0.399998 0.899986 0.400254 1.85572 1.85176 1.25993 1.54743 1.54015 1.40339 1.40339 1.39481 1.38358 0.392252 0.336373 1 1e-06 0.00282429 0.0344859 38.5064 22.197 4.04306 -26.2401 24.2831 8.50933 29.2842 0.450163 0 0 0 0.545169 0.580145 -0.00476993 0.00707981 0.0368992 0.782778 0.733123 0.806078 0.129807 0.121026 0.134049 0.161139 0.150995 0.165558 0 0 0 0 0 0 0.515205 0.591014 0.015895 0.375066 10.7718 0 0.910041 0 1.22411 0 0.399998 1.54739 1.40339 1.00472 1 1.00001 1.00601 1.00252 0.00518419 0.00664039 0
700 15.9091 159.091 0.393641 0.895167 0.393885 1.79341 1.7903 1.35706 1.52063 1.51344 1.37857 1.37857 1.37013 1.359 0.385173 0.334927 1 1e-06 0.00283671 0.0345102 38.2243 21.9834 4.00807 -25.9915 24.0712 8.42532 29.0234 0.462813 0 0 0 0.544413 0.579255 -0.00478686 0.00711778 0.0368665 0.780636 0.73123 0.803894 0.132052 0.123122 0.136372 0.163912 0.153592 0.168414 0 0 0 0 0 0 0.515205 0.591014 0.0127742 0.378212 10.678 0 0.915506 0 1.23156 0 0.393641 1.52055 1.37857 1.00475 1 1.00001 1.00604 1.00254 0.00514126 0.00658642 0
710 16.1364 161.364 0.387386 0.890513 0.387656 1.7542 1.76127 1.31066 1.49345 1.48635 1.35382 1.35382 1.3455 1.33462 0.378249 0.336381 1 1e-06 0.00284958 0.0345462 37.958 21.7729 3.9702 -25.7431 23.8528 8.34812 28.7622 0.445511 0 0 0 0.543132 0.578312 -0.0048044 0.00714248 0.0368721 0.77856 0.72933 0.80184 0.134291 0.125213 0.138689 0.166678 0.156183 0.171261 0 0 0 0 0 0 0.515205 0.591014 0.0123828 0.370571 10.582 0 0.909675 0 1.25982 0 0.387386 1.49337 1.35382 1.00477 1 1.00001 1.00607 1.00255 0.00509921 0.0065405 0
720 16.3636 163.636 0.381298 0.885778 0.381561 1.71625 1.7144 1.33321 1.46656 1.45956 1.3291 1.3291 1.32092 1.31029 0.371254 0.335311 1 1e-06 0.0028626 0.0345867 37.7014 21.5608 3.93591 -25.4967 23.6341 8.27718 28.496 0.480822 0 0 0 0.54323 0.578537 -0.00489007 0.00721609 0.0368724 0.776454 0.727553 0.799589 0.136525 0.127299 0.141 0.169436 0.158768 0.174102 0 0 0 0 0 0 0.515205 0.591014 0.0121261 0.375368 10.4862 0 0.947696 0 1.30939 0 0.381298 1.4665 1.3291 1.0048 1 1.00001 1.0061 1.00256 0.00506099 0.00648404 0
730 16.5909 165.909 0.375384 0.88102 0.375669 1.65921 1.66545 1.34003 1.44121 1.4343 1.30628 1.30628 1.29828 1.28784 0.364927 0.333477 1 1e-06 0.00287516 0.0346192 37.4424 21.3662 3.8962 -25.2624 23.4361 8.20619 28.2452 0.418206 0 0 0 0.544128 0.579559 -0.00485562 0.00703855 0.0368972 0.774395 0.725688 0.797326 0.138752 0.129381 0.143306 0.172186 0.161346 0.176933 0 0 0 0 0 0 0.515205 0.591014 0.0118273 0.376667 10.3951 0 0.873173 0 1.19944 0 0.375384 1.44113 1.30628 1.00482 1 1.00001 1.00613 1.00258 0.00500039 0.00641643 0
740 16.8182 168.182 0.369728 0.876307 0.370019 1.59088 1.59286 1.32718 1.41565 1.40882 1.28373 1.28373 1.2758 1.2655 0.358766 0.33257 1 1e-06 0.0028881 0.0346663 37.2081 21.1716 3.85911 -25.0307 23.2371 8.1311 27.9977 0.487895 0 0 0 0.545469 0.580787 -0.00497367 0.00702101 0.0368441 0.772371 0.723789 0.795102 0.140974 0.131457 0.145606 0.174929 0.163917 0.179758 0 0 0 0 0 0 0.515205 0.591014 0.00803527 0.373977 10.3023 0 0.89168 0 1.1968 0 0.369728 1.41555 1.28373 1.00484 1 1.00001 1.00616 1.00259 0.00498393 0.00638965 0
750 17.0455 170.455 0.364074 0.871947 0.364404 1.5813 1.59198 1.2278 1.39038 1.38365 1.26118 1.26118 1.2534 1.24345 0.352554 0.333183 1 1e-06 0.00290118 0.034709 36.9651 20.9753 3.82656 -24.8018 23.0287 8.06451 27.7509 0.396242 0 0 0 0.547225 0.582267 -0.00507994 0.00697047 0.0368112 0.770355 0.722099 0.793107 0.14319 0.133529 0.147901 0.177665 0.166481 0.182574 0 0 0 0 0 0 0.515205 0.591014 0.0131398 0.370889 10.2099 0 0.816274 0 1.12122 0 0.364074 1.39033 1.26118 1.00487 1 1.00001 1.00619 1.0026 0.00493828 0.006331 0
760 17.2727 172.727 0.358459 0.867722 0.358785 1.5823 1.5811 1.18956 1.36385 1.35722 1.23834 1.23834 1.23062 1.22074 0.346443 0.328272 1 1e-06 0.00291524 0.0347738 36.7453 20.7766 3.79196 -24.5685 22.8261 7.98793 27.4933 0.434338 0 0 0 0.549569 0.584387 -0.00498069 0.00691145 0.0367853 0.768453 0.720411 0.791159 0.145401 0.135596 0.15019 0.180394 0.16904 0.185383 0 0 0 0 0 0 0.515205 0.591014 0.0122508 0.373524 10.1119 0 0.888711 0 1.22187 0 0.358459 1.36378 1.23834 1.00489 1 1.00001 1.00621 1.00262 0.0049166 0.00630574 0
770 17.5 175 0.352973 0.863476 0.353301 1.54418 1.54489 1.19564 1.33783 1.33129 1.21589 1.21589 1.20828 1.19857 0.340421 0.329952 1 1e-06 0.00292935 0.0348404 36.5309 20.5794 3.75884 -24.3382 22.6124 7.92094 27.2458 0.435269 0 0 0 0.551493 0.586194 -0.00516777 0.00687073 0.0367357 0.766515 0.718585 0.789331 0.147606 0.137659 0.152474 0.183116 0.171593 0.188186 0 0 0 0 0 0 0.515205 0.591014 0.0188975 0.375617 10.0148 0 0.939018 0 1.30394 0 0.352973 1.33774 1.21589 1.00491 1 1.00001 1.00624 1.00263 0.00488338 0.00626044 0
780 17.7273 177.273 0.347796 0.858833 0.348134 1.45509 1.45803 1.3076 1.31676 1.3103 1.19594 1.19594 1.18848 1.17901 0.33465 0.330289 1 1e-06 0.00294104 0.0348599 36.2808 20.4054 3.71778 -24.1232 22.4368 7.84791 27.0145 0.460069 0 0 0 0.553397 0.587665 -0.00491919 0.00687178 0.0367856 0.764516 0.716525 0.787257 0.149806 0.139717 0.154753 0.185831 0.174138 0.190982 0 0 0 0 0 0 0.515205 0.591014 0.0116876 0.375796 9.93558 0 0.890775 0 1.19817 0 0.347796 1.31669 1.19594 1.00493 1 1.00001 1.00626 1.00264 0.00483725 0.00619894 0
790 17.9545 179.545 0.342727 0.854446 0.343062 1.4282 1.42749 1.23536 1.29294 1.28658 1.17557 1.17557 1.16822 1.15889 0.329237 0.33207 1 1e-06 0.00295454 0.0349219 36.0777 20.2198 3.68992 -23.9097 22.2378 7.78069 26.7891 0.433554 0 0 0 0.555529 0.589244 -0.00488782 0.00691031 0.0367645 0.762604 0.714826 0.78508 0.152001 0.14177 0.157026 0.18854 0.176677 0.19377 0 0 0 0 0 0 0.515205 0.591014 0.019162 0.373926 9.84521 0 0.865844 0 1.18636 0 0.342727 1.29286 1.17557 1.00495 1 1.00001 1.00629 1.00266 0.00480344 0.00615506 0
800 18.1818 181.818 0.337685 0.850161 0.338024 1.41882 1.41961 1.20658 1.2709 1.26462 1.15524 1.15524 1.14802 1.13893 0.323477 0.330984 1 1e-06 0.00296731 0.0349634 35.8524 20.046 3.65078 -23.6968 22.0567 7.71525 26.5453 0.400312 0 0 0 0.558349 0.591473 -0.00492362 0.00690066 0.0366288 0.760634 0.713142 0.783063 0.15419 0.143818 0.159293 0.191241 0.179209 0.19655 0 0 0 0 0 0 0.515205 0.591014 0.0154172 0.373102 9.76083 0 0.876889 0 1.25339 0 0.337685 1.27081 1.15524 1.00496 1 1.00001 1.00631 1.00267 0.0047623 0.00609783 0
810 18.4091 184.091 0.332768 0.84583 0.333117 1.38169 1.38463 1.21969 1.24943 1.24323 1.13601 1.13601 1.12886 1.11984 0.318149 0.334701 1 1e-06 0.00298002 0.0350041 35.6301 19.8673 3.61519 -23.4825 21.8666 7.64862 26.3287 0.468803 0 0 0 0.560913 0.593358 -0.00495724 0.00684524 0.0364316 0.75856 0.711421 0.781107 0.156374 0.145862 0.161555 0.193935 0.181736 0.199324 0 0 0 0 0 0 0.515205 0.591014 0.0166616 0.371224 9.67794 0 0.875539 0 1.1922 0 0.332768 1.24932 1.13601 1.00498 1 1.00001 1.00634 1.00268 0.00473773 0.00607269 0
820 18.6364 186.364 0.328045 0.841577 0.328413 1.32466 1.32998 1.19762 1.22845 1.22234 1.11756 1.11756 1.11049 1.10172 0.313144 0.335749 1 1e-06 0.0029927 0.0350504 35.4218 19.6977 3.58259 -23.2803 21.6914 7.59154 26.1091 0.475692 0 0 0 0.563011 0.594925 -0.00504988 0.00680195 0.0363517 0.756764 0.709547 0.779106 0.158553 0.1479 0.163812 0.196622 0.184256 0.20209 0 0 0 0 0 0 0.515205 0.591014 0.0137491 0.375326 9.59628 0 0.89034 0 1.23761 0 0.328045 1.22837 1.11756 1.005 1 1.00001 1.00636 1.0027 0.00471599 0.00603932 0
830 18.8636 188.636 0.323529 0.837291 0.323889 1.27397 1.27179 1.207 1.20935 1.20331 1.10016 1.10016 1.09322 1.08456 0.30825 0.33178 1 1e-06 0.00300448 0.0350809 35.2061 19.5377 3.54901 -23.0867 21.5319 7.53551 25.8958 0.429 0 0 0 0.564438 0.596121 -0.00497045 0.00677331 0.0364691 0.754895 0.707767 0.777033 0.160726 0.149934 0.166064 0.199302 0.186769 0.204849 0 0 0 0 0 0 0.515205 0.591014 0.0166793 0.373156 9.5213 0 0.835059 0 1.11284 0 0.323529 1.20925 1.10016 1.00502 1 1.00001 1.00638 1.00271 0.00467387 0.00598339 0
840 19.0909 190.909 0.318924 0.833334 0.319287 1.2961 1.29666 1.11424 1.18744 1.18149 1.0819 1.0819 1.0751 1.06663 0.303498 0.335699 1 1e-06 0.00301829 0.0351503 35.0226 19.363 3.52449 -22.8875 21.3446 7.47052 25.6872 0.435849 0 0 0 0.563619 0.595182 -0.00490258 0.0067754 0.0364478 0.753272 0.705974 0.775145 0.162896 0.151963 0.168311 0.201976 0.189277 0.207601 0 0 0 0 0 0 0.515205 0.591014 0.010532 0.374289 9.43456 0 0.840559 0 1.1145 0 0.318924 1.18731 1.0819 1.00504 1 1.00001 1.0064 1.00272 0.00463257 0.00592395 0
850 19.3182 193.182 0.314424 0.829412 0.314795 1.26483 1.26723 1.10445 1.16813 1.16226 1.06485 1.06485 1.05817 1.04983 0.298834 0.335175 1 1e-06 0.00303072 0.0351901 34.8135 19.1984 3.49781 -22.6963 21.1709 7.41977 25.4853 0.434 0 0 0 0.562305 0.59418 -0.00489845 0.00676293 0.0363681 0.751642 0.704326 0.773164 0.165061 0.153987 0.170552 0.204645 0.191778 0.210346 0 0 0 0 0 0 0.515205 0.591014 0.0196371 0.375309 9.35749 0 0.798837 0 1.06707 0 0.314424 1.168 1.06485 1.00505 1 1.00001 1.00642 1.00273 0.00458547 0.00586972 0
860 19.5455 195.455 0.310222 0.825288 0.310592 1.18371 1.18332 1.16133 1.14948 1.14369 1.04888 1.04888 1.04228 1.03411 0.294586 0.334177 1 1e-06 0.00304297 0.035238 34.6266 19.0439 3.46485 -22.5087 21.0148 7.36783 25.2891 0.440117 0 0 0 0.561445 0.593371 -0.00494315 0.0066456 0.0364844 0.749756 0.70258 0.771248 0.167221 0.156007 0.172789 0.207307 0.194273 0.213084 0 0 0 0 0 0 0.515205 0.591014 0.0185033 0.37157 9.28241 0 0.819346 0 1.12491 0 0.310222 1.14937 1.04888 1.00507 1 1.00001 1.00644 1.00275 0.00456295 0.00583823 0
870 19.7727 197.727 0.306 0.821188 0.306373 1.18785 1.18909 1.15465 1.1316 1.12588 1.03345 1.03345 1.0269 1.01882 0.290446 0.336713 1 1e-06 0.00305496 0.0352693 34.4183 18.8919 3.43426 -22.3262 20.866 7.31376 25.0968 0.448566 0 0 0 0.561072 0.593367 -0.00485063 0.00653191 0.0365943 0.747937 0.700893 0.76923 0.169377 0.158023 0.17502 0.209963 0.196762 0.215815 0 0 0 0 0 0 0.515205 0.591014 0.015073 0.375709 9.20986 0 0.838077 0 1.13437 0 0.306 1.13149 1.03345 1.00508 1 1.00001 1.00646 1.00276 0.00453915 0.00581168 0
880 20 200 0.301939 0.817053 0.302301 1.14682 1.14333 1.16426 1.11609 1.11043 1.01916 1.01916 1.01272 1.00472 0.286394 0.336445 1 1e-06 0.00306555 0.0352776 34.1964 18.7462 3.40702 -22.1532 20.7228 7.26137 24.922 0.435268 0 0 0 0.559682 0.592185 -0.00487093 0.00645952 0.0365586 0.746191 0.699067 0.767209 0.171528 0.160034 0.177246 0.212612 0.199245 0.218539 0 0 0 0 0 0 0.515205 0.591014 0.0179248 0.377566 9.14647 0 0.794651 0 1.10945 0 0.301939 1.11595 1.01916 1.0051 1 1.00001 1.00648 1.00277 0.00449801 0.00576342 0
890 20.2273 202.273 0.297898 0.8131 0.29827 1.13509 1.1382 1.11331 1.09846 1.09288 1.00469 1.00469 0.998294 0.990369 0.2827 0.339775 1 1e-06 0.00307781 0.0353207 34.0071 18.6049 3.3749 -21.9798 20.5781 7.20816 24.7423 0.403206 0 0 0 0.557729 0.590693 -0.00491851 0.00657581 0.0365786 0.744392 0.697232 0.765472 0.173674 0.16204 0.179468 0.215255 0.201721 0.221256 0 0 0 0 0 0 0.515205 0.591014 0.0125519 0.373885 9.07388 0 0.801083 0 1.07153 0 0.297898 1.09831 1.00469 1.00511 1 1.00001 1.0065 1.00279 0.0044807 0.00574651 0
900 20.4545 204.545 0.29389 0.80913 0.294262 1.12858 1.12856 1.11786 1.08253 1.07701 0.990249 0.990249 0.983955 0.976158 0.278654 0.340171 1 1e-06 0.00308911 0.0353352 33.7889 18.4588 3.34492 -21.8037 20.4348 7.15914 24.5585 0.395654 0 0 0 0.556266 0.589827 -0.00491275 0.00658564 0.0365009 0.742476 0.695614 0.763617 0.175816 0.164042 0.181683 0.217891 0.204191 0.223967 0 0 0 0 0 0 0.515205 0.591014 0.0151043 0.377715 9.00777 0 0.810083 0 1.11371 0 0.29389 1.08238 0.990249 1.00513 1 1.00001 1.00652 1.0028 0.00444188 0.00570029 0
910 20.6818 206.818 0.290112 0.805096 0.290496 1.06045 1.06394 1.13604 1.06803 1.06257 0.976696 0.976696 0.970485 0.962852 0.274774 0.345414 1 1e-06 0.00309957 0.0353484 33.584 18.3168 3.31737 -21.6341 20.2906 7.10977 24.3929 0.43325 0 0 0 0.555275 0.589275 -0.00481743 0.00658579 0.0363873 0.74071 0.693934 0.761575 0.177953 0.16604 0.183894 0.220521 0.206655 0.22667 0 0 0 0 0 0 0.515205 0.591014 0.0123068 0.375876 8.94717 0 0.827622 0 1.12694 0 0.290112 1.06789 0.976696 1.00514 1 1.00001 1.00654 1.00281 0.00441543 0.00566478 0
920 20.9091 209.091 0.286336 0.80097 0.286723 1.06254 1.0633 1.16179 1.05331 1.04791 0.963488 0.963488 0.957341 0.949845 0.271136 0.344119 1 1e-06 0.00311037 0.0353599 33.3742 18.1828 3.28689 -21.4697 20.1607 7.06206 24.2202 0.466993 0 0 0 0.554891 0.589005 -0.00488285 0.00661917 0.0363031 0.738823 0.69214 0.759621 0.180085 0.168033 0.186099 0.223144 0.209113 0.229367 0 0 0 0 0 0 0.515205 0.591014 0.012731 0.373285 8.88525 0 0.847302 0 1.15354 0 0.286336 1.05318 0.963488 1.00515 1 1.00001 1.00655 1.00282 0.00438862 0.0056337 0
930 21.1364 211.364 0.282628 0.796944 0.283003 1.04761 1.04412 1.13374 1.04024 1.03489 0.950718 0.950718 0.944697 0.937279 0.267346 0.343722 1 1e-06 0.00312013 0.035349 33.1455 18.0533 3.2546 -21.3079 20.0396 7.00343 24.052 0.413292 0 0 0 0.554966 0.588727 -0.00488026 0.00656744 0.0361785 0.736928 0.690383 0.757757 0.182212 0.170021 0.1883 0.22576 0.211565 0.232057 0 0 0 0 0 0 0.515205 0.591014 0.00944428 0.372946 8.82986 0 0.814419 0 1.10121 0 0.282628 1.04008 0.950718 1.00517 1 1.00001 1.00657 1.00284 0.00433879 0.00557507 0
940 21.3636 213.636 0.278955 0.793251 0.279325 1.03567 1.03439 1.04 1.02513 1.01985 0.937029 0.937029 0.931067 0.923747 0.263524 0.34582 1 1e-06 0.0031316 0.0353758 32.9529 17.9123 3.2269 -21.1392 19.8964 6.95405 23.8764 0.420533 0 0 0 0.555905 0.58924 -0.00476853 0.00659435 0.0360367 0.735093 0.688842 0.756067 0.184335 0.172005 0.190496 0.22837 0.21401 0.23474 0 0 0 0 0 0 0.515205 0.591014 0.00433489 0.374942 8.76545 0 0.780922 0 1.05797 0 0.278955 1.02496 0.937029 1.00518 1 1.00001 1.00659 1.00285 0.00432894 0.00555058 0
950 21.5909 215.909 0.275338 0.789609 0.275718 1.01566 1.0185 1.02569 1.00941 1.00419 0.922562 0.922562 0.916662 0.909457 0.259429 0.345912 1 1e-06 0.00314375 0.0354193 32.7792 17.773 3.19135 -20.9644 19.7459 6.90177 23.6875 0.432673 0 0 0 0.557307 0.590439 -0.00470753 0.00660785 0.035993 0.733449 0.687198 0.75434 0.186453 0.173984 0.192688 0.230974 0.21645 0.237417 0 0 0 0 0 0 0.515205 0.591014 0.0125275 0.373537 8.69793 0 0.765882 0 1.05253 0 0.275338 1.00926 0.922562 1.00519 1 1.00001 1.0066 1.00286 0.00430143 0.00552211 0
960 21.8182 218.182 0.271822 0.785843 0.272207 0.988859 0.989957 1.06034 0.995157 0.990004 0.908971 0.908971 0.903126 0.896003 0.255488 0.34323 1 1e-06 0.00315497 0.0354435 32.5912 17.6339 3.16284 -20.7968 19.6067 6.84752 23.5073 0.410908 0 0 0 0.558778 0.591903 -0.00466771 0.00663675 0.0359419 0.731942 0.685497 0.752358 0.188566 0.175959 0.194874 0.233572 0.218885 0.240088 0 0 0 0 0 0 0.515205 0.591014 0.0113756 0.377679 8.63626 0 0.833811 0 1.13437 0 0.271822 0.995011 0.908971 1.00521 1 1.00001 1.00662 1.00287 0.00428154 0.00549456 0
970 22.0455 220.455 0.268419 0.781902 0.268816 0.954827 0.958426 1.10997 0.981923 0.976827 0.897423 0.897423 0.891656 0.884641 0.252366 0.340566 1 1e-06 0.00316558 0.035457 32.3984 17.5083 3.1443 -20.6526 19.4853 6.80381 23.3545 0.413421 0 0 0 0.56 0.593632 -0.00469371 0.00673545 0.035881 0.730248 0.683604 0.750484 0.190676 0.177929 0.197056 0.236164 0.221312 0.242752 0 0 0 0 0 0 0.515205 0.591014 0.0130624 0.367496 8.57859 0 0.77942 0 1.0774 0 0.268419 0.981762 0.897423 1.00522 1 1.00001 1.00663 1.00289 0.00425352 0.00545941 0
980 22.2727 222.727 0.265016 0.77817 0.265426 0.954565 0.95837 1.05087 0.968104 0.963069 0.884743 0.884743 0.879097 0.872299 0.248802 0.347725 1 1e-06 0.00317684 0.035482 32.2146 17.3764 3.11538 -20.4918 19.3498 6.74966 23.1879 0.393577 0 0 0 0.560604 0.594799 -0.0047228 0.00672539 0.0358383 0.728377 0.682103 0.748694 0.192781 0.179895 0.199232 0.23875 0.223734 0.245409 0 0 0 0 0 0 0.515205 0.591014 0.0105342 0.370158 8.51796 0 0.800553 0 1.11985 0 0.265016 0.96796 0.884743 1.00523 1 1.00001 1.00665 1.0029 0.00420953 0.00540155 0
990 22.5 225 0.261786 0.774254 0.262176 0.915358 0.909462 1.10271 0.95514 0.950162 0.873249 0.873249 0.867618 0.860793 0.245631 0.346438 1 1e-06 0.00318759 0.0355002 32.0326 17.2463 3.1037 -20.35 19.2216 6.71163 23.0372 0.366384 0 0 0 0.561076 0.595888 -0.00487921 0.00671517 0.0358066 0.726672 0.680505 0.746571 0.194882 0.181856 0.201403 0.24133 0.22615 0.248059 0 0 0 0 0 0 0.515205 0.591014 0.0106237 0.372423 8.46069 0 0.78637 0 1.06522 0 0.261786 0.954975 0.873249 1.00524 1 1.00001 1.00666 1.00291 0.00419497 0.00539509 0
1000 22.7273 227.273 0.258612 0.770331 0.259019 0.889072 0.893672 1.10459 0.942799 0.937875 0.86229 0.86229 0.856677 0.849912 0.242626 0.350057 1 1e-06 0.003198 0.0355131 31.8482 17.1306 3.07259 -20.2032 19.1072 6.66782 22.8867 0.398691 0 0 0 0.56188 0.597035 -0.00494024 0.00667357 0.0356802 0.724872 0.678914 0.744513 0.196977 0.183813 0.203569 0.243903 0.22856 0.250702 0 0 0 0 0 0 0.515205 0.591014 0.0128612 0.367963 8.40581 0 0.781757 0 1.08114 0 0.258612 0.94264 0.86229 1.00525 1 1.00001 1.00668 1.00293 0.00418966 0.00538676 0
1010 22.9545 229.545 0.255428 0.766701 0.25585 0.892301 0.896781 1.02235 0.929674 0.924808 0.850003 0.850003 0.844492 0.837892 0.239113 0.350819 1 1e-06 0.00320925 0.0355419 31.6769 16.9964 3.05483 -20.0512 18.9662 6.62174 22.7261 0.391018 0 0 0 0.562804 0.598185 -0.00499344 0.00664033 0.0356101 0.723192 0.677246 0.742787 0.199069 0.185766 0.20573 0.24647 0.230965 0.253338 0 0 0 0 0 0 0.515205 0.591014 0.019111 0.370951 8.34705 0 0.765732 0 1.06897 0 0.255428 0.929512 0.850003 1.00526 1 1.00001 1.00669 1.00294 0.00415341 0.0053401 0
1020 23.1818 231.818 0.252353 0.762765 0.252758 0.870616 0.865833 1.10844 0.916894 0.912085 0.838937 0.838937 0.833493 0.826866 0.23611 0.350703 1 1e-06 0.0032204 0.0355717 31.5113 16.8788 3.02953 -19.9083 18.8491 6.57738 22.5727 0.37893 0 0 0 0.563279 0.598663 -0.0050193 0.00662159 0.0356221 0.721525 0.675466 0.740727 0.201157 0.187715 0.207886 0.249031 0.233364 0.255967 0 0 0 0 0 0 0.515205 0.591014 0.0121638 0.371874 8.28943 0 0.774635 0 1.10054 0 0.252353 0.916714 0.838937 1.00527 1 1.00001 1.0067 1.00295 0.00412454 0.00530499 0
1030 23.4091 234.091 0.249373 0.758784 0.249787 0.836668 0.839073 1.12107 0.904964 0.900209 0.829328 0.829328 0.823884 0.817325 0.2337 0.355941 1 1e-06 0.00323099 0.0355913 31.3408 16.7696 3.00433 -19.7739 18.7423 6.53832 22.4417 0.404582 0 0 0 0.562843 0.597753 -0.00488831 0.00661508 0.0356455 0.71952 0.67384 0.738781 0.20324 0.18966 0.210037 0.251586 0.235756 0.258589 0 0 0 0 0 0 0.515205 0.591014 0.0094631 0.373447 8.23529 0 0.816276 0 1.15064 0 0.249373 0.904804 0.829328 1.00528 1 1.00001 1.00672 1.00296 0.00412465 0.00530497 0
1040 23.6364 236.364 0.246401 0.754975 0.246823 0.83474 0.837155 1.07251 0.894733 0.890022 0.819057 0.819057 0.813774 0.807468 0.230627 0.348721 1 1e-06 0.00324021 0.0355777 31.1403 16.6586 2.97684 -19.6355 18.6338 6.50528 22.2932 0.353564 0 0 0 0.562497 0.596533 -0.00490589 0.00663904 0.0357179 0.717713 0.672125 0.736943 0.205317 0.1916 0.212183 0.254134 0.238143 0.261204 0 0 0 0 0 0 0.515205 0.591014 0.0135628 0.375754 8.18856 0 0.754059 0 1.07039 0 0.246401 0.89457 0.819057 1.00529 1 1.00001 1.00673 1.00297 0.00407701 0.00522858 0
1050 23.8636 238.636 0.243427 0.751444 0.243845 0.838641 0.83744 0.994416 0.880226 0.875583 0.807877 0.807877 0.802593 0.796272 0.227931 0.346928 1 1e-06 0.0032535 0.0356512 31.0139 16.5377 2.95111 -19.4888 18.509 6.45482 22.1398 0.396135 0 0 0 0.562399 0.595547 -0.00493468 0.00655793 0.0356694 0.716021 0.670519 0.735259 0.207391 0.193536 0.214324 0.256676 0.240523 0.263813 0 0 0 0 0 0 0.515205 0.591014 0.0142685 0.366492 8.12186 0 0.776117 0 1.07695 0 0.243427 0.880062 0.807877 1.0053 1 1.00001 1.00674 1.00299 0.00407369 0.00522807 0
1060 24.0909 240.909 0.240558 0.747885 0.240964 0.811152 0.807726 1.00204 0.867997 0.86341 0.79734 0.79734 0.792151 0.785912 0.225104 0.350395 1 1e-06 0.00326493 0.0356878 30.8611 16.4182 2.93465 -19.3529 18.3856 6.41426 21.9964 0.382429 0 0 0 0.560918 0.593126 -0.00503608 0.00647315 0.0357648 0.714353 0.668844 0.733565 0.20946 0.195468 0.216461 0.259211 0.242898 0.266415 0 0 0 0 0 0 0.515205 0.591014 0.0157751 0.369986 8.06521 0 0.736069 0 1.01413 0 0.240558 0.867828 0.79734 1.00531 1 1.00001 1.00675 1.003 0.00403512 0.0051794 0
1070 24.3182 243.182 0.237697 0.744404 0.238096 0.807546 0.805677 0.980379 0.8565 0.851967 0.787138 0.787138 0.782035 0.775921 0.2223 0.34808 1 1e-06 0.00327585 0.0357109 30.6962 16.303 2.91318 -19.2162 18.2681 6.37366 21.8545 0.384581 0 0 0 0.559436 0.591311 -0.00518157 0.00650611 0.035734 0.712544 0.667232 0.732045 0.211524 0.197395 0.218594 0.26174 0.245267 0.269012 0 0 0 0 0 0 0.515205 0.591014 0.012485 0.370008 8.01158 0 0.739149 0 1.02466 0 0.237697 0.856338 0.787138 1.00532 1 1.00001 1.00677 1.00301 0.00400141 0.00513733 0
1080 24.5455 245.455 0.234832 0.741152 0.235239 0.80465 0.806797 0.915735 0.844413 0.839935 0.776199 0.776199 0.771142 0.76512 0.219253 0.350268 1 1e-06 0.00328754 0.0357501 30.5445 16.1832 2.88913 -19.0723 18.1422 6.32513 21.7018 0.340728 0 0 0 0.558362 0.59047 -0.00517762 0.00661512 0.0357969 0.710996 0.665886 0.730332 0.213584 0.199318 0.220722 0.264263 0.24763 0.271604 0 0 0 0 0 0 0.515205 0.591014 0.0134956 0.36762 7.95481 0 0.723419 0 0.998206 0 0.234832 0.844246 0.776199 1.00533 1 1.00001 1.00678 1.00302 0.00398271 0.00511703 0
1090 24.7727 247.727 0.231995 0.737858 0.232401 0.799122 0.798918 0.927544 0.83287 0.828447 0.765517 0.765517 0.760523 0.754589 0.216219 0.34895 1 1e-06 0.00329889 0.0357791 30.3841 16.0607 2.87693 -18.9376 18.0137 6.28981 21.552 0.373406 0 0 0 0.556741 0.589204 -0.00511208 0.00652101 0.0358149 0.709453 0.664403 0.728671 0.21564 0.201238 0.222846 0.266781 0.249989 0.274189 0 0 0 0 0 0 0.515205 0.591014 0.0162052 0.367229 7.90023 0 0.728133 0 1.00459 0 0.231995 0.832722 0.765517 1.00534 1 1.00001 1.00679 1.00304 0.00395339 0.00508313 0
1100 25 250 0.229374 0.734265 0.229782 0.73771 0.738106 1.01183 0.822398 0.818024 0.75643 0.75643 0.751456 0.745539 0.213772 0.347623 1 1e-06 0.00330936 0.0357995 30.2276 15.9591 2.85087 -18.81 17.9138 6.24451 21.4199 0.398367 0 0 0 0.554895 0.587881 -0.00506704 0.00640104 0.0358238 0.707679 0.662735 0.726981 0.217692 0.203153 0.224966 0.269293 0.252342 0.276768 0 0 0 0 0 0 0.515205 0.591014 0.0141996 0.370754 7.85037 0 0.795844 0 1.10172 0 0.229374 0.822229 0.75643 1.00535 1 1.00001 1.0068 1.00305 0.00394889 0.00507452 0
1110 25.2273 252.273 0.226825 0.730634 0.227226 0.71971 0.71788 1.02253 0.813663 0.809327 0.748118 0.748118 0.743232 0.737375 0.211349 0.347235 1 1e-06 0.00331823 0.0357908 30.0514 15.8572 2.83018 -18.6874 17.8167 6.21452 21.2996 0.389292 0 0 0 0.553252 0.586743 -0.00511623 0.00646339 0.0358433 0.705938 0.660984 0.725272 0.21974 0.205064 0.22708 0.271799 0.254689 0.279341 0 0 0 0 0 0 0.515205 0.591014 0.00833238 0.371392 7.80853 0 0.760197 0 1.06771 0 0.226825 0.813478 0.748118 1.00536 1 1.00001 1.00681 1.00306 0.00391377 0.00502924 0
1120 25.4545 254.545 0.224196 0.727382 0.224607 0.737526 0.740367 0.915667 0.803519 0.799231 0.738912 0.738912 0.734083 0.728357 0.208778 0.344727 1 1e-06 0.00332867 0.0358076 29.8911 15.755 2.80795 -18.563 17.7104 6.1753 21.1647 0.334999 0 0 0 0.552134 0.586131 -0.00509634 0.0064555 0.035896 0.704227 0.659667 0.723649 0.221782 0.20697 0.22919 0.274298 0.25703 0.281908 0 0 0 0 0 0 0.515205 0.591014 0.0106598 0.372551 7.75967 0 0.708282 0 0.975209 0 0.224196 0.803361 0.738912 1.00537 1 1.00001 1.00682 1.00307 0.00389814 0.00500073 0
1130 25.6818 256.818 0.221649 0.724158 0.222062 0.716633 0.717012 0.907974 0.792812 0.788574 0.729108 0.729108 0.72432 0.718644 0.206019 0.34375 1 1e-06 0.00333988 0.0358438 29.7505 15.6443 2.78755 -18.4318 17.5942 6.13189 21.0229 0.349334 0 0 0 0.551365 0.5857 -0.00512829 0.00644092 0.0359079 0.702547 0.658234 0.722129 0.22382 0.208873 0.231296 0.276791 0.259366 0.28447 0 0 0 0 0 0 0.515205 0.591014 0.0168309 0.367949 7.70776 0 0.719631 0 1.01053 0 0.221649 0.792658 0.729108 1.00537 1 1.00001 1.00683 1.00308 0.00387728 0.0049784 0
1140 25.9091 259.091 0.219075 0.72086 0.219495 0.722803 0.725066 0.928552 0.781324 0.777141 0.71901 0.71901 0.714298 0.708715 0.20327 0.341529 1 1e-06 0.00335211 0.0358964 29.6203 15.5267 2.77814 -18.3048 17.467 6.0985 20.8781 0.352014 0 0 0 0.55026 0.584432 -0.00516026 0.00637312 0.0360599 0.70092 0.656651 0.720584 0.225854 0.210773 0.233398 0.279278 0.261697 0.287026 0 0 0 0 0 0 0.515205 0.591014 0.0131153 0.371166 7.65168 0 0.740662 0 1.04557 0 0.219075 0.781171 0.71901 1.00538 1 1.00001 1.00684 1.00309 0.00384259 0.0049389 0
1150 26.1364 261.364 0.216598 0.717623 0.217026 0.695254 0.697536 0.911512 0.771228 0.767093 0.710095 0.710095 0.705444 0.699951 0.200827 0.345369 1 1e-06 0.00336305 0.0359273 29.4774 15.4297 2.74891 -18.1786 17.3631 6.05648 20.7453 0.369308 0 0 0 0.549565 0.583724 -0.00516905 0.00628227 0.0361185 0.699398 0.655229 0.718863 0.227885 0.212668 0.235495 0.28176 0.264023 0.289576 0 0 0 0 0 0 0.515205 0.591014 0.0157934 0.370419 7.60205 0 0.735659 0 1.00509 0 0.216598 0.771081 0.710095 1.00539 1 1.00001 1.00685 1.0031 0.00381865 0.00490691 0
1160 26.3636 263.636 0.214249 0.714326 0.214672 0.66298 0.661314 0.928423 0.762675 0.75858 0.70158 0.70158 0.696975 0.691572 0.198285 0.339265 1 1e-06 0.00337245 0.0359308 29.3192 15.3346 2.72561 -18.0602 17.2689 6.0204 20.612 0.351858 0 0 0 0.548934 0.583441 -0.00518282 0.00616629 0.0361602 0.697808 0.653575 0.717326 0.229911 0.21456 0.237588 0.284236 0.266343 0.292121 0 0 0 0 0 0 0.515205 0.591014 0.0140894 0.36852 7.55976 0 0.695612 0 0.976633 0 0.214249 0.762524 0.70158 1.0054 1 1.00001 1.00686 1.00311 0.00379997 0.00488558 0
1170 26.5909 265.909 0.211864 0.711058 0.212284 0.672498 0.671744 0.92029 0.753052 0.749003 0.693053 0.693053 0.688496 0.68314 0.195951 0.337599 1 1e-06 0.00338319 0.0359574 29.1762 15.2313 2.71217 -17.9434 17.1629 5.98519 20.4864 0.34734 0 0 0 0.548583 0.58397 -0.00531865 0.00609689 0.0361441 0.696289 0.651973 0.715702 0.231934 0.216447 0.239677 0.286707 0.268658 0.29466 0 0 0 0 0 0 0.515205 0.591014 0.0133094 0.372901 7.51189 0 0.703015 0 0.976091 0 0.211864 0.752898 0.693053 1.0054 1 1.00001 1.00687 1.00313 0.00377861 0.00485818 0
1180 26.8182 268.182 0.20945 0.708016 0.20987 0.679829 0.679706 0.856801 0.74331 0.739309 0.683808 0.683808 0.67931 0.674 0.193273 0.338491 1 1e-06 0.00339424 0.0359854 29.0319 15.1263 2.69127 -17.8176 17.048 5.94671 20.349 0.333553 0 0 0 0.548364 0.584569 -0.00525255 0.00619566 0.0360529 0.69485 0.650667 0.714036 0.233952 0.21833 0.241762 0.289173 0.270967 0.297193 0 0 0 0 0 0 0.515205 0.591014 0.0135726 0.370138 7.46311 0 0.706162 0 0.971621 0 0.20945 0.743145 0.683808 1.00541 1 1.00001 1.00688 1.00314 0.00375526 0.00482648 0
1190 27.0455 270.455 0.207213 0.704505 0.207627 0.631374 0.62983 0.988596 0.736107 0.73214 0.676276 0.676276 0.671785 0.666492 0.190946 0.341748 1 1e-06 0.00340253 0.0359659 28.86 15.0349 2.67493 -17.7099 16.9518 5.91509 20.2379 0.363452 0 0 0 0.548115 0.585033 -0.00503975 0.00609783 0.0359432 0.693219 0.649238 0.712003 0.235967 0.220211 0.243841 0.291633 0.273271 0.299719 0 0 0 0 0 0 0.515205 0.591014 0.0130918 0.36896 7.42684 0 0.738906 0 1.05546 0 0.207213 0.73594 0.676276 1.00542 1 1.00001 1.00689 1.00315 0.00374535 0.00482374 0
1200 27.2727 272.727 0.204945 0.701325 0.205361 0.638299 0.638708 0.895401 0.72726 0.723334 0.668451 0.668451 0.664009 0.65882 0.188807 0.339666 1 1e-06 0.00341285 0.035985 28.7161 14.9405 2.65544 -17.596 16.8571 5.88055 20.1171 0.343065 0 0 0 0.548128 0.585656 -0.00502986 0.00602694 0.0359514 0.691793 0.647781 0.710249 0.237977 0.222087 0.245916 0.294087 0.275571 0.302238 0 0 0 0 0 0 0.515205 0.591014 0.0141651 0.370197 7.38204 0 0.708199 0 0.964333 0 0.204945 0.72711 0.668451 1.00543 1 1.00001 1.0069 1.00316 0.00372744 0.00479728 0
1210 27.5 275 0.20271 0.698166 0.203128 0.628712 0.62946 0.889667 0.719773 0.715883 0.660583 0.660583 0.656225 0.651142 0.186375 0.338761 1 1e-06 0.00342171 0.0359723 28.5482 14.8442 2.63948 -17.4837 16.7618 5.8433 19.9955 0.349315 0 0 0 0.548713 0.586528 -0.00501165 0.00598065 0.0359239 0.690264 0.64629 0.708644 0.239983 0.22396 0.247985 0.296536 0.277865 0.304752 0 0 0 0 0 0 0.515205 0.591014 0.0159632 0.369219 7.34392 0 0.692178 0 0.950727 0 0.20271 0.719619 0.660583 1.00543 1 1.00001 1.00691 1.00317 0.00369487 0.00475248 0
1220 27.7273 277.273 0.200485 0.695152 0.200913 0.623643 0.626455 0.848703 0.71111 0.707263 0.652011 0.652011 0.647674 0.642639 0.18382 0.337806 1 1e-06 0.0034321 0.035992 28.4064 14.7407 2.62877 -17.3695 16.6498 5.81192 19.8657 0.337789 0 0 0 0.549535 0.587437 -0.00506375 0.00601951 0.035817 0.688866 0.644839 0.707072 0.241985 0.225828 0.250051 0.29898 0.280153 0.30726 0 0 0 0 0 0 0.515205 0.591014 0.014999 0.36814 7.29957 0 0.683818 0 0.949635 0 0.200485 0.710961 0.652011 1.00544 1 1.00001 1.00692 1.00318 0.0036917 0.0047417 0
1230 27.9545 279.545 0.198406 0.691813 0.198824 0.588426 0.585428 0.940236 0.70404 0.700226 0.645272 0.645272 0.640962 0.635893 0.181859 0.339697 1 1e-06 0.0034407 0.0359803 28.2482 14.6517 2.60548 -17.2572 16.5674 5.78185 19.7597 0.377829 0 0 0 0.549812 0.587426 -0.00501979 0.00588415 0.0358011 0.687197 0.643232 0.705436 0.243983 0.227693 0.252112 0.301419 0.282437 0.309762 0 0 0 0 0 0 0.515205 0.591014 0.0135272 0.369457 7.26317 0 0.730558 0 1.02005 0 0.198406 0.703877 0.645272 1.00545 1 1.00001 1.00693 1.00319 0.00366608 0.00472271 0
1240 28.1818 281.818 0.196433 0.688417 0.196854 0.554812 0.555754 0.956417 0.698363 0.694576 0.639546 0.639546 0.63529 0.630322 0.180137 0.339182 1 1e-06 0.00344769 0.0359473 28.0812 14.5771 2.57909 -17.1562 16.5068 5.75134 19.6621 0.353156 0 0 0 0.55052 0.587871 -0.00501768 0.00592904 0.0358976 0.685528 0.641632 0.7037 0.245977 0.229553 0.254169 0.303851 0.284714 0.312258 0 0 0 0 0 0 0.515205 0.591014 0.0142271 0.373316 7.23381 0 0.672176 0 0.912443 0 0.196433 0.698203 0.639546 1.00545 1 1.00001 1.00693 1.0032 0.00364373 0.00469482 0
1250 28.4091 284.091 0.194283 0.685488 0.194707 0.60457 0.605339 0.824914 0.689932 0.686186 0.631739 0.631739 0.627527 0.622607 0.177916 0.340508 1 1e-06 0.00345819 0.0359636 27.9381 14.476 2.56578 -17.0418 16.4015 5.71606 19.5454 0.332468 0 0 0 0.55158 0.588596 -0.00509313 0.00601361 0.0358857 0.684182 0.640255 0.7021 0.247967 0.23141 0.256221 0.306279 0.286986 0.314748 0 0 0 0 0 0 0.515205 0.591014 0.0128809 0.367952 7.18998 0 0.674464 0 0.917113 0 0.194283 0.689765 0.631739 1.00546 1 1.00001 1.00694 1.00321 0.00363165 0.00467145 0
1260 28.6364 286.364 0.192305 0.682321 0.192738 0.55452 0.557051 0.891763 0.684767 0.681045 0.625274 0.625274 0.621117 0.616324 0.175732 0.342773 1 1e-06 0.00346471 0.0359157 27.7584 14.3917 2.54693 -16.9387 16.3219 5.68242 19.4421 0.368152 0 0 0 0.552406 0.589174 -0.00510023 0.00580492 0.0357178 0.682632 0.6387 0.700513 0.249953 0.233263 0.258269 0.308701 0.289253 0.317232 0 0 0 0 0 0 0.515205 0.591014 0.00809131 0.368782 7.163 0 0.703298 0 0.965224 0 0.192305 0.684619 0.625274 1.00547 1 1.00001 1.00695 1.00323 0.00360331 0.00464067 0
1270 28.8636 288.636 0.190328 0.679266 0.190742 0.561856 0.556676 0.860297 0.675925 0.672248 0.618285 0.618285 0.61417 0.609369 0.173989 0.337983 1 1e-06 0.003476 0.0359619 27.6501 14.302 2.5315 -16.8335 16.2394 5.64707 19.3271 0.310529 0 0 0 0.553871 0.590351 -0.00510732 0.00574606 0.0358028 0.681087 0.637195 0.699024 0.251935 0.235111 0.260313 0.311117 0.291515 0.319711 0 0 0 0 0 0 0.515205 0.591014 0.0145056 0.368402 7.11659 0 0.694256 0 0.993087 0 0.190328 0.675753 0.618285 1.00547 1 1.00001 1.00696 1.00324 0.00358534 0.00461809 0
1280 29.0909 290.909 0.188296 0.676151 0.188697 0.575903 0.572252 0.877138 0.66872 0.665077 0.611602 0.611602 0.607491 0.602635 0.172076 0.338105 1 1e-06 0.00348534 0.0359623 27.502 14.2232 2.50443 -16.7276 16.1609 5.6073 19.2175 0.297416 0 0 0 0.555609 0.591467 -0.00499854 0.00571834 0.0358632 0.679594 0.635671 0.697407 0.253912 0.236956 0.262353 0.313528 0.293771 0.322185 0 0 0 0 0 0 0.515205 0.591014 0.0107116 0.371904 7.07853 0 0.713512 0 1.01993 0 0.188296 0.668536 0.611602 1.00548 1 1.00001 1.00696 1.00325 0.00357283 0.00461481 0
1290 29.3182 293.182 0.186278 0.673236 0.186698 0.563028 0.56818 0.820895 0.661772 0.658163 0.604509 0.604509 0.600452 0.595713 0.169927 0.341366 1 1e-06 0.00349447 0.0359543 27.347 14.1357 2.48825 -16.6239 16.0639 5.57401 19.108 0.338157 0 0 0 0.557604 0.592996 -0.00483427 0.00574799 0.0357601 0.678218 0.634245 0.695863 0.255886 0.238797 0.264388 0.315934 0.296022 0.324652 0 0 0 0 0 0 0.515205 0.591014 0.0143958 0.373021 7.04164 0 0.674439 0 0.935109 0 0.186278 0.661597 0.604509 1.00548 1 1.00001 1.00697 1.00326 0.00355809 0.00458649 0
1300 29.5455 295.455 0.184388 0.670181 0.184813 0.530655 0.532283 0.860186 0.65362 0.650053 0.597804 0.597804 0.593776 0.589107 0.168212 0.342545 1 1e-06 0.00350533 0.0359931 27.2369 14.0495 2.46892 -16.5184 15.9785 5.5399 18.9991 0.337096 0 0 0 0.559343 0.594293 -0.00487256 0.00578173 0.0356226 0.676727 0.632757 0.694278 0.257856 0.240634 0.266419 0.318335 0.298267 0.327115 0 0 0 0 0 0 0.515205 0.591014 0.0125265 0.371989 6.99812 0 0.692158 0 0.972015 0 0.184388 0.653459 0.597804 1.00549 1 1.00001 1.00698 1.00327 0.00354515 0.0045706 0
