160 3.63636 36.3636 1.14344 1.16673 1.15437 0 0 0 4.41788 4.41092 4.0084 4.0084 3.99355 3.96199 1.12133 0.350617 1 0.001 0.00216764 0.0344992 65.4002 38.0344 7.85288 -45.8873 40.4293 14.5295 50.0644 -0.157069 0 0 0 0.550537 0.586836 -7.7135e-05 0.00061972 -0.0011068 0.881723 0.846856 0.915895 0.00250903 0.00241063 0.00260852 0.00313295 0.00300918 0.00325419 0 0 0 0 0 0 0.499886 0.577219 -0.000608492 0.395659 18.2294 0 1.40659 0 1.78052 0 1.14344 4.41984 4.0084 1.00158 1 1.00003 1.00201 1.00187 0.00659231 0.00836161 0
170 3.86364 38.6364 1.11715 1.16173 1.13874 4.40124 7.40407 1.40906 4.32449 4.31722 3.92342 3.92342 3.90881 3.87792 1.09747 0.350471 1 0.001 0.00217942 0.0344679 64.5774 37.6609 7.70481 -45.3657 40.0401 14.3384 49.5035 -0.364367 0 0 0 0.541572 0.579416 -8.93196e-05 0.000615575 -0.00111058 0.879816 0.844881 0.914088 0.00501414 0.00481722 0.00521332 0.00626087 0.00601316 0.00650363 0 0 0 0 0 0 0.499886 0.577219 -0.000501957 0.395364 18.0347 0 1.87995 0 2.22 0 1.11715 4.32638 3.92342 1.00168 1 1.00003 1.00214 1.00188 0.00654639 0.00830141 0
180 4.09091 40.9091 1.09068 1.15449 1.12191 4.74123 7.45297 2.039 4.22727 4.21975 3.83428 3.83428 3.81997 3.78996 1.0723 0.350256 1 0.001 0.00219201 0.0344478 63.7632 37.2572 7.56144 -44.8187 39.6174 14.1402 48.9162 -0.595261 0 0 0 0.529608 0.568882 -0.000112062 0.000598164 -0.00111871 0.877056 0.842027 0.911448 0.0075127 0.00721702 0.00781183 0.00938044 0.00900851 0.00974512 0 0 0 0 0 0 0.499886 0.577219 -0.000684061 0.394438 17.83 0 2.21582 0 2.59133 0 1.09068 4.22907 3.83428 1.00178 1 1.00003 1.00226 1.00189 0.0064947 0.00823236 0
190 4.31818 43.1818 1.06389 1.14456 1.10356 5.16468 7.54492 2.79646 4.12514 4.11744 3.73972 3.73972 3.72576 3.69681 1.04539 0.349597 1 0.001 0.0022056 0.0344416 62.9574 36.8146 7.42539 -44.24 39.149 13.9549 48.2901 -0.889047 0 0 0 0.516951 0.557427 -0.000140486 0.000579808 -0.00112686 0.873265 0.838097 0.907808 0.0100021 0.00960732 0.0104014 0.0124882 0.0119916 0.0129753 0 0 0 0 0 0 0.499886 0.577219 -0.000674381 0.392992 17.6125 0 2.53778 0 2.95914 0 1.06389 4.12683 3.73972 1.00187 1 1.00003 1.00238 1.00191 0.00643214 0.0081516 0
200 4.54545 45.4545 1.03662 1.13167 1.08351 5.64753 7.67886 3.63024 4.01542 4.00758 3.63856 3.63856 3.62499 3.5972 1.01671 0.348855 1 0.001 0.00222065 0.0344597 62.1719 36.3308 7.28963 -43.6204 38.636 13.7515 47.6173 -1.22652 0 0 0 0.50637 0.547795 -0.000181265 0.000558476 -0.00114107 0.868316 0.832968 0.903064 0.0124793 0.0119849 0.0129791 0.01558 0.0149583 0.0161902 0 0 0 0 0 0 0.499886 0.577219 -0.000694018 0.392035 17.3759 0 2.83323 0 3.29632 0 1.03662 4.01698 3.63856 1.00196 1 1.00003 1.00248 1.00194 0.00636122 0.0080634 0
210 4.77273 47.7273 1.00882 1.11585 1.06173 6.13409 7.82785 4.45433 3.89727 3.88936 3.53035 3.53035 3.51721 3.49066 0.986191 0.348128 1 0.001 0.00223743 0.034507 61.4111 35.8061 7.14797 -42.9541 38.0786 13.526 46.8897 -1.58155 0 0 0 0.498908 0.540864 -0.000224971 0.000526484 -0.00116345 0.862195 0.826647 0.897201 0.0149409 0.0143464 0.0155417 0.0186516 0.0179039 0.0193856 0 0 0 0 0 0 0.499886 0.577219 -0.000560345 0.390959 17.1177 0 3.09375 0 3.59029 0 1.00882 3.89872 3.53035 1.00203 1 1.00003 1.00258 1.00197 0.00627733 0.00796029 0
220 5 50 0.980507 1.09735 1.03834 6.58468 7.97378 5.2096 3.77055 3.76263 3.41558 3.41558 3.40289 3.37756 0.954103 0.347672 1 0.001 0.00225612 0.0345872 60.6784 35.2378 7.00336 -42.2412 37.4719 13.2882 46.1095 -1.9326 0 0 0 0.494084 0.536453 -0.000271107 0.000481524 -0.00119192 0.85498 0.819206 0.890285 0.0173838 0.0166884 0.0180859 0.0216986 0.0208242 0.0225575 0 0 0 0 0 0 0.499886 0.577219 -0.000275491 0.390012 16.8365 0 3.31129 0 3.8309 0 0.980507 3.77188 3.41558 1.00211 1 1.00002 1.00268 1.002 0.00619124 0.00784649 0
230 5.22727 52.2727 0.951774 1.07657 1.01361 6.9641 8.09106 5.85191 3.63754 3.62965 3.29549 3.29549 3.28326 3.25916 0.920615 0.347129 1 0.001 0.00227658 0.0346951 59.9641 34.6263 6.85322 -41.4795 36.8214 13.0496 45.279 -2.25502 0 0 0 0.491613 0.534324 -0.000313631 0.000427707 -0.00122099 0.846793 0.810805 0.882423 0.0198049 0.0190079 0.020609 0.024717 0.0237152 0.025702 0 0 0 0 0 0 0.499886 0.577219 -0.000180755 0.388834 16.5363 0 3.48934 0 4.02184 0 0.951774 3.63877 3.29549 1.00217 1 1.00002 1.00276 1.00203 0.00609705 0.00772354 0
240 5.45455 54.5455 0.922766 1.05395 0.98783 7.26047 8.16862 6.36838 3.50099 3.49318 3.17166 3.17166 3.15991 3.13703 0.885968 0.346564 1 0.001 0.00229857 0.0348231 59.2559 33.9797 6.70461 -40.6843 36.1333 12.8001 44.4103 -2.5426 0 0 0 0.490521 0.533513 -0.000348078 0.000361076 -0.00126042 0.837802 0.801593 0.87375 0.0222015 0.0213022 0.0231081 0.0277035 0.0265734 0.0288156 0 0 0 0 0 0 0.499886 0.577219 -0.000438532 0.387851 16.2225 0 3.63021 0 4.16834 0 0.922766 3.50213 3.17166 1.00224 1 1.00002 1.00284 1.00207 0.0059941 0.00759031 0
250 5.68182 56.8182 0.893655 1.02996 0.961307 7.46892 8.19783 6.75711 3.36266 3.35495 3.0458 3.0458 3.03453 3.01288 0.850666 0.346237 1 0.001 0.00232196 0.0349678 58.5512 33.3067 6.55948 -39.8662 35.4172 12.534 43.5145 -2.7813 0 0 0 0.49048 0.533738 -0.000376881 0.000275762 -0.00130712 0.828172 0.791735 0.864407 0.0245713 0.0235691 0.025581 0.0306552 0.029396 0.0318956 0 0 0 0 0 0 0.499886 0.577219 -0.000358807 0.386957 15.8983 0 3.73703 0 4.27443 0 0.893655 3.36372 3.0458 1.0023 1 1.00002 1.00292 1.0021 0.00588411 0.00745031 0
260 5.90909 59.0909 0.864608 1.00498 0.934329 7.59696 8.1796 7.0321 3.22437 3.2168 2.91948 2.91948 2.90869 2.88823 0.815127 0.34564 1 0.001 0.00234656 0.035125 57.846 32.614 6.40698 -39.021 34.682 12.2688 42.5958 -2.9771 0 0 0 0.490769 0.534038 -0.000403336 0.000174596 -0.00134162 0.818039 0.781378 0.854535 0.0269126 0.0258067 0.0280258 0.0335698 0.0321808 0.0349395 0 0 0 0 0 0 0.499886 0.577219 -0.000441437 0.386246 15.5675 0 3.81693 0 4.35028 0 0.864608 3.22536 2.91948 1.00235 1 1.00002 1.00299 1.00214 0.00576791 0.00730542 0
270 6.13636 61.3636 0.835805 0.979343 0.907137 7.65724 8.11086 7.2207 3.08733 3.07992 2.79399 2.79399 2.78368 2.76439 0.779757 0.345412 1 0.001 0.00237227 0.0352934 57.1425 31.9048 6.25927 -38.164 33.9314 12.0037 41.6658 -3.12084 0 0 0 0.491217 0.53449 -0.000426937 7.81349e-05 -0.00138249 0.807511 0.770621 0.844248 0.0292238 0.0280138 0.0304409 0.0364456 0.034926 0.0379455 0 0 0 0 0 0 0.499886 0.577219 -6.66791e-05 0.385385 15.2327 0 3.87418 0 4.399 0 0.835805 3.08825 2.79399 1.00241 1 1.00002 1.00306 1.00217 0.00564864 0.00715536 0
280 6.36364 63.6364 0.807407 0.953333 0.87996 7.65313 7.9968 7.32424 2.95209 2.94486 2.67035 2.67035 2.66052 2.64238 0.744956 0.345566 1 0.001 0.00239907 0.0354743 56.4468 31.1901 6.11004 -37.3001 33.1729 11.7405 40.73 -3.22019 0 0 0 0.491382 0.534844 -0.000452869 -3.58624e-05 -0.00141414 0.796696 0.759563 0.83367 0.0315037 0.030189 0.0328251 0.0392811 0.0376301 0.040912 0 0 0 0 0 0 0.499886 0.577219 3.61515e-05 0.384485 14.895 0 3.90972 0 4.42495 0 0.807407 2.95295 2.67035 1.00245 1 1.00002 1.00312 1.00221 0.00552405 0.00700086 0
290 6.59091 65.9091 0.779547 0.927182 0.852977 7.59843 7.84555 7.36421 2.81944 2.81242 2.54928 2.54928 2.53992 2.52289 0.710921 0.345988 1 0.001 0.00242689 0.0356671 55.7616 30.4714 5.96449 -36.4359 32.4106 11.4789 39.7936 -3.28708 0 0 0 0.491843 0.535444 -0.000482642 -0.000162349 -0.00142358 0.785683 0.74829 0.822878 0.0337515 0.0323315 0.0351775 0.0420754 0.0402922 0.0438381 0 0 0 0 0 0 0.499886 0.577219 3.65722e-05 0.383488 14.5562 0 3.92905 0 4.43419 0 0.779547 2.82024 2.54928 1.0025 1 1.00002 1.00317 1.00224 0.00539713 0.00684099 0
300 6.81818 68.1818 0.752311 0.901083 0.826332 7.50312 7.66966 7.34948 2.68987 2.68305 2.43127 2.43127 2.42238 2.40642 0.677811 0.347032 1 0.001 0.00245567 0.0358722 55.0896 29.7501 5.82382 -35.5739 31.6483 11.2215 38.8599 -3.32103 0 0 0 0.492343 0.535954 -0.00051819 -0.000294101 -0.00142651 0.774551 0.736878 0.811941 0.0359664 0.0344406 0.0374974 0.0448276 0.0429114 0.0467229 0 0 0 0 0 0 0.499886 0.577219 -7.38796e-05 0.382666 14.2174 0 3.9341 0 4.42769 0 0.752311 2.69061 2.43127 1.00254 1 1.00002 1.00323 1.00228 0.00527109 0.00667879 0
310 7.04545 70.4545 0.725797 0.875197 0.800153 7.37197 7.46632 7.28943 2.56351 2.55692 2.31687 2.31687 2.30843 2.29347 0.645858 0.348633 1 0.001 0.00248546 0.0360919 54.4374 29.037 5.68267 -34.7196 30.8919 10.9594 37.9345 -3.3244 0 0 0 0.493658 0.537251 -0.000556608 -0.000432156 -0.00141453 0.763345 0.725407 0.800927 0.0381482 0.0365158 0.0397844 0.0475375 0.0454874 0.0495658 0 0 0 0 0 0 0.499886 0.577219 3.24535e-05 0.381977 13.8792 0 3.92672 0 4.40883 0 0.725797 2.56419 2.31687 1.00258 1 1.00001 1.00327 1.00231 0.0051436 0.00651819 0
320 7.27273 72.7273 0.700058 0.849627 0.774517 7.21908 7.24815 7.20057 2.44113 2.43477 2.20639 2.20639 2.19839 2.18437 0.615071 0.35035 1 0.001 0.00251611 0.0363231 53.8018 28.3281 5.5507 -33.8788 30.1405 10.703 37.0205 -3.30506 0 0 0 0.494773 0.538561 -0.000594827 -0.000578468 -0.00138969 0.752116 0.713911 0.789878 0.0402964 0.0385569 0.0420381 0.0502046 0.0480199 0.0523666 0 0 0 0 0 0 0.499886 0.577219 1.47208e-05 0.381027 13.5437 0 3.91128 0 4.38198 0 0.700058 2.44176 2.20639 1.00261 1 1.00001 1.00332 1.00235 0.00501229 0.00635561 0
330 7.5 75 0.675163 0.824465 0.749507 7.04297 7.01047 7.08561 2.32307 2.31695 2.10012 2.10012 2.09255 2.07942 0.58553 0.351821 1 0.001 0.00254754 0.0365658 53.1857 27.629 5.41907 -33.0481 29.4007 10.4475 36.1199 -3.2634 0 0 0 0.495338 0.539209 -0.000619386 -0.000733372 -0.00136169 0.740911 0.702431 0.778827 0.042411 0.0405639 0.0442583 0.052829 0.0505088 0.0551251 0 0 0 0 0 0 0.499886 0.577219 7.1584e-05 0.380337 13.2119 0 3.88586 0 4.34548 0 0.675163 2.32366 2.10012 1.00264 1 1.00001 1.00336 1.00238 0.00488484 0.00619418 0
340 7.72727 77.2727 0.651133 0.799793 0.725176 6.85146 6.76663 6.94756 2.2092 2.20331 1.99809 1.99809 1.99091 1.97863 0.557271 0.353314 1 0.001 0.00257981 0.0368221 52.5931 26.9407 5.28907 -32.2298 28.6722 10.1912 35.235 -3.20939 0 0 0 0.496498 0.540479 -0.000631349 -0.000897547 -0.00133281 0.729767 0.691008 0.767811 0.0444918 0.0425368 0.0464451 0.0554106 0.0529542 0.0578413 0 0 0 0 0 0 0.499886 0.577219 6.21902e-05 0.379701 12.8838 0 3.8547 0 4.30281 0 0.651133 2.20975 1.99809 1.00267 1 1.00001 1.00339 1.00241 0.00475856 0.00603528 0
350 7.95455 79.5455 0.627994 0.775663 0.701561 6.65022 6.51605 6.79519 2.09992 2.09427 1.90031 1.90031 1.89352 1.88204 0.530227 0.354365 1 0.001 0.00261279 0.0370897 52.0216 26.2612 5.16406 -31.4253 27.953 9.94841 34.3658 -3.14092 0 0 0 0.497291 0.541335 -0.000632476 -0.00106184 -0.00129568 0.718706 0.679673 0.756856 0.0465391 0.0444756 0.0485984 0.0579497 0.0553563 0.0605152 0 0 0 0 0 0 0.499886 0.577219 -0.000237461 0.378912 12.561 0 3.81698 0 4.25406 0 0.627994 2.10042 1.90031 1.0027 1 1.00001 1.00343 1.00245 0.00463304 0.005878 0
360 8.18182 81.8182 0.605752 0.752127 0.678689 6.44065 6.26323 6.62763 1.99555 1.99014 1.80682 1.80682 1.80039 1.78966 0.504339 0.355921 1 0.001 0.00264635 0.0373658 51.4686 25.5933 5.04685 -30.6402 27.2465 9.70574 33.516 -3.06723 0 0 0 0.498135 0.542128 -0.000614738 -0.00122202 -0.00126115 0.707755 0.668446 0.746001 0.0485531 0.0463805 0.0507184 0.0604466 0.0577155 0.063147 0 0 0 0 0 0 0.499886 0.577219 -0.000519677 0.378004 12.2447 0 3.77609 0 4.20234 0 0.605752 1.99602 1.80682 1.00272 1 1.00001 1.00346 1.00248 0.00450922 0.00572213 0
370 8.40909 84.0909 0.584394 0.729204 0.656566 6.22986 6.01464 6.45511 1.89572 1.89054 1.71753 1.71753 1.71145 1.70141 0.47965 0.357144 1 0.001 0.00268056 0.0376535 50.9387 24.9408 4.92943 -29.8703 26.5551 9.47006 32.6827 -2.98514 0 0 0 0.499045 0.543015 -0.000587741 -0.00138147 -0.00122487 0.696919 0.657343 0.735264 0.0505339 0.0482517 0.0528053 0.0629016 0.0600321 0.0657372 0 0 0 0 0 0 0.499886 0.577219 -0.000581762 0.377357 11.9344 0 3.73104 0 4.14664 0 0.584394 1.89616 1.71753 1.00274 1 1.00001 1.00348 1.00251 0.00438896 0.00557138 0
380 8.63636 86.3636 0.563918 0.706917 0.635202 6.0162 5.76604 6.27589 1.80057 1.79562 1.63236 1.63236 1.62662 1.61724 0.45609 0.358394 1 0.001 0.00271533 0.0379507 50.4293 24.3029 4.81688 -29.1198 25.878 9.24022 31.8678 -2.89852 0 0 0 0.499941 0.543959 -0.00055459 -0.00153774 -0.00118077 0.686223 0.646382 0.724654 0.0524819 0.0500895 0.0548594 0.0653151 0.0623067 0.0682862 0 0 0 0 0 0 0.499886 0.577219 -0.000647799 0.376451 11.6309 0 3.68311 0 4.08875 0 0.563918 1.80099 1.63236 1.00276 1 1.00001 1.00351 1.00255 0.00427041 0.00542144 0
390 8.86364 88.6364 0.544295 0.685281 0.614586 5.80523 5.52581 6.09292 1.70998 1.70525 1.55122 1.55122 1.5458 1.53704 0.433634 0.359511 1 0.001 0.00275063 0.0382572 49.9402 23.6796 4.70539 -28.385 25.2173 9.01444 31.0709 -2.81196 0 0 0 0.500743 0.54484 -0.000522755 -0.00167834 -0.0011414 0.675671 0.635581 0.71419 0.0543974 0.0518944 0.056881 0.0676878 0.0645396 0.0707943 0 0 0 0 0 0 0.499886 0.577219 -0.0005969 0.375878 11.3345 0 3.63385 0 4.03016 0 0.544295 1.71037 1.55122 1.00278 1 1.00001 1.00353 1.00258 0.00415241 0.00527186 0
400 9.09091 90.9091 0.525508 0.664293 0.594711 5.59685 5.29044 5.91017 1.62362 1.6191 1.47403 1.47403 1.46891 1.46072 0.412302 0.360438 1 0.001 0.00278653 0.0385756 49.4752 23.0732 4.5953 -27.6685 24.5733 8.79361 30.2927 -2.72374 0 0 0 0.501996 0.546137 -0.000487136 -0.00181344 -0.00110612 0.665272 0.624942 0.703879 0.0562809 0.0536667 0.0588704 0.0700199 0.0667316 0.0732621 0 0 0 0 0 0 0.499886 0.577219 -0.000506376 0.375287 11.0444 0 3.58222 0 3.96937 0 0.525508 1.62398 1.47403 1.00279 1 1.00001 1.00355 1.00261 0.00403601 0.00512533 0
410 9.31818 93.1818 0.507532 0.643961 0.575569 5.39056 5.06193 5.72556 1.54142 1.53711 1.40062 1.40062 1.3958 1.38814 0.392033 0.36096 1 0.001 0.00282299 0.0389054 49.0333 22.481 4.48796 -26.969 23.9458 8.5783 29.5331 -2.63574 0 0 0 0.503157 0.547311 -0.000448018 -0.00193801 -0.00107051 0.655035 0.614475 0.693737 0.0581327 0.055407 0.060828 0.0723122 0.0688832 0.0756901 0 0 0 0 0 0 0.499886 0.577219 -0.000442938 0.37463 10.7612 0 3.53064 0 3.90879 0 0.507532 1.54175 1.40062 1.0028 1 1.00001 1.00356 1.00264 0.00392077 0.00498006 0
420 9.54545 95.4545 0.490335 0.624278 0.557139 5.18989 4.84263 5.54257 1.46322 1.45911 1.33082 1.33082 1.32628 1.31912 0.372768 0.361538 1 0.001 0.00286 0.0392464 48.6139 21.9038 4.38365 -26.2875 23.3331 8.36831 28.7926 -2.5502 0 0 0 0.503554 0.547799 -0.000409453 -0.00204551 -0.00103157 0.644965 0.60418 0.683771 0.0599533 0.0571157 0.0627543 0.0745652 0.0709949 0.078079 0 0 0 0 0 0 0.499886 0.577219 -0.000246482 0.373872 10.4846 0 3.47708 0 3.84686 0 0.490335 1.46353 1.33082 1.00282 1 1.00001 1.00358 1.00267 0.00380713 0.00483634 0
430 9.77273 97.7273 0.473887 0.605248 0.539409 4.99278 4.63182 5.35902 1.38888 1.38497 1.26451 1.26451 1.26024 1.25355 0.354478 0.362023 1 0.001 0.00289755 0.0395987 48.2164 21.3415 4.28175 -25.6232 22.736 8.16443 28.0707 -2.46491 0 0 0 0.504471 0.548665 -0.0003683 -0.00214032 -0.000990023 0.635069 0.594075 0.673986 0.0617431 0.0587933 0.0646497 0.0767794 0.0730675 0.0804294 0 0 0 0 0 0 0.499886 0.577219 -0.000398463 0.373393 10.2147 0 3.42316 0 3.78458 0 0.473887 1.38917 1.26451 1.00283 1 1.00001 1.00359 1.0027 0.00369711 0.00469599 0
440 10 100 0.458164 0.586858 0.52236 4.80094 4.42771 5.17862 1.31824 1.31451 1.20156 1.20156 1.19754 1.1913 0.337129 0.362446 1 0.001 0.00293563 0.0399626 47.841 20.7926 4.18431 -24.9769 22.1539 7.96776 27.3675 -2.38172 0 0 0 0.505443 0.549641 -0.000323213 -0.00221852 -0.00094405 0.625345 0.584163 0.664388 0.0635025 0.0604402 0.0665147 0.0789555 0.0751017 0.0827418 0 0 0 0 0 0 0.499886 0.577219 -0.000507564 0.372849 9.95153 0 3.36892 0 3.72251 0 0.458164 1.31851 1.20156 1.00283 1 1.00001 1.0036 1.00273 0.00358738 0.00455797 0
450 10.2273 102.273 0.443139 0.5691 0.505976 4.61369 4.23102 5.00054 1.25115 1.2476 1.14185 1.14185 1.13807 1.13223 0.320688 0.362738 1 0.001 0.00297423 0.0403383 47.4878 20.2593 4.08776 -24.347 21.5881 7.77625 26.6828 -2.29565 0 0 0 0.506616 0.550817 -0.000275597 -0.00228572 -0.00090296 0.615799 0.574441 0.654988 0.065232 0.062057 0.0683499 0.0810941 0.077098 0.0850171 0 0 0 0 0 0 0.499886 0.577219 -0.000314846 0.372084 9.69494 0 3.31317 0 3.65882 0 0.443139 1.2514 1.14185 1.00284 1 1.00001 1.00361 1.00276 0.00348145 0.00442397 0
460 10.4545 104.545 0.428784 0.551958 0.490237 4.43217 4.0423 4.82704 1.18751 1.18414 1.08524 1.08524 1.08168 1.07624 0.30511 0.363015 1 0.001 0.00301332 0.0407253 47.156 19.7422 3.99147 -23.7337 21.0396 7.58461 26.0171 -2.21481 0 0 0 0.507509 0.551614 -0.000225322 -0.00233978 -0.000858439 0.606436 0.56491 0.645779 0.0669319 0.0636443 0.0701557 0.0831958 0.0790573 0.0872559 0 0 0 0 0 0 0.499886 0.577219 -7.60712e-05 0.371739 9.44513 0 3.25941 0 3.59759 0 0.428784 1.18774 1.08524 1.00285 1 1.00001 1.00362 1.00278 0.0033781 0.0042928 0
470 10.6818 106.818 0.415063 0.535413 0.475112 4.25908 3.86379 4.6593 1.12709 1.12388 1.03157 1.03157 1.02822 1.02313 0.290354 0.363516 1 0.001 0.00305292 0.0411246 46.8454 19.2385 3.89957 -23.138 20.5055 7.40007 25.3699 -2.13555 0 0 0 0.5087 0.552762 -0.000179489 -0.00239046 -0.000814905 0.597249 0.555572 0.636757 0.068603 0.0652027 0.0719327 0.0852613 0.0809803 0.0894589 0 0 0 0 0 0 0.499886 0.577219 -0.000137144 0.371231 9.20169 0 3.20586 0 3.53707 0 0.415063 1.12731 1.03157 1.00285 1 1.00001 1.00363 1.00281 0.00327718 0.00416429 0
480 10.9091 109.091 0.401963 0.519451 0.460588 4.08993 3.68898 4.49467 1.06987 1.06682 0.98075 0.98075 0.977605 0.972851 0.276387 0.364186 1 0.001 0.00309296 0.0415344 46.5549 18.7485 3.81224 -22.5607 19.9854 7.223 24.7419 -2.05657 0 0 0 0.509836 0.55379 -0.00013355 -0.00243448 -0.000769752 0.588246 0.546427 0.627923 0.0702457 0.0667326 0.0736813 0.0872913 0.0828675 0.0916267 0 0 0 0 0 0 0.499886 0.577219 -3.49206e-05 0.370711 8.96505 0 3.15152 0 3.47539 0 0.401963 1.07008 0.98075 1.00286 1 1.00001 1.00363 1.00284 0.00317899 0.00403974 0
490 11.1364 111.364 0.389451 0.504061 0.446643 3.92682 3.52332 4.33406 1.0158 1.0129 0.932642 0.932642 0.929687 0.925247 0.263146 0.364922 1 0.001 0.00313333 0.0419527 46.281 18.2731 3.72722 -22.0003 19.4811 7.04924 24.1322 -1.98035 0 0 0 0.510633 0.554457 -8.42449e-05 -0.00247054 -0.000723838 0.579429 0.537474 0.619278 0.0718605 0.0682345 0.075402 0.0892862 0.0847198 0.0937601 0 0 0 0 0 0 0.499886 0.577219 0.000180463 0.370276 8.73557 0 3.09826 0 3.41529 0 0.389451 1.01599 0.932642 1.00286 1 1 1.00364 1.00286 0.00308245 0.00391819 0
500 11.3636 113.636 0.3775 0.489221 0.433254 3.77045 3.36532 4.17896 0.964708 0.96195 0.887089 0.887089 0.884312 0.880159 0.250587 0.36582 1 0.001 0.00317403 0.0423794 46.0239 17.8118 3.64438 -21.4562 18.9917 6.8793 23.5404 -1.90671 0 0 0 0.511195 0.554993 -3.80466e-05 -0.00250418 -0.000677368 0.570794 0.52871 0.61082 0.0734479 0.0697091 0.0770954 0.0912469 0.0865377 0.0958596 0 0 0 0 0 0 0.499886 0.577219 0.000309333 0.369576 8.51301 0 3.04428 0 3.35471 0 0.3775 0.964884 0.887089 1.00287 1 1 1.00364 1.00288 0.00298832 0.00379973 0
510 11.5909 115.909 0.366088 0.474925 0.420406 3.61812 3.21369 4.02573 0.916396 0.913774 0.844 0.844 0.84139 0.837509 0.238704 0.366789 1 0.001 0.00321507 0.0428151 45.7837 17.365 3.56306 -20.928 18.5171 6.71376 22.9666 -1.83456 0 0 0 0.511717 0.555456 8.55838e-06 -0.00253368 -0.000634174 0.56234 0.520145 0.602555 0.0750084 0.0711568 0.0787621 0.093174 0.0883221 0.0979261 0 0 0 0 0 0 0.499886 0.577219 0.000443934 0.369282 8.2971 0 2.991 0 3.29493 0 0.366088 0.91656 0.844 1.00287 1 1 1.00365 1.00291 0.00289635 0.00368464 0
520 11.8182 118.182 0.355188 0.461154 0.408076 3.47214 3.06959 3.87796 0.870757 0.868264 0.80325 0.80325 0.800798 0.797173 0.227457 0.367929 1 0.001 0.0032564 0.0432592 45.5595 16.9304 3.48669 -20.4171 18.0561 6.55434 22.4109 -1.76576 0 0 0 0.512617 0.556218 5.31396e-05 -0.00255926 -0.00059025 0.554066 0.51177 0.594482 0.0765426 0.0725781 0.0804026 0.0950681 0.0900736 0.0999601 0 0 0 0 0 0 0.499886 0.577219 0.000360177 0.368728 8.08785 0 2.9381 0 3.23597 0 0.355188 0.87091 0.80325 1.00287 1 1 1.00365 1.00293 0.00280832 0.00357329 0
530 12.0455 120.455 0.344771 0.447885 0.396238 3.33346 2.93333 3.73637 0.827677 0.825305 0.764686 0.764686 0.762383 0.758993 0.21679 0.368777 1 0.001 0.00329797 0.0437104 45.3494 16.5093 3.41239 -19.9217 17.6094 6.40051 21.8711 -1.69965 0 0 0 0.513685 0.557218 0.000100485 -0.00258351 -0.000544638 0.545973 0.503582 0.586591 0.0780508 0.0739736 0.0820173 0.0969298 0.0917929 0.101962 0 0 0 0 0 0 0.499886 0.577219 0.00035401 0.368267 7.88523 0 2.88703 0 3.17911 0 0.344771 0.82782 0.764686 1.00287 1 1 1.00365 1.00295 0.00272192 0.00346414 0
540 12.2727 122.727 0.334818 0.435102 0.384875 3.19988 2.80277 3.59977 0.786989 0.784733 0.72819 0.72819 0.726028 0.722861 0.20668 0.369574 1 0.001 0.0033398 0.0441691 45.1537 16.1014 3.33915 -19.4405 17.1763 6.2513 21.3475 -1.63405 0 0 0 0.514655 0.558144 0.000147463 -0.00260239 -0.000496257 0.538056 0.495577 0.578881 0.0795336 0.075344 0.083607 0.0987599 0.0934807 0.103933 0 0 0 0 0 0 0.499886 0.577219 0.000290856 0.367942 7.68897 0 2.83551 0 3.12169 0 0.334818 0.787122 0.72819 1.00287 1 1 1.00365 1.00297 0.00263716 0.00335791 0
550 12.5 125 0.325309 0.422789 0.373968 3.07138 2.6776 3.46727 0.748526 0.746381 0.693673 0.693673 0.691642 0.688679 0.197113 0.370511 1 0.001 0.0033819 0.0446365 44.9734 15.7062 3.26848 -18.9747 16.7561 6.10792 20.84 -1.57234 0 0 0 0.515605 0.558849 0.000192858 -0.00261641 -0.00045282 0.530313 0.487754 0.571351 0.0809915 0.0766896 0.0851719 0.100559 0.0951377 0.105874 0 0 0 0 0 0 0.499886 0.577219 0.000336006 0.367562 7.49872 0 2.78541 0 3.0662 0 0.325309 0.748651 0.693673 1.00287 1 1 1.00365 1.00299 0.00255642 0.0032554 0
560 12.7273 127.273 0.316222 0.410928 0.363497 2.94876 2.55909 3.34008 0.712233 0.710191 0.66103 0.66103 0.659122 0.656347 0.18805 0.371423 1 0.001 0.00342418 0.0451107 44.8062 15.3239 3.20047 -18.5243 16.3492 5.96833 20.3485 -1.51229 0 0 0 0.516362 0.559505 0.000238109 -0.00263193 -0.000409317 0.522741 0.48011 0.563997 0.082425 0.078011 0.0867126 0.102328 0.0967646 0.107785 0 0 0 0 0 0 0.499886 0.577219 0.000216479 0.367198 7.31467 0 2.73562 0 3.01095 0 0.316222 0.71235 0.66103 1.00288 1 1 1.00365 1.00301 0.00247804 0.00315577 0
570 12.9545 129.545 0.307535 0.399503 0.353444 2.83092 2.44616 3.21738 0.678041 0.676097 0.630156 0.630156 0.628365 0.625768 0.179451 0.371923 1 0.001 0.00346656 0.0455891 44.6496 14.9535 3.1354 -18.0889 15.9552 5.83229 19.8723 -1.45423 0 0 0 0.516968 0.56009 0.000280377 -0.00264759 -0.000364848 0.515337 0.472643 0.556814 0.0838345 0.0793088 0.0882294 0.104066 0.0983619 0.109667 0 0 0 0 0 0 0.499886 0.577219 0.000340671 0.366772 7.13693 0 2.68726 0 2.95718 0 0.307535 0.67815 0.630156 1.00288 1 1 1.00365 1.00303 0.00240163 0.00305837 0
580 13.1818 131.818 0.299228 0.388496 0.343789 2.7186 2.33941 3.09952 0.645721 0.64387 0.600949 0.600949 0.599267 0.596835 0.171311 0.372814 1 0.001 0.00350914 0.046075 44.5061 14.594 3.07257 -17.6665 15.5728 5.70212 19.411 -1.39953 0 0 0 0.517919 0.560873 0.000316967 -0.00266184 -0.000321028 0.508099 0.465347 0.549799 0.0852206 0.0805834 0.0897229 0.105776 0.0999304 0.11152 0 0 0 0 0 0 0.499886 0.577219 0.000348451 0.366253 6.96476 0 2.63995 0 2.90473 0 0.299228 0.645825 0.600949 1.00287 1 1 1.00365 1.00305 0.00232787 0.00296508 0
590 13.4091 134.091 0.291277 0.377893 0.334516 2.61128 2.23901 2.98564 0.615217 0.613454 0.573313 0.573313 0.571732 0.569455 0.163595 0.373564 1 0.001 0.00355185 0.046566 44.3729 14.2448 3.01358 -17.2584 15.202 5.57552 18.9645 -1.34743 0 0 0 0.518677 0.561487 0.000349246 -0.00267328 -0.000277014 0.501023 0.45822 0.542953 0.0865837 0.0818354 0.0911938 0.107457 0.101471 0.113345 0 0 0 0 0 0 0.499886 0.577219 0.000375193 0.365806 6.79827 0 2.59276 0 2.85271 0 0.291277 0.615315 0.573313 1.00287 1 1 1.00365 1.00307 0.00225615 0.00287471 0
600 13.6364 136.364 0.283667 0.367683 0.32561 2.508 2.14287 2.87518 0.586446 0.584766 0.547163 0.547163 0.545677 0.543544 0.156274 0.37445 1 0.001 0.00359464 0.0470614 44.2493 13.9071 2.95594 -16.863 14.8431 5.45342 18.5316 -1.29728 0 0 0 0.51942 0.56217 0.000377872 -0.00268522 -0.000231113 0.49411 0.451262 0.53627 0.0879243 0.0830651 0.0926424 0.10911 0.102983 0.115143 0 0 0 0 0 0 0.499886 0.577219 0.00033593 0.365507 6.6374 0 2.54665 0 2.80179 0 0.283667 0.586538 0.547163 1.00287 1 1 1.00365 1.00309 0.00218667 0.00278713 0
610 13.8636 138.636 0.276386 0.357848 0.317055 2.4091 2.05026 2.76964 0.559301 0.557699 0.522416 0.522416 0.521021 0.519023 0.149331 0.375896 1 0.001 0.00363748 0.0475608 44.1351 13.5799 2.89995 -16.4798 14.4948 5.33603 18.1126 -1.2482 0 0 0 0.519834 0.562526 0.00039952 -0.00269485 -0.000183831 0.487354 0.444466 0.529746 0.0892429 0.084273 0.0940692 0.110736 0.104469 0.116914 0 0 0 0 0 0 0.499886 0.577219 0.000476836 0.365096 6.48197 0 2.5015 0 2.75191 0 0.276386 0.559388 0.522416 1.00287 1 1 1.00365 1.0031 0.00211958 0.00270186 0
620 14.0909 140.909 0.269417 0.348369 0.308834 2.31499 1.96244 2.66925 0.533608 0.53208 0.498991 0.498991 0.49768 0.495806 0.142757 0.377267 1 0.001 0.00368049 0.0480675 44.0332 13.2636 2.84518 -16.1087 14.1583 5.22111 17.7064 -1.20106 0 0 0 0.520552 0.563128 0.000418416 -0.00270164 -0.000135428 0.48075 0.43783 0.523376 0.09054 0.0854595 0.0954746 0.112334 0.105928 0.118658 0 0 0 0 0 0 0.499886 0.577219 0.000514178 0.364815 6.33134 0 2.45739 0 2.70326 0 0.269417 0.53369 0.498991 1.00287 1 1 1.00365 1.00312 0.00205439 0.00262005 0
630 14.3182 143.182 0.262742 0.339237 0.300934 2.22476 1.87968 2.57147 0.509378 0.50792 0.476818 0.476818 0.475585 0.473825 0.136517 0.379128 1 0.001 0.0037235 0.0485779 43.94 12.9567 2.79328 -15.75 13.8319 5.10891 17.3136 -1.15719 0 0 0 0.521121 0.563689 0.000435399 -0.00270691 -8.72196e-05 0.474297 0.431351 0.517159 0.0918158 0.0866253 0.0968591 0.113907 0.107362 0.120377 0 0 0 0 0 0 0.499886 0.577219 0.000403425 0.364463 6.18593 0 2.41409 0 2.6555 0 0.262742 0.509454 0.476818 1.00287 1 1 1.00365 1.00313 0.00199107 0.00254036 0
640 14.5455 145.455 0.256348 0.330437 0.293339 2.1388 1.80071 2.47832 0.486511 0.48512 0.455817 0.455817 0.45466 0.453007 0.13059 0.380921 1 0.001 0.00376649 0.0490913 43.8547 12.6598 2.74209 -15.4018 13.5159 5.00153 16.9326 -1.11409 0 0 0 0.521831 0.564343 0.000448576 -0.00270754 -3.82315e-05 0.467991 0.425024 0.511089 0.0930708 0.0877707 0.0982231 0.115454 0.10877 0.122071 0 0 0 0 0 0 0.499886 0.577219 0.000374804 0.364035 6.04549 0 2.37167 0 2.60891 0 0.256348 0.486583 0.455817 1.00287 1 1 1.00364 1.00315 0.00192991 0.00246239 0
650 14.7727 147.727 0.25022 0.321952 0.286035 2.05681 1.72549 2.38919 0.464825 0.463497 0.435926 0.435926 0.434837 0.433285 0.124982 0.382825 1 0.001 0.00380967 0.0496124 43.7812 12.3721 2.69214 -15.0642 13.2097 4.89764 16.5635 -1.07313 0 0 0 0.522542 0.564874 0.000457118 -0.00270472 1.23645e-05 0.461826 0.418846 0.505163 0.0943055 0.0888963 0.0995671 0.116976 0.110153 0.123741 0 0 0 0 0 0 0.499886 0.577219 0.000261928 0.363691 5.90922 0 2.33035 0 2.56357 0 0.25022 0.464893 0.435926 1.00287 1 1 1.00364 1.00316 0.00187212 0.00238859 0
660 15 150 0.244345 0.313773 0.27901 1.97821 1.65452 2.30318 0.444329 0.44306 0.417078 0.417078 0.416055 0.414596 0.119657 0.384615 1 0.001 0.00385286 0.0501376 43.7161 12.0939 2.64337 -14.7373 12.9134 4.79704 16.2057 -1.03458 0 0 0 0.523076 0.565286 0.000462089 -0.00269977 6.2684e-05 0.455802 0.412812 0.499377 0.0955203 0.0900023 0.100892 0.118472 0.111513 0.125386 0 0 0 0 0 0 0.499886 0.577219 0.000388272 0.363393 5.77748 0 2.28989 0 2.51909 0 0.244345 0.444393 0.417078 1.00287 1 1 1.00364 1.00318 0.00181525 0.00231658 0
670 15.2273 152.273 0.238709 0.30589 0.272252 1.90304 1.58718 2.22007 0.42497 0.423756 0.39922 0.39922 0.398257 0.396887 0.114601 0.386819 1 0.001 0.003896 0.0506656 43.6582 11.8245 2.59632 -14.4208 12.6263 4.6992 15.8593 -0.997342 0 0 0 0.523677 0.565819 0.000464863 -0.0026917 0.000110553 0.449915 0.406919 0.493733 0.0967157 0.0910892 0.102197 0.119945 0.112848 0.127008 0 0 0 0 0 0 0.499886 0.577219 0.000471094 0.363061 5.65022 0 2.24973 0 2.47508 0 0.238709 0.42503 0.39922 1.00286 1 1 1.00364 1.00319 0.00176 0.00224675 0
680 15.4545 154.545 0.233301 0.298292 0.265751 1.83054 1.5227 2.13945 0.406583 0.405423 0.382299 0.382299 0.381392 0.380104 0.109818 0.388579 1 0.001 0.00393932 0.0512019 43.612 11.5636 2.5507 -14.1143 12.3485 4.6043 15.5237 -0.960992 0 0 0 0.524315 0.566316 0.000467294 -0.00267903 0.000158403 0.444167 0.401165 0.488227 0.0978922 0.0921574 0.103483 0.121395 0.114161 0.128607 0 0 0 0 0 0 0.499886 0.577219 0.00043915 0.362789 5.52664 0 2.21046 0 2.43183 0 0.233301 0.406641 0.382299 1.00286 1 1 1.00364 1.0032 0.00170804 0.00218103 0
690 15.6818 156.818 0.228114 0.29097 0.259498 1.76093 1.46064 2.06198 0.389198 0.388088 0.366261 0.366261 0.365407 0.364196 0.105277 0.390199 1 0.001 0.00398258 0.0517412 43.5729 11.3119 2.5056 -13.8175 12.0802 4.5121 15.1982 -0.925494 0 0 0 0.524988 0.566825 0.000469645 -0.0026646 0.000206818 0.438556 0.395549 0.482855 0.09905 0.0932073 0.104751 0.122821 0.115451 0.130183 0 0 0 0 0 0 0.499886 0.577219 0.000464319 0.362464 5.4072 0 2.17145 0 2.38895 0 0.228114 0.389253 0.366261 1.00286 1 1 1.00363 1.00322 0.00165722 0.00211627 0
700 15.9091 159.091 0.223137 0.283911 0.253481 1.69433 1.40159 1.98776 0.372727 0.371664 0.351062 0.351062 0.350258 0.349115 0.100972 0.391923 1 0.001 0.00402587 0.0522853 43.5423 11.0683 2.46194 -13.5302 11.8204 4.42275 14.8832 -0.892496 0 0 0 0.525627 0.567385 0.000467681 -0.00264868 0.000255067 0.433077 0.39007 0.477611 0.100189 0.0942392 0.106001 0.124224 0.116719 0.131737 0 0 0 0 0 0 0.499886 0.577219 0.000408527 0.362156 5.29155 0 2.13403 0 2.34801 0 0.223137 0.372778 0.351062 1.00286 1 1 1.00363 1.00323 0.00160896 0.0020549 0
710 16.1364 161.364 0.218355 0.277102 0.247687 1.6316 1.34654 1.91751 0.357102 0.356084 0.336638 0.336638 0.33588 0.334803 0.0968852 0.393733 1 0.001 0.0040692 0.0528346 43.5198 10.8323 2.41909 -13.2514 11.5687 4.33588 14.5778 -0.860473 0 0 0 0.526127 0.567796 0.000461466 -0.00262969 0.000301361 0.42772 0.384721 0.472492 0.101311 0.0952536 0.107234 0.125605 0.117965 0.13327 0 0 0 0 0 0 0.499886 0.577219 0.000357178 0.361831 5.17945 0 2.09735 0 2.30784 0 0.218355 0.35715 0.336638 1.00286 1 1 1.00363 1.00324 0.00156212 0.00199531 0
720 16.3636 163.636 0.213762 0.270535 0.242108 1.57096 1.29359 1.84916 0.342294 0.34132 0.322956 0.322956 0.322241 0.321226 0.0930058 0.395946 1 0.001 0.0041125 0.053387 43.5037 10.6032 2.37843 -12.9816 11.3244 4.25189 14.2824 -0.82999 0 0 0 0.526643 0.568202 0.000454156 -0.00260794 0.00034705 0.422486 0.379501 0.467498 0.102414 0.0962509 0.108449 0.126965 0.11919 0.134781 0 0 0 0 0 0 0.499886 0.577219 0.000351582 0.361606 5.07093 0 2.06125 0 2.26822 0 0.213762 0.34234 0.322956 1.00286 1 1 1.00363 1.00325 0.00151605 0.00193713 0
730 16.5909 165.909 0.209347 0.264201 0.236736 1.51295 1.24316 1.78361 0.328219 0.327285 0.309972 0.309972 0.309297 0.30834 0.0893297 0.397446 1 0.001 0.0041559 0.0539462 43.497 10.3817 2.33866 -12.7204 11.0886 4.17096 13.9954 -0.800457 0 0 0 0.526837 0.568315 0.000445277 -0.0025858 0.000393067 0.417376 0.374405 0.462623 0.103501 0.0972314 0.109648 0.128303 0.120395 0.136272 0 0 0 0 0 0 0.499886 0.577219 0.00033067 0.361467 4.96558 0 2.02597 0 2.22953 0 0.209347 0.328262 0.309972 1.00285 1 1 1.00363 1.00326 0.00147214 0.00188159 0
740 16.8182 168.182 0.205105 0.258092 0.231562 1.45701 1.19462 1.72026 0.314857 0.313961 0.297649 0.297649 0.297013 0.296111 0.085841 0.399047 1 0.001 0.0041993 0.0545109 43.4986 10.1681 2.29969 -12.4678 10.8607 4.09141 13.7173 -0.772141 0 0 0 0.527117 0.568578 0.000433679 -0.00256202 0.000438552 0.412386 0.369431 0.457868 0.104571 0.0981955 0.11083 0.129621 0.121579 0.137742 0 0 0 0 0 0 0.499886 0.577219 0.000295091 0.361039 4.86346 0 1.99094 0 2.19124 0 0.205105 0.314898 0.297649 1.00285 1 1 1.00362 1.00327 0.00142951 0.00182716 0
750 17.0455 170.455 0.201026 0.252199 0.226577 1.40367 1.14869 1.65943 0.302145 0.301287 0.285955 0.285955 0.285354 0.284502 0.0825367 0.400771 1 0.001 0.00424278 0.055082 43.509 9.96121 2.26197 -12.2232 10.6397 4.01442 13.4483 -0.745388 0 0 0 0.527691 0.569012 0.000419406 -0.00253631 0.000484089 0.407512 0.364574 0.453231 0.105624 0.0991435 0.111996 0.130918 0.122744 0.139193 0 0 0 0 0 0 0.499886 0.577219 0.000445842 0.360656 4.76428 0 1.95724 0 2.15435 0 0.201026 0.302184 0.285955 1.00285 1 1 1.00362 1.00328 0.00138935 0.00177614 0
760 17.2727 172.727 0.197101 0.246513 0.221773 1.35285 1.10522 1.60118 0.290142 0.289318 0.27485 0.27485 0.274284 0.273481 0.0793853 0.402711 1 0.001 0.00428599 0.0556501 43.5203 9.76081 2.22498 -11.9858 10.4256 3.9404 13.1876 -0.719191 0 0 0 0.528173 0.569383 0.00040303 -0.00250926 0.000527331 0.402752 0.359832 0.448707 0.106662 0.100076 0.113146 0.132195 0.123889 0.140625 0 0 0 0 0 0 0.499886 0.577219 0.000460577 0.360239 4.66869 0 1.92375 0 2.1178 0 0.197101 0.290179 0.27485 1.00285 1 1 1.00362 1.00329 0.00134804 0.00172422 0
770 17.5 175 0.193324 0.241028 0.217143 1.30382 1.06361 1.54472 0.27871 0.277919 0.264307 0.264307 0.263773 0.263014 0.0764009 0.404458 1 0.001 0.00432928 0.0562259 43.5411 9.56718 2.18883 -11.756 10.2187 3.86762 12.935 -0.694319 0 0 0 0.52852 0.569693 0.00038335 -0.0024803 0.000569452 0.398107 0.355203 0.444294 0.107683 0.100993 0.11428 0.133453 0.125016 0.142037 0 0 0 0 0 0 0.499886 0.577219 0.000418462 0.359931 4.57579 0 1.89075 0 2.08182 0 0.193324 0.278745 0.264307 1.00285 1 1 1.00362 1.0033 0.0013094 0.0016757 0
780 17.7273 177.273 0.189687 0.235735 0.212679 1.25701 1.02403 1.49051 0.267845 0.267085 0.254291 0.254291 0.253787 0.253071 0.0735668 0.405962 1 0.001 0.00437252 0.0568051 43.5677 9.38006 2.15339 -11.5334 10.0188 3.79655 12.6902 -0.670457 0 0 0 0.528964 0.5701 0.000362587 -0.00245149 0.000611108 0.393572 0.350684 0.43999 0.108689 0.101895 0.1154 0.134692 0.126123 0.143432 0 0 0 0 0 0 0.499886 0.577219 0.000553145 0.359668 4.48572 0 1.85906 0 2.04708 0 0.189687 0.267878 0.254291 1.00285 1 1 1.00361 1.00331 0.00127222 0.00162838 0
790 17.9545 179.545 0.186185 0.230626 0.208374 1.2122 0.986248 1.43872 0.257523 0.256793 0.244778 0.244778 0.244301 0.243624 0.070875 0.407243 1 0.001 0.00441569 0.0573869 43.5995 9.19896 2.11913 -11.3181 9.8252 3.7281 12.4532 -0.647389 0 0 0 0.529491 0.570526 0.000340551 -0.0024228 0.000651314 0.389145 0.346271 0.435791 0.10968 0.102782 0.116505 0.135912 0.127213 0.144808 0 0 0 0 0 0 0.499886 0.577219 0.000490925 0.35933 4.39844 0 1.8278 0 2.0128 0 0.186185 0.257555 0.244778 1.00284 1 1 1.00361 1.00332 0.00123688 0.00158334 0
800 18.1818 181.818 0.182811 0.225693 0.204222 1.16923 0.950101 1.38903 0.247733 0.247031 0.235739 0.235739 0.235289 0.234649 0.0683139 0.40858 1 0.001 0.00445868 0.0579699 43.6354 9.02362 2.08593 -11.1096 9.63778 3.66214 12.2234 -0.625469 0 0 0 0.530146 0.571023 0.00031692 -0.00239389 0.000691853 0.384824 0.341962 0.431693 0.110656 0.103655 0.117595 0.137114 0.128285 0.146166 0 0 0 0 0 0 0.499886 0.577219 0.000498458 0.359101 4.31402 0 1.79721 0 1.97945 0 0.182811 0.247763 0.235739 1.00284 1 1 1.00361 1.00332 0.00120177 0.00153868 0
810 18.4091 184.091 0.17956 0.220931 0.200216 1.12809 0.915609 1.34114 0.23842 0.237744 0.227147 0.227147 0.22672 0.226114 0.0658807 0.409837 1 0.001 0.00450159 0.0585555 43.6764 8.8536 2.05388 -10.9075 9.4559 3.59892 12.001 -0.604247 0 0 0 0.530575 0.571358 0.000291365 -0.00236402 0.000730391 0.380604 0.337755 0.427695 0.111617 0.104514 0.118671 0.138298 0.12934 0.147507 0 0 0 0 0 0 0.499886 0.577219 0.000598206 0.358911 4.23216 0 1.76709 0 1.9466 0 0.17956 0.238448 0.227147 1.00284 1 1 1.00361 1.00333 0.00116839 0.00149672 0
820 18.6364 186.364 0.176425 0.216332 0.196351 1.08852 0.882592 1.29499 0.229601 0.228951 0.218982 0.218982 0.218579 0.218006 0.0635624 0.411095 1 0.001 0.0045442 0.0591389 43.7189 8.68925 2.02248 -10.7117 9.27997 3.53766 11.7857 -0.584447 0 0 0 0.530871 0.571654 0.000264724 -0.00233424 0.000765645 0.376484 0.333649 0.423795 0.112565 0.105359 0.119734 0.139464 0.130378 0.148831 0 0 0 0 0 0 0.499886 0.577219 0.000693342 0.358772 4.15316 0 1.73785 0 1.91478 0 0.176425 0.229628 0.218982 1.00284 1 1 1.00361 1.00334 0.00113564 0.00145451 0
830 18.8636 188.636 0.173402 0.211889 0.192619 1.05098 0.851402 1.25107 0.221166 0.22054 0.211213 0.211213 0.210833 0.21029 0.0613659 0.412352 1 0.001 0.00458692 0.0597301 43.77 8.5302 1.99175 -10.5219 9.10969 3.47832 11.5769 -0.565212 0 0 0 0.531104 0.571935 0.000237546 -0.002308 0.000802304 0.37246 0.32964 0.419988 0.113498 0.106191 0.120782 0.140614 0.131399 0.150139 0 0 0 0 0 0 0.499886 0.577219 0.000681158 0.358598 4.07615 0 1.70956 0 1.88397 0 0.173402 0.221191 0.211213 1.00284 1 1 1.00361 1.00335 0.00110487 0.00141529 0
840 19.0909 190.909 0.170485 0.207596 0.189015 1.01491 0.821369 1.20885 0.21315 0.212547 0.203818 0.203818 0.203457 0.202943 0.0592714 0.413157 1 0.001 0.00462944 0.060321 43.8236 8.37652 1.96128 -10.3378 8.94517 3.42061 11.3741 -0.5469 0 0 0 0.531286 0.572065 0.000211441 -0.00228297 0.000840063 0.368531 0.325725 0.41627 0.114418 0.107009 0.121818 0.141746 0.132405 0.15143 0 0 0 0 0 0 0.499886 0.577219 0.00064689 0.358442 4.0016 0 1.68158 0 1.85357 0 0.170485 0.213174 0.203818 1.00284 1 1 1.0036 1.00335 0.00107431 0.00137651 0
850 19.3182 193.182 0.167668 0.203449 0.185533 0.980391 0.79321 1.16795 0.20553 0.204948 0.196774 0.196774 0.196433 0.195945 0.0572736 0.413972 1 0.001 0.00467177 0.0609122 43.8801 8.22754 1.93156 -10.1591 8.78565 3.36421 11.1777 -0.529682 0 0 0 0.531331 0.572064 0.00018506 -0.00225821 0.000877359 0.364695 0.321904 0.412642 0.115325 0.107815 0.122841 0.142862 0.133394 0.152706 0 0 0 0 0 0 0.499886 0.577219 0.000729436 0.358152 3.92943 0 1.65438 0 1.82388 0 0.167668 0.205552 0.196774 1.00284 1 1 1.0036 1.00336 0.00104437 0.00133886 0
860 19.5455 195.455 0.164947 0.199441 0.18217 0.947159 0.766258 1.12856 0.198263 0.197702 0.190065 0.190065 0.189742 0.18928 0.0553732 0.414901 1 0.001 0.00471399 0.0615057 43.9409 8.08349 1.90233 -9.98582 8.63119 3.30945 10.9873 -0.512422 0 0 0 0.531488 0.572176 0.000158655 -0.00223467 0.000913427 0.360951 0.318174 0.409099 0.116218 0.108608 0.123851 0.143963 0.134368 0.153966 0 0 0 0 0 0 0.499886 0.577219 0.000724908 0.357974 3.85934 0 1.62757 0 1.79462 0 0.164947 0.198284 0.190065 1.00283 1 1 1.0036 1.00337 0.00101612 0.00130294 0
870 19.7727 197.727 0.162319 0.195566 0.178919 0.91539 0.740181 1.09117 0.191347 0.190806 0.183675 0.183675 0.183369 0.18293 0.0535616 0.415742 1 0.001 0.00475602 0.0620993 44.0043 7.94417 1.87411 -9.81828 8.48181 3.25567 10.8028 -0.496296 0 0 0 0.531945 0.572545 0.000131149 -0.00221205 0.000948568 0.357294 0.314531 0.40564 0.117099 0.109389 0.124848 0.145047 0.135326 0.15521 0 0 0 0 0 0 0.499886 0.577219 0.000705466 0.357793 3.79143 0 1.60158 0 1.7664 0 0.162319 0.191367 0.183675 1.00283 1 1 1.0036 1.00337 0.000988761 0.00126808 0
880 20 200 0.159778 0.19182 0.175776 0.884965 0.715451 1.05496 0.184776 0.184254 0.177584 0.177584 0.177294 0.176878 0.0518303 0.416384 1 0.001 0.00479774 0.0626904 44.0683 7.80922 1.84642 -9.65564 8.33707 3.20366 10.6237 -0.480659 0 0 0 0.532096 0.572617 0.000103422 -0.00218848 0.000983354 0.353722 0.310975 0.402262 0.117967 0.110158 0.125834 0.146116 0.13627 0.15644 0 0 0 0 0 0 0.499886 0.577219 0.00070304 0.357579 3.72577 0 1.57586 0 1.73851 0 0.159778 0.184796 0.177584 1.00283 1 1 1.0036 1.00338 0.000962149 0.00123375 0
890 20.2273 202.273 0.157322 0.188198 0.172738 0.855513 0.691522 1.0198 0.178502 0.177999 0.171779 0.171779 0.171504 0.171108 0.0501826 0.41695 1 0.001 0.00483935 0.063283 44.1359 7.6783 1.81955 -9.49786 8.19681 3.15365 10.45 -0.465481 0 0 0 0.532275 0.572795 7.5762e-05 -0.00216522 0.00101781 0.350234 0.307505 0.398966 0.118823 0.110915 0.126807 0.14717 0.137199 0.157655 0 0 0 0 0 0 0.499886 0.577219 0.000650105 0.357331 3.66198 0 1.55043 0 1.71082 0 0.157322 0.178521 0.171779 1.00283 1 1 1.0036 1.00339 0.000936641 0.00120147 0
900 20.4545 204.545 0.154947 0.184697 0.1698 0.827313 0.668837 0.986017 0.172527 0.17204 0.166242 0.166242 0.165982 0.165605 0.0486097 0.417776 1 0.001 0.00488071 0.0638739 44.2044 7.55134 1.79342 -9.34475 8.06068 3.10553 10.2817 -0.451157 0 0 0 0.532717 0.573183 4.7588e-05 -0.00214232 0.0010512 0.34683 0.304117 0.395747 0.119667 0.11166 0.127769 0.14821 0.138114 0.158856 0 0 0 0 0 0 0.499886 0.577219 0.000679397 0.357141 3.60016 0 1.52601 0 1.68432 0 0.154947 0.172545 0.166242 1.00283 1 1 1.00359 1.00339 0.000911787 0.00116985 0
910 20.6818 206.818 0.152649 0.181309 0.166958 0.800419 0.647148 0.953943 0.166827 0.166356 0.16096 0.16096 0.160714 0.160356 0.0471091 0.418515 1 0.001 0.00492188 0.0644651 44.2755 7.42815 1.76841 -9.19657 7.92859 3.05844 10.1186 -0.437389 0 0 0 0.533148 0.573577 1.88927e-05 -0.00212 0.00108592 0.343504 0.300808 0.392604 0.120499 0.112394 0.128719 0.149235 0.139015 0.160044 0 0 0 0 0 0 0.499886 0.577219 0.000564192 0.356907 3.54019 0 1.50206 0 1.65827 0 0.152649 0.166844 0.16096 1.00283 1 1 1.00359 1.0034 0.000887691 0.00113942 0
920 20.9091 209.091 0.150425 0.178032 0.164208 0.774455 0.62638 0.922815 0.161384 0.160929 0.15592 0.15592 0.155685 0.155345 0.0456778 0.418871 1 0.001 0.00496286 0.0650556 44.3482 7.30909 1.74388 -9.05297 7.80105 3.01231 9.96014 -0.423978 0 0 0 0.53351 0.573769 -1.06624e-05 -0.00209827 0.00111914 0.340255 0.297577 0.389537 0.12132 0.113116 0.129658 0.150246 0.139903 0.161217 0 0 0 0 0 0 0.499886 0.577219 0.000624726 0.356635 3.48196 0 1.47858 0 1.63277 0 0.150425 0.1614 0.15592 1.00283 1 1 1.00359 1.0034 0.000865098 0.00111057 0
930 21.1364 211.364 0.148272 0.174861 0.161546 0.74949 0.60632 0.892994 0.15622 0.15578 0.151108 0.151108 0.150885 0.150562 0.0443048 0.419311 1 0.001 0.00500337 0.0656384 44.418 7.19353 1.72009 -8.91362 7.67741 2.96766 9.8064 -0.410898 0 0 0 0.533935 0.574117 -4.00022e-05 -0.00207825 0.00115087 0.337081 0.294422 0.386542 0.122129 0.113828 0.130586 0.151243 0.140777 0.162377 0 0 0 0 0 0 0.499886 0.577219 0.000607877 0.356381 3.42581 0 1.45527 0 1.60746 0 0.148272 0.156236 0.151108 1.00283 1 1 1.00359 1.00341 0.000842352 0.00108174 0
940 21.3636 213.636 0.146187 0.171793 0.158971 0.725308 0.586939 0.86393 0.151283 0.150856 0.146517 0.146517 0.146305 0.145997 0.042997 0.41948 1 0.001 0.0050437 0.066223 44.4915 7.08156 1.6971 -8.77866 7.55771 2.92408 9.65744 -0.398377 0 0 0 0.534398 0.574516 -6.89844e-05 -0.00206003 0.00118094 0.333981 0.291341 0.383619 0.122927 0.11453 0.131504 0.152226 0.141638 0.163524 0 0 0 0 0 0 0.499886 0.577219 0.000543319 0.356162 3.37123 0 1.43243 0 1.58266 0 0.146187 0.151298 0.146517 1.00283 1 1 1.00359 1.00341 0.000820714 0.00105438 0
950 21.5909 215.909 0.144168 0.168824 0.156477 0.702319 0.568583 0.836249 0.146562 0.146149 0.142131 0.142131 0.14193 0.141636 0.0417483 0.41986 1 0.001 0.00508383 0.0668069 44.5667 6.97311 1.6747 -8.64781 7.44149 2.88168 9.51305 -0.386565 0 0 0 0.534494 0.574629 -9.71366e-05 -0.00204315 0.00121025 0.330952 0.288332 0.380766 0.123714 0.115221 0.132411 0.153196 0.142487 0.164658 0 0 0 0 0 0 0.499886 0.577219 0.000645896 0.355832 3.31822 0 1.4104 0 1.55874 0 0.144168 0.146576 0.142131 1.00282 1 1 1.00359 1.00342 0.000800217 0.00102831 0
960 21.8182 218.182 0.142212 0.165948 0.154061 0.68015 0.550944 0.809637 0.142064 0.141664 0.137938 0.137938 0.137747 0.137466 0.0405516 0.420252 1 0.001 0.00512359 0.0673854 44.6406 6.86788 1.65296 -8.52084 7.3287 2.84049 9.37295 -0.374858 0 0 0 0.534366 0.574493 -0.00012603 -0.0020261 0.00123924 0.327992 0.285394 0.37798 0.124491 0.115902 0.133308 0.154154 0.143323 0.16578 0 0 0 0 0 0 0.499886 0.577219 0.000762761 0.355596 3.26691 0 1.38867 0 1.53517 0 0.142212 0.142078 0.137938 1.00282 1 1 1.00359 1.00342 0.000779995 0.00100259 0
970 22.0455 220.455 0.140315 0.163164 0.151721 0.658882 0.53408 0.784024 0.137764 0.137376 0.13393 0.13393 0.133748 0.13348 0.0394076 0.420681 1 0.001 0.00516311 0.0679623 44.7155 6.76595 1.63154 -8.39749 7.21949 2.80021 9.2369 -0.363907 0 0 0 0.534391 0.574541 -0.000154297 -0.00201027 0.0012682 0.325099 0.282524 0.375259 0.125258 0.116573 0.134195 0.155098 0.144147 0.166889 0 0 0 0 0 0 0.499886 0.577219 0.000728795 0.35551 3.21709 0 1.3676 0 1.51228 0 0.140315 0.137777 0.13393 1.00282 1 1 1.00359 1.00342 0.000760711 0.000978293 0
980 22.2727 222.727 0.138476 0.160467 0.149454 0.638554 0.518043 0.759433 0.133664 0.133287 0.130093 0.130093 0.12992 0.129665 0.0383099 0.420718 1 0.001 0.00520226 0.0685357 44.7905 6.66717 1.6105 -8.27767 7.11364 2.76134 9.10453 -0.353007 0 0 0 0.534597 0.574694 -0.000181984 -0.0019952 0.00129673 0.322274 0.27972 0.3726 0.126014 0.117234 0.135072 0.15603 0.144959 0.167987 0 0 0 0 0 0 0.499886 0.577219 0.000657852 0.355279 3.16885 0 1.3468 0 1.48975 0 0.138476 0.133676 0.130093 1.00282 1 1 1.00359 1.00343 0.000741601 0.00095399 0
990 22.5 225 0.136691 0.157855 0.147256 0.618869 0.502494 0.73561 0.129739 0.129374 0.126423 0.126423 0.126258 0.126014 0.0372596 0.421158 1 0.001 0.00524116 0.0691069 44.8663 6.57108 1.59035 -8.16143 7.01065 2.72351 8.97624 -0.342797 0 0 0 0.534905 0.57486 -0.000210259 -0.00198058 0.00132428 0.319515 0.276981 0.370002 0.126761 0.117886 0.135939 0.15695 0.145759 0.169072 0 0 0 0 0 0 0.499886 0.577219 0.000688822 0.355086 3.12198 0 1.32648 0 1.46777 0 0.136691 0.129751 0.126423 1.00282 1 1 1.00358 1.00343 0.000723409 0.000930828 0
1000 22.7273 227.273 0.13496 0.155325 0.145126 0.599825 0.487391 0.712594 0.125978 0.125624 0.12291 0.12291 0.122753 0.12252 0.0362557 0.421627 1 0.001 0.00527984 0.0696772 44.9437 6.47793 1.57084 -8.04876 6.9107 2.6868 8.85172 -0.332647 0 0 0 0.535082 0.574987 -0.00023827 -0.00196776 0.00135002 0.31682 0.274305 0.367466 0.127498 0.118528 0.136797 0.157858 0.146548 0.170147 0 0 0 0 0 0 0.499886 0.577219 0.000635778 0.354855 3.0764 0 1.30628 0 1.44575 0 0.13496 0.125989 0.12291 1.00282 1 1 1.00358 1.00344 0.000705816 0.000908395 0
1010 22.9545 229.545 0.133281 0.152873 0.143061 0.581515 0.472984 0.690345 0.122382 0.122038 0.119547 0.119547 0.119397 0.119175 0.0352936 0.42172 1 0.001 0.00531821 0.0702448 45.0215 6.38769 1.55169 -7.93939 6.81393 2.65076 8.73072 -0.323081 0 0 0 0.535309 0.575241 -0.000265215 -0.00195536 0.00137433 0.314187 0.271692 0.364988 0.128225 0.119162 0.137646 0.158755 0.147325 0.17121 0 0 0 0 0 0 0.499886 0.577219 0.000600948 0.354634 3.03217 0 1.28674 0 1.4246 0 0.133281 0.122393 0.119547 1.00282 1 1 1.00358 1.00344 0.000688993 0.000886712 0
1020 23.1818 231.818 0.13165 0.150497 0.141058 0.563983 0.459109 0.669118 0.118949 0.118614 0.116326 0.116326 0.116183 0.115971 0.0343699 0.421989 1 0.001 0.00535617 0.0708062 45.0975 6.29988 1.53334 -7.83322 6.71979 2.61586 8.61332 -0.313714 0 0 0 0.535464 0.575412 -0.000291416 -0.0019434 0.00139698 0.311614 0.26914 0.362566 0.128943 0.119786 0.138486 0.15964 0.148092 0.172262 0 0 0 0 0 0 0.499886 0.577219 0.000599791 0.354417 2.98934 0 1.26768 0 1.40379 0 0.13165 0.118959 0.116326 1.00282 1 1 1.00358 1.00344 0.000672303 0.000865476 0
1030 23.4091 234.091 0.130068 0.148194 0.139116 0.547038 0.445718 0.648597 0.115664 0.115339 0.113241 0.113241 0.113105 0.112902 0.0334845 0.422365 1 0.001 0.0053938 0.0713634 45.1728 6.21475 1.51537 -7.73012 6.62864 2.58176 8.49923 -0.304633 0 0 0 0.535615 0.575529 -0.000317147 -0.00193118 0.00141786 0.309101 0.266645 0.3602 0.129651 0.120402 0.139317 0.160513 0.148848 0.173303 0 0 0 0 0 0 0.499886 0.577219 0.000605644 0.354268 2.94777 0 1.24866 0 1.38321 0 0.130068 0.115674 0.113241 1.00282 1 1 1.00358 1.00345 0.000656423 0.000845123 0
1040 23.6364 236.364 0.128531 0.145961 0.137232 0.530578 0.432692 0.62862 0.112521 0.112205 0.110286 0.110286 0.110156 0.109962 0.0326357 0.422718 1 0.001 0.00543107 0.0719167 45.2479 6.13203 1.49808 -7.6301 6.53987 2.54887 8.38863 -0.295993 0 0 0 0.53593 0.575786 -0.000341754 -0.0019192 0.00143784 0.306646 0.264209 0.357889 0.130351 0.121009 0.140139 0.161376 0.149593 0.174333 0 0 0 0 0 0 0.499886 0.577219 0.000601106 0.354123 2.90745 0 1.23023 0 1.3632 0 0.128531 0.112531 0.110286 1.00282 1 1 1.00358 1.00345 0.000640518 0.000824892 0
1050 23.8636 238.636 0.127038 0.143797 0.135403 0.514911 0.420355 0.609617 0.109502 0.109194 0.107452 0.107452 0.107329 0.107142 0.031823 0.422504 1 0.001 0.00546812 0.0724686 45.3242 6.05167 1.48099 -7.53267 6.45399 2.51705 8.28087 -0.287433 0 0 0 0.536169 0.575982 -0.00036606 -0.00190687 0.00145676 0.304248 0.261828 0.355629 0.131042 0.121607 0.140953 0.162228 0.150328 0.175354 0 0 0 0 0 0 0.499886 0.577219 0.000656104 0.354033 2.86819 0 1.21224 0 1.3436 0 0.127038 0.109512 0.107452 1.00282 1 1 1.00358 1.00345 0.00062606 0.000806406 0
1060 24.0909 240.909 0.125588 0.141697 0.133628 0.499785 0.408446 0.59124 0.106616 0.106316 0.104734 0.104734 0.104616 0.104438 0.0310413 0.422606 1 0.001 0.00550476 0.0730143 45.3986 5.97379 1.46429 -7.43808 6.37062 2.48598 8.17614 -0.279592 0 0 0 0.536263 0.576135 -0.000390209 -0.00189447 0.00147524 0.301907 0.259502 0.353419 0.131724 0.122198 0.141758 0.16307 0.151053 0.176364 0 0 0 0 0 0 0.499886 0.577219 0.000668226 0.353856 2.83013 0 1.19467 0 1.32455 0 0.125588 0.106625 0.104734 1.00282 1 1 1.00358 1.00346 0.000611138 0.000787105 0
1070 24.3182 243.182 0.124178 0.13966 0.131905 0.485307 0.397105 0.573576 0.103833 0.103541 0.102126 0.102126 0.102013 0.101842 0.0302938 0.422983 1 0.001 0.00554128 0.073562 45.4763 5.89814 1.44805 -7.34619 6.28956 2.45553 8.07444 -0.271779 0 0 0 0.536318 0.5762 -0.000414146 -0.00188268 0.00149244 0.299618 0.257229 0.351258 0.132398 0.12278 0.142556 0.163901 0.151768 0.177364 0 0 0 0 0 0 0.499886 0.577219 0.000681796 0.353694 2.79295 0 1.17749 0 1.30592 0 0.124178 0.103841 0.102126 1.00282 1 1 1.00358 1.00346 0.000597462 0.000769531 0
1080 24.5455 245.455 0.122807 0.137684 0.130231 0.471258 0.385994 0.55661 0.101174 0.10089 0.0996224 0.0996224 0.0995147 0.0993504 0.0295738 0.423135 1 0.001 0.00557733 0.0741026 45.5518 5.82457 1.4323 -7.25687 6.21071 2.42593 7.97566 -0.264079 0 0 0 0.536468 0.576324 -0.000436887 -0.00187123 0.00150969 0.297382 0.255008 0.349145 0.133064 0.123354 0.143345 0.164722 0.152474 0.178355 0 0 0 0 0 0 0.499886 0.577219 0.000698381 0.353474 2.75697 0 1.16041 0 1.28738 0 0.122807 0.101182 0.0996224 1.00282 1 1 1.00358 1.00346 0.000583713 0.000751821 0
1090 24.7727 247.727 0.121475 0.135766 0.128606 0.457629 0.375207 0.540109 0.0986195 0.0983425 0.0972206 0.0972206 0.0971178 0.0969599 0.028884 0.423182 1 0.001 0.0056131 0.0746397 45.6271 5.75314 1.41687 -7.17001 6.13419 2.39729 7.87965 -0.256647 0 0 0 0.536707 0.576493 -0.000459614 -0.00186027 0.00152642 0.295196 0.252838 0.347078 0.133722 0.123921 0.144127 0.165534 0.15317 0.179336 0 0 0 0 0 0 0.499886 0.577219 0.000592485 0.353299 2.72193 0 1.14371 0 1.26926 0 0.121475 0.0986272 0.0972206 1.00282 1 1 1.00358 1.00346 0.000570644 0.000735003 0
1100 25 250 0.120179 0.133904 0.127027 0.4446 0.364948 0.524254 0.0961607 0.0958906 0.0949143 0.0949143 0.0948159 0.0946642 0.0282227 0.423675 1 0.001 0.00564864 0.0751758 45.7037 5.6838 1.4017 -7.0855 6.05985 2.36934 7.78632 -0.249733 0 0 0 0.536878 0.576625 -0.000481801 -0.00184993 0.00154221 0.293059 0.250716 0.345059 0.134371 0.12448 0.144901 0.166335 0.153857 0.180308 0 0 0 0 0 0 0.499886 0.577219 0.000640244 0.353136 2.68779 0 1.12749 0 1.25161 0 0.120179 0.0961681 0.0949143 1.00282 1 1 1.00358 1.00347 0.000558213 0.000718901 0
1110 25.2273 252.273 0.118917 0.132097 0.125493 0.432077 0.355271 0.508954 0.0938112 0.0935477 0.0926987 0.0926987 0.0926046 0.0924591 0.0275848 0.423934 1 0.001 0.00568368 0.0757027 45.7767 5.61649 1.38677 -7.00326 5.98771 2.34209 7.69551 -0.242863 0 0 0 0.536965 0.576684 -0.000502824 -0.00183967 0.00155714 0.29097 0.248643 0.343084 0.135013 0.125031 0.145668 0.167128 0.154535 0.181271 0 0 0 0 0 0 0.499886 0.577219 0.000608678 0.352988 2.65475 0 1.11159 0 1.23437 0 0.118917 0.0938184 0.0926987 1.00282 1 1 1.00358 1.00347 0.000545718 0.000702758 0
1120 25.4545 254.545 0.117689 0.130341 0.124002 0.419916 0.345718 0.494294 0.0915516 0.0912946 0.0905701 0.0905701 0.0904801 0.0903404 0.0269726 0.423924 1 0.001 0.00571843 0.0762258 45.8494 5.551 1.37242 -6.92342 5.91762 2.31563 7.60721 -0.236166 0 0 0 0.5371 0.576848 -0.000522491 -0.0018299 0.00157048 0.288926 0.246617 0.341152 0.135648 0.125576 0.146427 0.167911 0.155204 0.182224 0 0 0 0 0 0 0.499886 0.577219 0.00065386 0.352852 2.62258 0 1.09584 0 1.21723 0 0.117689 0.0915586 0.0905701 1.00282 1 1 1.00358 1.00347 0.000533909 0.000687534 0
1130 25.6818 256.818 0.116494 0.128637 0.122552 0.408159 0.336685 0.479907 0.0893737 0.0891228 0.0885235 0.0885235 0.0884371 0.0883028 0.026385 0.423952 1 0.001 0.00575295 0.0767487 45.924 5.48728 1.35848 -6.84576 5.84934 2.29014 7.52134 -0.229797 0 0 0 0.537221 0.576989 -0.00054026 -0.00181997 0.00158228 0.286928 0.244637 0.339263 0.136275 0.126113 0.14718 0.168685 0.155864 0.18317 0 0 0 0 0 0 0.499886 0.577219 0.000647138 0.352685 2.5912 0 1.08052 0 1.20062 0 0.116494 0.0893804 0.0885235 1.00282 1 1 1.00358 1.00347 0.000522784 0.000673315 0
1140 25.9091 259.091 0.115329 0.126981 0.121143 0.396932 0.327933 0.466213 0.0872937 0.0870486 0.0865552 0.0865552 0.0864726 0.0863437 0.025817 0.424384 1 0.001 0.00578692 0.0772623 45.9949 5.42532 1.34488 -6.77021 5.78288 2.26516 7.43788 -0.223644 0 0 0 0.537311 0.577034 -0.000557263 -0.0018105 0.0015925 0.284974 0.242702 0.337414 0.136894 0.126644 0.147925 0.16945 0.156516 0.184106 0 0 0 0 0 0 0.499886 0.577219 0.000676988 0.352521 2.56087 0 1.06553 0 1.18435 0 0.115329 0.0873002 0.0865552 1.00282 1 1 1.00358 1.00348 0.000511093 0.000658252 0
1150 26.1364 261.364 0.114195 0.125373 0.119772 0.386087 0.319447 0.452932 0.0852827 0.0850433 0.0846621 0.0846621 0.0845828 0.0844586 0.0252728 0.424429 1 0.001 0.00582073 0.0777746 46.0669 5.36516 1.33157 -6.69673 5.71852 2.24071 7.35656 -0.217608 0 0 0 0.537552 0.577233 -0.000573242 -0.00180145 0.00160244 0.283063 0.240812 0.335606 0.137507 0.127167 0.148663 0.170206 0.15716 0.185034 0 0 0 0 0 0 0.499886 0.577219 0.000670947 0.352369 2.5312 0 1.0508 0 1.16829 0 0.114195 0.085289 0.0846621 1.00282 1 1 1.00358 1.00348 0.000500848 0.000644837 0
1160 26.3636 263.636 0.11309 0.12381 0.118438 0.375597 0.311138 0.44018 0.083346 0.0831121 0.0828406 0.0828406 0.0827646 0.082645 0.0247495 0.424979 1 0.001 0.00585426 0.0782831 46.1384 5.30656 1.31869 -6.62525 5.65565 2.21704 7.27762 -0.211859 0 0 0 0.537794 0.577428 -0.00058907 -0.00179335 0.00161183 0.281194 0.238964 0.333836 0.138113 0.127684 0.149395 0.170954 0.157795 0.185955 0 0 0 0 0 0 0.499886 0.577219 0.000645374 0.352233 2.5023 0 1.03643 0 1.1527 0 0.11309 0.0833522 0.0828406 1.00281 1 1 1.00358 1.00348 0.000490442 0.000631555 0
1170 26.5909 265.909 0.112013 0.12229 0.11714 0.365475 0.303196 0.42787 0.0814857 0.081257 0.0810875 0.0810875 0.0810144 0.0808992 0.024245 0.424907 1 0.001 0.00588739 0.078786 46.2086 5.24977 1.30596 -6.55573 5.59485 2.19401 7.20053 -0.206207 0 0 0 0.537785 0.577383 -0.000603837 -0.00178537 0.00162082 0.279366 0.237156 0.332103 0.138712 0.128195 0.150121 0.171693 0.158423 0.186867 0 0 0 0 0 0 0.499886 0.577219 0.000695779 0.352128 2.47421 0 1.02233 0 1.13738 0 0.112013 0.0814917 0.0810875 1.00281 1 1 1.00358 1.00348 0.000480393 0.000618846 0
1180 26.8182 268.182 0.110963 0.120813 0.115877 0.355677 0.295572 0.415944 0.0797014 0.0794777 0.0793988 0.0793988 0.0793287 0.0792176 0.0237576 0.424828 1 0.001 0.00592006 0.0792818 46.2764 5.19441 1.29358 -6.48798 5.53559 2.17162 7.12553 -0.200948 0 0 0 0.537686 0.577292 -0.000617869 -0.00177781 0.00162842 0.277579 0.235389 0.330406 0.139304 0.128699 0.15084 0.172425 0.159043 0.187771 0 0 0 0 0 0 0.499886 0.577219 0.000728648 0.352039 2.44698 0 1.00843 0 1.12237 0 0.110963 0.0797072 0.0793988 1.00281 1 1 1.00358 1.00349 0.000470439 0.000606035 0
1190 27.0455 270.455 0.10994 0.119377 0.114648 0.34624 0.288194 0.404433 0.0779791 0.0777603 0.0777728 0.0777728 0.0777054 0.0775981 0.0232892 0.425256 1 0.001 0.00595248 0.0797744 46.3443 5.14047 1.28153 -6.422 5.47771 2.14987 7.05272 -0.195717 0 0 0 0.537634 0.577256 -0.000630944 -0.00177102 0.00163491 0.275832 0.233662 0.328745 0.13989 0.129197 0.151552 0.173148 0.159655 0.188668 0 0 0 0 0 0 0.499886 0.577219 0.000754146 0.351929 2.42039 0 0.994798 0 1.10757 0 0.10994 0.0779847 0.0777728 1.00281 1 1 1.00358 1.00349 0.00046136 0.000594237 0
1200 27.2727 272.727 0.108942 0.117981 0.113451 0.337071 0.280958 0.393303 0.0763198 0.0761056 0.0762069 0.0762069 0.0761421 0.0760385 0.0228382 0.425161 1 0.001 0.00598458 0.0802628 46.4115 5.08816 1.26954 -6.3577 5.42174 2.12869 6.98162 -0.190586 0 0 0 0.537741 0.577326 -0.000643138 -0.00176435 0.00164147 0.274122 0.231973 0.327119 0.140469 0.129689 0.152259 0.173864 0.160259 0.189557 0 0 0 0 0 0 0.499886 0.577219 0.000718394 0.351862 2.3945 0 0.981471 0 1.09307 0 0.108942 0.0763252 0.0762069 1.00281 1 1 1.00358 1.00349 0.000452389 0.000582657 0
1210 27.5 275 0.107969 0.116622 0.112285 0.328221 0.273986 0.382556 0.0747252 0.0745155 0.0746985 0.0746985 0.0746361 0.0745361 0.0224029 0.425414 1 0.001 0.00601625 0.0807438 46.4763 5.03709 1.25815 -6.29525 5.36704 2.10806 6.91261 -0.185718 0 0 0 0.537921 0.577466 -0.000654565 -0.00175764 0.00164809 0.27245 0.230321 0.325526 0.141043 0.130175 0.152959 0.174571 0.160857 0.190438 0 0 0 0 0 0 0.499886 0.577219 0.000743105 0.351733 2.36936 0 0.96839 0 1.07889 0 0.107969 0.0747304 0.0746985 1.00281 1 1 1.00358 1.00349 0.000443604 0.00057139 0
1220 27.7273 277.273 0.10702 0.1153 0.11115 0.319748 0.267394 0.372149 0.0731909 0.0729855 0.0732437 0.0732437 0.0731837 0.0730869 0.0219824 0.425803 1 0.001 0.00604753 0.0812186 46.5393 4.98735 1.24718 -6.23453 5.31371 2.08809 6.84541 -0.181075 0 0 0 0.538083 0.577581 -0.000665078 -0.00175031 0.00165417 0.270815 0.228705 0.323966 0.14161 0.130655 0.153653 0.175272 0.161447 0.191313 0 0 0 0 0 0 0.499886 0.577219 0.000734576 0.351645 2.34491 0 0.955641 0 1.06497 0 0.10702 0.0731959 0.0732437 1.00281 1 1 1.00357 1.00349 0.000435026 0.000560442 0
1230 27.9545 279.545 0.106093 0.114014 0.110043 0.311558 0.261027 0.362159 0.071713 0.0715117 0.0718414 0.0718414 0.0717836 0.0716898 0.0215769 0.425699 1 0.001 0.00607845 0.0816881 46.6009 4.9391 1.23626 -6.17536 5.26203 2.06843 6.77987 -0.176564 0 0 0 0.538215 0.577685 -0.000675046 -0.00174351 0.00165926 0.269216 0.227124 0.322438 0.142171 0.131129 0.154342 0.175965 0.16203 0.19218 0 0 0 0 0 0 0.499886 0.577219 0.000737019 0.351593 2.32111 0 0.943223 0 1.0515 0 0.106093 0.0717178 0.0718414 1.00281 1 1 1.00357 1.00349 0.00042673 0.000549855 0
1240 28.1818 281.818 0.105188 0.112763 0.108965 0.303597 0.254882 0.352433 0.0702908 0.0700936 0.0704892 0.0704892 0.0704336 0.0703428 0.0211854 0.42608 1 0.001 0.00610897 0.0821494 46.6595 4.89214 1.22561 -6.11775 5.21169 2.04921 6.71613 -0.172076 0 0 0 0.538284 0.57778 -0.000684807 -0.00173684 0.00166397 0.267652 0.225578 0.32094 0.142726 0.131598 0.155025 0.176651 0.162607 0.193041 0 0 0 0 0 0 0.499886 0.577219 0.000745008 0.351476 2.29798 0 0.930921 0 1.03804 0 0.105188 0.0702955 0.0704892 1.00281 1 1 1.00357 1.0035 0.000418894 0.000539638 0
1250 28.4091 284.091 0.104304 0.111544 0.107914 0.295894 0.248819 0.343091 0.0689244 0.068731 0.069185 0.069185 0.0691314 0.0690436 0.0208066 0.426372 1 0.001 0.00613902 0.0826032 46.7156 4.84633 1.21526 -6.06158 5.16264 2.03058 6.65406 -0.167922 0 0 0 0.538307 0.577835 -0.000694407 -0.00172989 0.00166855 0.266123 0.224065 0.319472 0.143275 0.132061 0.155702 0.177329 0.163177 0.193895 0 0 0 0 0 0 0.499886 0.577219 0.000787996 0.351472 2.27553 0 0.918976 0 1.02508 0 0.104304 0.0689289 0.069185 1.00281 1 1 1.00357 1.0035 0.000411133 0.000529669 0
1260 28.6364 286.364 0.103441 0.110358 0.10689 0.288538 0.24312 0.334059 0.0676055 0.0674159 0.0679258 0.0679258 0.067874 0.0677891 0.0204408 0.426691 1 0.001 0.00616875 0.0830525 46.7709 4.80157 1.2053 -6.00687 5.11465 2.01256 6.59367 -0.163915 0 0 0 0.538429 0.577965 -0.000703206 -0.0017222 0.00167294 0.264626 0.222585 0.318033 0.143819 0.132519 0.156374 0.178001 0.16374 0.194742 0 0 0 0 0 0 0.499886 0.577219 0.000756403 0.35137 2.25366 0 0.907295 0 1.01243 0 0.103441 0.06761 0.0679258 1.00281 1 1 1.00357 1.0035 0.000403615 0.000520076 0
1270 28.8636 288.636 0.102597 0.109203 0.10589 0.281437 0.237604 0.325373 0.0663287 0.0661426 0.0667093 0.0667093 0.0666594 0.0665773 0.020088 0.426833 1 0.001 0.00619822 0.0834972 46.825 4.75804 1.19556 -5.95359 5.06806 1.99501 6.53465 -0.159976 0 0 0 0.538559 0.578106 -0.000711869 -0.00171426 0.00167727 0.263161 0.221138 0.316623 0.144358 0.132972 0.157041 0.178666 0.164296 0.195583 0 0 0 0 0 0 0.499886 0.577219 0.000741241 0.351262 2.23227 0 0.89583 0 0.999993 0 0.102597 0.066333 0.0667093 1.00281 1 1 1.00357 1.0035 0.000396355 0.000510715 0
1280 29.0909 290.909 0.101772 0.108077 0.104915 0.274566 0.232287 0.316951 0.0650903 0.0649077 0.0655335 0.0655335 0.0654853 0.0654058 0.0197479 0.426932 1 0.001 0.00622749 0.0839397 46.8793 4.71548 1.18622 -5.9017 5.02259 1.97775 6.47715 -0.156133 0 0 0 0.538543 0.578116 -0.000720181 -0.00170612 0.00168127 0.261726 0.21972 0.315241 0.144891 0.133419 0.157703 0.179325 0.164847 0.196417 0 0 0 0 0 0 0.499886 0.577219 0.000781083 0.35121 2.21134 0 0.88458 0 0.987762 0 0.101772 0.0650946 0.0655335 1.00281 1 1 1.00357 1.0035 0.000389353 0.000501763 0
1290 29.3182 293.182 0.100966 0.106981 0.103964 0.26787 0.227004 0.308809 0.0639004 0.0637211 0.0643978 0.0643978 0.0643512 0.0642742 0.0194181 0.426884 1 0.001 0.00625629 0.0843747 46.9313 4.67409 1.17695 -5.85104 4.97837 1.96104 6.42102 -0.152385 0 0 0 0.538525 0.578098 -0.000727506 -0.00169788 0.00168393 0.260321 0.218333 0.313886 0.145418 0.133861 0.158359 0.179977 0.165391 0.197245 0 0 0 0 0 0 0.499886 0.577219 0.000752993 0.351151 2.19103 0 0.873486 0 0.975717 0 0.100966 0.0639045 0.0643978 1.00281 1 1 1.00357 1.0035 0.000382655 0.000493044 0
1300 29.5455 295.455 0.100178 0.105912 0.103035 0.261461 0.221989 0.300967 0.0627577 0.0625816 0.0632996 0.0632996 0.0632546 0.06318 0.0190975 0.426969 1 0.001 0.00628457 0.0847991 46.979 4.6337 1.16798 -5.80167 4.93516 1.94466 6.36636 -0.148819 0 0 0 0.538533 0.578071 -0.000734116 -0.00168899 0.00168648 0.258946 0.216976 0.312558 0.145941 0.134299 0.159011 0.180622 0.165929 0.198068 0 0 0 0 0 0 0.499886 0.577219 0.000793271 0.351089 2.17135 0 0.862655 0 0.964033 0 0.100178 0.0627617 0.0632996 1.00281 1 1 1.00357 1.00351 0.000375852 0.000484307 0
