160 3.63636 36.3636 1.13777 1.14066 1.13635 0 0 0 3.11203 3.10707 2.73293 2.73293 2.71918 2.69543 0.744786 0.304126 1 1e-06 0.00236612 0.0410019 77.5315 32.1324 5.58805 -37.7205 34.015 11.6461 40.9232 0.00620601 0 0 0 0.5581 0.593761 -0.00591898 -0.0144338 0.0097338 0.884887 0.825317 0.903957 0.00252714 0.00234737 0.0025634 0.00314426 0.00293238 0.00321194 0 0 0 0 0 0 0.508805 0.589086 0.0119549 0.388842 15.2997 0 1.24919 0 1.73842 0 1.13777 3.11322 2.73293 1.0016 1 1.00003 1.00203 1.00195 0.00653391 0.00823646 0
170 3.86364 38.6364 1.11422 1.1352 1.11286 6.61612 6.63317 1.53784 3.06014 3.05495 2.68488 2.68488 2.67109 2.64767 0.731098 0.301136 1 1e-06 0.00237626 0.0409195 76.5616 31.9019 5.44036 -37.3423 33.7798 11.5017 40.5161 0.103794 0 0 0 0.556878 0.59323 -0.00567175 -0.0146347 0.00991097 0.88247 0.823339 0.902081 0.00504965 0.00469079 0.00512315 0.00628247 0.00585992 0.00641873 0 0 0 0 0 0 0.508805 0.589086 0.0136792 0.385259 15.1708 0 1.69368 0 2.04143 0 1.11422 3.06129 2.68488 1.0017 1 1.00003 1.00216 1.00195 0.00654974 0.00825541 0
180 4.09091 40.9091 1.09123 1.12906 1.08993 6.4567 6.47443 1.72703 3.0101 3.0047 2.63802 2.63802 2.62424 2.60124 0.717625 0.297264 1 1e-06 0.00238626 0.0408325 75.598 31.669 5.30334 -36.9724 33.5417 11.3663 40.1195 0.24635 0 0 0 0.555762 0.593 -0.00552642 -0.0148123 0.0100295 0.879982 0.820993 0.899849 0.00756521 0.00702816 0.00767762 0.00941171 0.00877953 0.00961827 0 0 0 0 0 0 0.508805 0.589086 0.00636802 0.386277 15.0455 0 1.80231 0 2.1391 0 1.09123 3.01119 2.63802 1.0018 1 1.00003 1.00228 1.00196 0.00656015 0.00826804 0
190 4.31818 43.1818 1.06851 1.12264 1.06727 6.38151 6.39698 1.80749 2.95987 2.95428 2.59167 2.59167 2.57785 2.55516 0.704452 0.292848 1 1e-06 0.00239649 0.0407483 74.645 31.4312 5.1768 -36.608 33.2988 11.2342 39.727 0.19645 0 0 0 0.553352 0.5912 -0.0052547 -0.0144833 0.0102255 0.877337 0.818478 0.897586 0.0100737 0.00935844 0.0102259 0.0125318 0.0116903 0.0128095 0 0 0 0 0 0 0.508805 0.589086 0.00579006 0.38368 14.9188 0 1.81968 0 2.14205 0 1.06851 2.96092 2.59167 1.00189 1 1.00003 1.00241 1.00197 0.00657416 0.00828942 0
200 4.54545 45.4545 1.04631 1.11629 1.04511 6.24008 6.25152 1.78882 2.91079 2.90502 2.5456 2.5456 2.53192 2.50975 0.691214 0.289752 1 1e-06 0.0024067 0.040663 73.7032 31.1925 5.06202 -36.2545 33.0499 11.0963 39.3394 0.293771 0 0 0 0.550861 0.589081 -0.00520284 -0.0140578 0.0102267 0.874664 0.816354 0.895048 0.0125748 0.0116821 0.0127674 0.0156422 0.0145926 0.0159921 0 0 0 0 0 0 0.508805 0.589086 0.00539893 0.384345 14.7939 0 1.73063 0 2.03511 0 1.04631 2.91176 2.5456 1.00199 1 1.00003 1.00253 1.00198 0.00655353 0.0082581 0
210 4.77273 47.7273 1.02479 1.10963 1.02367 6.03679 6.06103 1.8764 2.86195 2.85602 2.50032 2.50032 2.48666 2.46499 0.678312 0.288023 1 1e-06 0.00241706 0.0405863 72.7964 30.9437 4.96118 -35.9048 32.7937 10.9605 38.9625 0.387346 0 0 0 0.548359 0.586745 -0.00511944 -0.0141372 0.0104383 0.871964 0.814031 0.89235 0.0150678 0.0139998 0.0153018 0.018743 0.0174872 0.0191656 0 0 0 0 0 0 0.508805 0.589086 0.00289332 0.38394 14.6686 0 1.80238 0 2.14302 0 1.02479 2.86291 2.50032 1.00208 1 1.00003 1.00264 1.00199 0.0065529 0.0082662 0
220 5 50 1.00388 1.10194 1.00283 5.86735 5.88834 2.16474 2.81471 2.80862 2.45623 2.45623 2.44271 2.42151 0.665706 0.285335 1 1e-06 0.0024273 0.0405069 71.9018 30.6923 4.86924 -35.5615 32.5351 10.8479 38.5922 0.461984 0 0 0 0.545853 0.584523 -0.00498526 -0.0142516 0.0105559 0.868851 0.811097 0.889438 0.0175524 0.0163108 0.017828 0.0218335 0.0203721 0.0223286 0 0 0 0 0 0 0.508805 0.589086 0.00649496 0.389275 14.5463 0 1.78355 0 2.10476 0 1.00388 2.81561 2.45623 1.00217 1 1.00003 1.00275 1.002 0.00652839 0.00823249 0
230 5.22727 52.2727 0.983508 1.09394 0.982522 5.71982 5.73615 2.25276 2.76626 2.76004 2.41231 2.41231 2.39886 2.37812 0.653411 0.283659 1 1e-06 0.00243802 0.0404443 71.0516 30.4374 4.77752 -35.2149 32.2716 10.7319 38.2241 0.54316 0 0 0 0.544191 0.582957 -0.00472133 -0.0142891 0.0107554 0.865691 0.807945 0.886389 0.020028 0.0186145 0.0203449 0.0249126 0.0232462 0.025481 0 0 0 0 0 0 0.508805 0.589086 -6.50818e-05 0.387724 14.42 0 1.76419 0 2.10313 0 0.983508 2.76713 2.41231 1.00225 1 1.00003 1.00286 1.00202 0.00652479 0.00822431 0
240 5.45455 54.5455 0.963543 1.08552 0.962612 5.60654 5.62213 2.37022 2.72004 2.7137 2.36884 2.36884 2.35552 2.3352 0.640893 0.279676 1 1e-06 0.00244847 0.0403719 70.1945 30.1807 4.69336 -34.8741 32.0071 10.6167 37.8576 0.445368 0 0 0 0.542454 0.581137 -0.00444672 -0.014368 0.0109392 0.86228 0.804588 0.883265 0.0224943 0.0209089 0.0228522 0.02798 0.0261085 0.0286223 0 0 0 0 0 0 0.508805 0.589086 -0.000188713 0.387623 14.2984 0 1.85398 0 2.22121 0 0.963543 2.72085 2.36884 1.00234 1 1.00003 1.00297 1.00203 0.0064922 0.0081929 0
250 5.68182 56.8182 0.943928 1.07663 0.943025 5.5157 5.52356 2.5042 2.67347 2.66702 2.32609 2.32609 2.31291 2.29304 0.628826 0.278365 1 1e-06 0.00245921 0.0403069 69.3584 29.9231 4.61719 -34.5403 31.7365 10.5012 37.5007 0.406065 0 0 0 0.541528 0.580179 -0.00415621 -0.0143793 0.0109106 0.858617 0.801143 0.879891 0.0249505 0.0231934 0.0253502 0.0310344 0.0289585 0.0317517 0 0 0 0 0 0 0.508805 0.589086 0.00669426 0.391428 14.1749 0 1.84096 0 2.19113 0 0.943928 2.67424 2.32609 1.00242 1 1.00003 1.00307 1.00205 0.00647318 0.00815484 0
260 5.90909 59.0909 0.924802 1.06724 0.923977 5.36389 5.38571 2.64401 2.62836 2.62181 2.28452 2.28452 2.27146 2.25202 0.617055 0.275193 1 1e-06 0.00246984 0.0402388 68.5306 29.6692 4.53911 -34.2084 31.476 10.3934 37.1449 0.63561 0 0 0 0.541715 0.580312 -0.00399951 -0.0142481 0.0106977 0.854939 0.797213 0.876365 0.0273963 0.0254679 0.0278389 0.0340758 0.0317954 0.034869 0 0 0 0 0 0 0.508805 0.589086 0.00726975 0.381557 14.0543 0 1.93463 0 2.31793 0 0.924802 2.62909 2.28452 1.0025 1 1.00003 1.00317 1.00207 0.00644356 0.00812546 0
270 6.13636 61.3636 0.906326 1.05734 0.905556 5.18736 5.20303 2.78844 2.58537 2.57873 2.24439 2.24439 2.23145 2.21241 0.605554 0.274292 1 1e-06 0.00248019 0.0401675 67.7173 29.4254 4.4618 -33.8872 31.223 10.2787 36.8006 0.426797 0 0 0 0.541962 0.580622 -0.00416068 -0.0140531 0.0106963 0.851041 0.793166 0.872523 0.0298307 0.0277317 0.0303167 0.0371032 0.0346176 0.0379725 0 0 0 0 0 0 0.508805 0.589086 0.0137222 0.384491 13.9383 0 1.84396 0 2.20545 0 0.906326 2.58606 2.24439 1.00258 1 1.00002 1.00327 1.00208 0.00641951 0.00809445 0
280 6.36364 63.6364 0.887715 1.04797 0.886974 5.23291 5.24089 2.63839 2.54149 2.53476 2.20367 2.20367 2.19089 2.17223 0.593944 0.272206 1 1e-06 0.00249097 0.0400966 66.8953 29.1654 4.39076 -33.5562 30.9579 10.1713 36.4504 0.382544 0 0 0 0.541759 0.580664 -0.00394745 -0.0139387 0.0105526 0.847106 0.789386 0.869036 0.032254 0.0299847 0.032784 0.0401168 0.0374258 0.0410628 0 0 0 0 0 0 0.508805 0.589086 0.00693605 0.387725 13.819 0 1.90084 0 2.30954 0 0.887715 2.54214 2.20367 1.00265 1 1.00002 1.00337 1.0021 0.00638205 0.00804782 0
290 6.59091 65.9091 0.869527 1.03873 0.868824 5.1108 5.12168 2.60196 2.49858 2.49179 2.16446 2.16446 2.15181 2.1335 0.582926 0.271904 1 1e-06 0.00250173 0.0400247 66.0828 28.9119 4.32105 -33.233 30.6982 10.0696 36.1113 0.527255 0 0 0 0.540996 0.580084 -0.0034352 -0.0137292 0.0109983 0.842969 0.786053 0.865439 0.0346654 0.0322277 0.0352412 0.0431156 0.0402211 0.0441404 0 0 0 0 0 0 0.508805 0.589086 -0.00249768 0.391073 13.7013 0 1.8452 0 2.22421 0 0.869527 2.49917 2.16446 1.00273 1 1.00002 1.00347 1.00211 0.00635579 0.00801247 0
300 6.81818 68.1818 0.851762 1.02938 0.851117 4.98629 5.00246 2.63181 2.45658 2.44973 2.12624 2.12624 2.11374 2.09584 0.572191 0.27233 1 1e-06 0.00251249 0.0399525 65.2813 28.6592 4.26133 -32.9205 30.4373 9.97664 35.7804 0.474008 0 0 0 0.540707 0.579799 -0.00315959 -0.0138651 0.011343 0.838821 0.782534 0.861853 0.0370647 0.0344611 0.0376881 0.0460994 0.0430042 0.0472047 0 0 0 0 0 0 0.508805 0.589086 -0.000757636 0.383904 13.5852 0 1.82941 0 2.18279 0 0.851762 2.45715 2.12624 1.0028 1 1.00002 1.00356 1.00213 0.00631484 0.00796832 0
310 7.04545 70.4545 0.834481 1.02021 0.833862 4.85909 4.86654 2.58361 2.41459 2.40768 2.08876 2.08876 2.07643 2.05889 0.561817 0.270536 1 1e-06 0.00252348 0.0398882 64.5065 28.4118 4.1963 -32.6081 30.1845 9.8836 35.4487 0.565203 0 0 0 0.541325 0.580144 -0.00293378 -0.0140806 0.0116161 0.834858 0.778878 0.858359 0.0394526 0.0366844 0.0401249 0.0490686 0.0457744 0.0502565 0 0 0 0 0 0 0.508805 0.589086 0.00339794 0.379366 13.4681 0 1.90021 0 2.26448 0 0.834481 2.41514 2.08876 1.00287 1 1.00002 1.00365 1.00215 0.0062822 0.00791911 0
320 7.27273 72.7273 0.817831 1.01002 0.817197 4.69295 4.68857 2.86923 2.37371 2.36675 2.05231 2.05231 2.04007 2.0228 0.551769 0.269001 1 1e-06 0.0025344 0.0398278 63.7581 28.1739 4.12927 -32.3031 29.942 9.78184 35.1219 0.536232 0 0 0 0.541206 0.579536 -0.00291589 -0.0141586 0.0118327 0.83071 0.774703 0.854282 0.04183 0.0388968 0.042551 0.0520232 0.0485301 0.0532945 0 0 0 0 0 0 0.508805 0.589086 0.0102278 0.382377 13.3531 0 1.89515 0 2.27769 0 0.817831 2.37419 2.05231 1.00294 1 1.00002 1.00373 1.00217 0.00626278 0.00789448 0
330 7.5 75 0.801372 1.00014 0.800773 4.62501 4.63495 2.78314 2.33396 2.32697 2.01582 2.01582 2.00374 1.98676 0.54145 0.268622 1 1e-06 0.00254525 0.0397595 63.0001 27.9322 4.06498 -31.9972 29.692 9.69147 34.7926 0.516451 0 0 0 0.541144 0.579302 -0.00291851 -0.0143535 0.0121112 0.826606 0.770607 0.850389 0.044196 0.0410986 0.0449664 0.0549628 0.0512711 0.056318 0 0 0 0 0 0 0.508805 0.589086 0.0132001 0.37719 13.2404 0 1.88698 0 2.28904 0 0.801372 2.33441 2.01582 1.00301 1 1.00002 1.00382 1.00219 0.00621841 0.00784487 0
340 7.72727 77.2727 0.785191 0.990593 0.78469 4.52884 4.55658 2.68762 2.29228 2.28527 1.97977 1.97977 1.96777 1.95113 0.53174 0.267798 1 1e-06 0.00255687 0.0397127 62.283 27.6891 4.00218 -31.6913 29.4389 9.60281 34.4669 0.503293 0 0 0 0.540656 0.57883 -0.00302574 -0.0143646 0.0121374 0.82267 0.766566 0.846627 0.0465516 0.0432898 0.0473716 0.0578881 0.0539971 0.0593277 0 0 0 0 0 0 0.508805 0.589086 0.0111545 0.376722 13.1213 0 1.85997 0 2.25284 0 0.785191 2.29272 1.97977 1.00307 1 1.00002 1.0039 1.0022 0.00620063 0.00782278 0
350 7.95455 79.5455 0.769394 0.980961 0.768923 4.44009 4.44838 2.71254 2.25209 2.24505 1.9444 1.9444 1.93259 1.9163 0.522096 0.266271 1 1e-06 0.00256833 0.0396619 61.5707 27.4452 3.94189 -31.3871 29.1885 9.5176 34.1438 0.550185 0 0 0 0.539623 0.577915 -0.00309629 -0.0144581 0.0120885 0.818776 0.762436 0.842745 0.048896 0.0454696 0.0497661 0.060799 0.0567085 0.0623235 0 0 0 0 0 0 0.508805 0.589086 0.0098182 0.377636 13.0053 0 1.87346 0 2.22632 0 0.769394 2.25251 1.9444 1.00314 1 1.00002 1.00398 1.00222 0.00615671 0.00776455 0
360 8.18182 81.8182 0.753996 0.971173 0.753547 4.32979 4.33591 2.75631 2.21311 2.20605 1.90985 1.90985 1.89814 1.88218 0.512613 0.264926 1 1e-06 0.00257968 0.0396075 60.8641 27.2056 3.87695 -31.0826 28.9463 9.43109 33.8221 0.459189 0 0 0 0.539167 0.577733 -0.00336714 -0.0146583 0.0120931 0.814791 0.758149 0.838851 0.051229 0.0476372 0.0521496 0.0636957 0.0594046 0.0653051 0 0 0 0 0 0 0.508805 0.589086 0.00581973 0.381239 12.8918 0 1.85106 0 2.25871 0 0.753996 2.2135 1.90985 1.0032 1 1.00002 1.00406 1.00224 0.00613551 0.00773521 0
370 8.40909 84.0909 0.73883 0.961334 0.738437 4.25511 4.27083 2.77066 2.17366 2.1666 1.87548 1.87548 1.86389 1.8482 0.503295 0.265254 1 1e-06 0.00259142 0.039561 60.1735 26.9639 3.81715 -30.7811 28.6972 9.35209 33.5025 0.530941 0 0 0 0.539274 0.578219 -0.00348934 -0.0147551 0.0122282 0.810692 0.753913 0.834901 0.0535513 0.0497927 0.0545219 0.066578 0.0620855 0.0682728 0 0 0 0 0 0 0.508805 0.589086 0.0043154 0.380145 12.7761 0 1.90244 0 2.333 0 0.73883 2.17402 1.87548 1.00326 1 1.00002 1.00414 1.00226 0.00610434 0.00769921 0
380 8.63636 86.3636 0.724135 0.951279 0.723745 4.13726 4.13804 2.83136 2.13468 2.12762 1.84142 1.84142 1.82998 1.81451 0.494035 0.264048 1 1e-06 0.00260329 0.0395209 59.507 26.7241 3.75369 -30.4778 28.4517 9.25141 33.186 0.566495 0 0 0 0.539678 0.578609 -0.00329931 -0.0147592 0.0125522 0.806459 0.749715 0.830728 0.055862 0.0519363 0.0568826 0.0694448 0.0647509 0.0712257 0 0 0 0 0 0 0.508805 0.589086 0.000936077 0.384822 12.6606 0 1.84629 0 2.23498 0 0.724135 2.135 1.84142 1.00332 1 1.00002 1.00421 1.00228 0.00606875 0.00765311 0
390 8.86364 88.6364 0.709905 0.941922 0.709553 3.99639 4.00733 2.63508 2.09373 2.08669 1.80757 1.80757 1.79628 1.78109 0.485288 0.26337 1 1e-06 0.00261604 0.0395111 58.9002 26.4849 3.69273 -30.1777 28.2031 9.15415 32.8695 0.56334 0 0 0 0.540496 0.579092 -0.00350684 -0.014755 0.0127816 0.802523 0.745823 0.82677 0.0581619 0.0540679 0.0592322 0.0722968 0.0674018 0.0741637 0 0 0 0 0 0 0.508805 0.589086 0.00747748 0.388924 12.5382 0 1.79789 0 2.15914 0 0.709905 2.094 1.80757 1.00337 1 1.00002 1.00429 1.0023 0.00602875 0.0076061 0
400 9.09091 90.9091 0.696236 0.932622 0.695902 3.84411 3.84905 2.6189 2.0559 2.04887 1.77472 1.77472 1.76361 1.74877 0.476427 0.263851 1 1e-06 0.0026281 0.0394858 58.2875 26.244 3.63879 -29.8828 27.9543 9.05972 32.5634 0.697671 0 0 0 0.541241 0.57947 -0.0038029 -0.0145834 0.012932 0.798725 0.742058 0.822576 0.0604516 0.0561886 0.0615706 0.0751349 0.0700389 0.0770871 0 0 0 0 0 0 0.508805 0.589086 0.00219256 0.388413 12.4241 0 1.78363 0 2.13404 0 0.696236 2.05617 1.77472 1.00343 1 1.00002 1.00436 1.00232 0.00598385 0.00755028 0
410 9.31818 93.1818 0.682915 0.923336 0.682575 3.75286 3.7513 2.6147 2.0188 2.01179 1.74274 1.74274 1.73182 1.71736 0.467865 0.261077 1 1e-06 0.0026402 0.0394628 57.6884 26.0037 3.58987 -29.5936 27.7132 8.97615 32.2569 0.615944 0 0 0 0.541464 0.579084 -0.00407532 -0.0146164 0.0133503 0.794685 0.73826 0.818609 0.0627308 0.0582987 0.0638974 0.0779589 0.0726625 0.0799956 0 0 0 0 0 0 0.508805 0.589086 0.00658905 0.384494 12.3112 0 1.75551 0 2.11678 0 0.682915 2.01908 1.74274 1.00348 1 1.00002 1.00443 1.00233 0.00593007 0.00748477 0
420 9.54545 95.4545 0.669869 0.914037 0.669542 3.67018 3.67376 2.61862 1.98141 1.97443 1.71173 1.71173 1.70088 1.68661 0.459827 0.259688 1 1e-06 0.00265267 0.0394508 57.1128 25.7662 3.54094 -29.3072 27.4748 8.8909 31.9609 0.687193 0 0 0 0.542574 0.579887 -0.00417256 -0.0144675 0.0137873 0.790843 0.734068 0.814731 0.0649998 0.0603987 0.0662129 0.0807684 0.0752718 0.0828901 0 0 0 0 0 0 0.508805 0.589086 0.0096322 0.387562 12.1963 0 1.75741 0 2.1288 0 0.669869 1.98165 1.71173 1.00354 1 1.00002 1.00449 1.00236 0.00591773 0.00746439 0
430 9.77273 97.7273 0.657246 0.904769 0.656975 3.53881 3.55447 2.60993 1.94746 1.94051 1.68134 1.68134 1.6707 1.65673 0.451406 0.26012 1 1e-06 0.00266426 0.0394142 56.514 25.5305 3.50165 -29.0321 27.2319 8.81012 31.6731 0.573174 0 0 0 0.54362 0.580894 -0.00436697 -0.0144628 0.0140779 0.787186 0.730008 0.810534 0.0672588 0.0624876 0.0685167 0.0835646 0.0778658 0.0857699 0 0 0 0 0 0 0.508805 0.589086 0.00796143 0.385769 12.0911 0 1.73 0 2.11133 0 0.657246 1.94772 1.68134 1.00359 1 1.00002 1.00456 1.00238 0.00585481 0.00739127 0
440 10 100 0.644678 0.89573 0.644436 3.53111 3.53918 2.54548 1.91272 1.90579 1.65084 1.65084 1.64036 1.62671 0.443098 0.257953 1 1e-06 0.00267637 0.0393874 55.9281 25.2988 3.45193 -28.7508 26.9923 8.72606 31.377 0.592066 0 0 0 0.544801 0.58218 -0.00451929 -0.0147864 0.0142728 0.783253 0.726321 0.806494 0.0695077 0.0645654 0.0708089 0.0863471 0.0804463 0.0886348 0 0 0 0 0 0 0.508805 0.589086 0.00143987 0.381362 11.9824 0 1.74347 0 2.1127 0 0.644678 1.91296 1.65084 1.00363 1 1.00002 1.00462 1.0024 0.00581011 0.00734047 0
450 10.2273 102.273 0.632472 0.886702 0.632239 3.43466 3.43742 2.54224 1.87789 1.871 1.62066 1.62066 1.61032 1.59694 0.434968 0.25679 1 1e-06 0.00268879 0.0393739 55.3738 25.0702 3.39995 -28.4701 26.7574 8.63593 31.079 0.659274 0 0 0 0.54706 0.584856 -0.00459471 -0.015084 0.0144218 0.779354 0.722311 0.802669 0.071746 0.0666326 0.0730903 0.0891153 0.0830128 0.0914855 0 0 0 0 0 0 0.508805 0.589086 0.00133551 0.380061 11.8726 0 1.72492 0 2.07029 0 0.632472 1.87815 1.62066 1.00368 1 1.00002 1.00468 1.00242 0.00577325 0.00729209 0
460 10.4545 104.545 0.620731 0.877813 0.620514 3.30165 3.30622 2.50324 1.84499 1.83814 1.59139 1.59139 1.58123 1.56815 0.42692 0.253954 1 1e-06 0.00270079 0.039353 54.8247 24.8444 3.35541 -28.1998 26.5257 8.54711 30.7891 0.603623 0 0 0 0.549302 0.58775 -0.00469686 -0.0151346 0.0143757 0.775556 0.718267 0.798893 0.073975 0.0686886 0.0753614 0.0918697 0.0855647 0.0943225 0 0 0 0 0 0 0.508805 0.589086 -0.0077195 0.383322 11.7678 0 1.69195 0 2.04339 0 0.620731 1.84524 1.59139 1.00373 1 1.00002 1.00474 1.00244 0.00571828 0.00722509 0
470 10.6818 106.818 0.609321 0.869032 0.609128 3.20641 3.21296 2.4726 1.81202 1.80521 1.56263 1.56263 1.55261 1.53975 0.419116 0.253853 1 1e-06 0.00271308 0.0393428 54.3007 24.6179 3.31901 -27.9369 26.2926 8.46152 30.5044 0.617637 0 0 0 0.550401 0.5898 -0.00484397 -0.0150883 0.0142973 0.771733 0.714329 0.795126 0.0761943 0.0707335 0.0776223 0.0946104 0.0881023 0.0971461 0 0 0 0 0 0 0.508805 0.589086 -0.00137923 0.378105 11.662 0 1.71235 0 2.07729 0 0.609321 1.81224 1.56263 1.00377 1 1.00002 1.00479 1.00246 0.00568449 0.00718318 0
480 10.9091 109.091 0.597994 0.860351 0.59784 3.17853 3.18982 2.44472 1.77849 1.77173 1.53352 1.53352 1.52366 1.51103 0.411256 0.255867 1 1e-06 0.00272587 0.0393408 53.7868 24.3867 3.27965 -27.6664 26.0527 8.36786 30.2168 0.606067 0 0 0 0.551676 0.592003 -0.00497372 -0.0147546 0.0141907 0.767917 0.710544 0.791285 0.0784032 0.0727677 0.0798725 0.0973373 0.0906258 0.0999559 0 0 0 0 0 0 0.508805 0.589086 0.00727466 0.375695 11.5533 0 1.66482 0 2.02128 0 0.597994 1.7787 1.53352 1.00382 1 1.00002 1.00485 1.00248 0.0056416 0.0071251 0
490 11.1364 111.364 0.586992 0.85174 0.586843 3.09689 3.09817 2.42473 1.74663 1.73992 1.50549 1.50549 1.49578 1.48335 0.403577 0.254178 1 1e-06 0.0027383 0.0393301 53.2708 24.1591 3.24248 -27.4016 25.8203 8.29902 29.9306 0.580092 0 0 0 0.553141 0.594112 -0.00512015 -0.0145458 0.0142833 0.764151 0.706933 0.787273 0.0806018 0.0747919 0.0821117 0.10005 0.093136 0.102752 0 0 0 0 0 0 0.508805 0.589086 0.00679362 0.382523 11.4491 0 1.66337 0 2.01883 0 0.586992 1.74682 1.50549 1.00386 1 1.00002 1.0049 1.0025 0.00560546 0.00707688 0
500 11.3636 113.636 0.576086 0.843623 0.575928 3.07358 3.07091 2.28583 1.71466 1.708 1.47746 1.47746 1.46788 1.45562 0.395949 0.255922 1 1e-06 0.00275106 0.0393247 52.7631 23.9291 3.20722 -27.1363 25.5786 8.22047 29.6502 0.505894 0 0 0 0.554038 0.595209 -0.00552552 -0.014362 0.0147122 0.760816 0.70329 0.783446 0.0827908 0.076806 0.0843408 0.102751 0.0956331 0.105533 0 0 0 0 0 0 0.508805 0.589086 0.0074443 0.380472 11.3436 0 1.68031 0 2.03162 0 0.576086 1.71481 1.47746 1.0039 1 1.00002 1.00496 1.00252 0.00556257 0.00702491 0
510 11.5909 115.909 0.565319 0.835462 0.565168 3.03 3.03203 2.29802 1.68245 1.67585 1.44964 1.44964 1.44022 1.42827 0.388486 0.257757 1 1e-06 0.00276422 0.039326 52.266 23.708 3.16181 -26.8698 25.3446 8.13737 29.3631 0.572953 0 0 0 0.553201 0.593995 -0.00553766 -0.0144379 0.0149929 0.75701 0.699777 0.779854 0.0849702 0.0788102 0.0865609 0.105439 0.0981173 0.108301 0 0 0 0 0 0 0.508805 0.589086 0.0114715 0.379897 11.2363 0 1.69333 0 2.07174 0 0.565319 1.68261 1.44964 1.00394 1 1.00002 1.00501 1.00254 0.0055124 0.00696758 0
520 11.8182 118.182 0.555029 0.827153 0.554907 2.88945 2.89783 2.33979 1.6508 1.64426 1.42267 1.42267 1.41338 1.4017 0.381345 0.255538 1 1e-06 0.00277745 0.0393384 51.8015 23.4935 3.11778 -26.6113 25.1195 8.06165 29.0772 0.531724 0 0 0 0.551178 0.591607 -0.0056688 -0.0145535 0.0152704 0.753361 0.696033 0.776075 0.08714 0.0808039 0.0887713 0.108113 0.100589 0.111055 0 0 0 0 0 0 0.508805 0.589086 0.0131168 0.377439 11.1299 0 1.64434 0 2.02361 0 0.555029 1.65097 1.42267 1.00398 1 1.00002 1.00505 1.00256 0.00548256 0.00692144 0
530 12.0455 120.455 0.545032 0.818806 0.544949 2.80431 2.81511 2.35048 1.61978 1.6133 1.39647 1.39647 1.38735 1.37593 0.374436 0.255414 1 1e-06 0.00279074 0.0393551 51.3518 23.2756 3.08413 -26.3598 24.8913 7.98583 28.8044 0.57783 0 0 0 0.548408 0.588316 -0.00569653 -0.0144508 0.0154225 0.749638 0.692111 0.772423 0.0893001 0.0827868 0.0909717 0.110773 0.103046 0.113796 0 0 0 0 0 0 0.508805 0.589086 0.00234616 0.378214 11.0246 0 1.61069 0 1.98383 0 0.545032 1.6199 1.39647 1.00402 1 1.00001 1.0051 1.00258 0.0054329 0.00686479 0
540 12.2727 122.727 0.535344 0.810695 0.535251 2.73086 2.728 2.28425 1.58907 1.58266 1.37093 1.37093 1.36195 1.3507 0.367796 0.255911 1 1e-06 0.0028042 0.0393782 50.9199 23.0597 3.05038 -26.11 24.6634 7.91121 28.5385 0.578226 0 0 0 0.545459 0.584852 -0.00583818 -0.0143984 0.0155904 0.746182 0.688451 0.768529 0.0914505 0.084759 0.0931616 0.113421 0.10549 0.116524 0 0 0 0 0 0 0.508805 0.589086 0.00546823 0.371633 10.9194 0 1.59814 0 1.93212 0 0.535344 1.5892 1.37093 1.00405 1 1.00002 1.00515 1.0026 0.00538672 0.00680918 0
550 12.5 125 0.525956 0.802761 0.525854 2.64634 2.64363 2.23407 1.55873 1.55238 1.3456 1.3456 1.33679 1.32579 0.361188 0.25468 1 1e-06 0.00281782 0.0394088 50.5075 22.8488 3.01374 -25.8626 24.4427 7.83651 28.2662 0.571444 0 0 0 0.54298 0.582108 -0.00604971 -0.0144312 0.0156867 0.742679 0.684983 0.764689 0.0935917 0.0867208 0.0953409 0.116056 0.10792 0.119237 0 0 0 0 0 0 0.508805 0.589086 0.00734817 0.377758 10.8145 0 1.61288 0 1.97088 0 0.525956 1.55885 1.3456 1.00409 1 1.00002 1.0052 1.00262 0.00533307 0.00674539 0
560 12.7273 127.273 0.516862 0.794771 0.516791 2.55208 2.56104 2.24996 1.52795 1.52168 1.32064 1.32064 1.31192 1.30111 0.354865 0.254394 1 1e-06 0.00283198 0.039461 50.1338 22.6329 2.98151 -25.6144 24.2151 7.76415 28.0018 0.573317 0 0 0 0.542028 0.58126 -0.00601494 -0.0144786 0.0158165 0.739077 0.681529 0.760805 0.0957229 0.0886724 0.0975103 0.118679 0.110339 0.121937 0 0 0 0 0 0 0.508805 0.589086 -0.000227749 0.376457 10.707 0 1.59371 0 1.95679 0 0.516862 1.52806 1.32064 1.00412 1 1.00001 1.00524 1.00264 0.00530087 0.00671275 0
570 12.9545 129.545 0.507838 0.786651 0.507789 2.53492 2.54101 2.28678 1.49932 1.49312 1.29664 1.29664 1.28812 1.2776 0.348595 0.255565 1 1e-06 0.00284547 0.0394854 49.7221 22.4165 2.95861 -25.3751 23.9923 7.69849 27.7453 0.555027 0 0 0 0.541138 0.580551 -0.00601549 -0.0146501 0.0158711 0.735102 0.678164 0.756981 0.0978439 0.0906143 0.0996689 0.121288 0.112745 0.124623 0 0 0 0 0 0 0.508805 0.589086 0.00177255 0.373352 10.6061 0 1.59211 0 1.94779 0 0.507838 1.49945 1.29664 1.00415 1 1.00001 1.00528 1.00266 0.00525312 0.00663811 0
580 13.1818 131.818 0.499075 0.778811 0.499022 2.46894 2.46765 2.20753 1.47074 1.46461 1.27354 1.27354 1.26514 1.25483 0.342754 0.25495 1 1e-06 0.00285926 0.0395217 49.3337 22.21 2.92787 -25.1379 23.7791 7.63516 27.4936 0.537755 0 0 0 0.541212 0.58074 -0.006052 -0.0148815 0.0159758 0.731305 0.67479 0.753308 0.0999541 0.0925474 0.101816 0.123882 0.115139 0.127295 0 0 0 0 0 0 0.508805 0.589086 0.0120362 0.373118 10.5043 0 1.53141 0 1.89051 0 0.499075 1.47086 1.27354 1.00418 1 1.00001 1.00532 1.00268 0.00521084 0.00659042 0
590 13.4091 134.091 0.490473 0.770989 0.490429 2.41961 2.42231 2.20289 1.44337 1.43732 1.25037 1.25037 1.24211 1.23199 0.336642 0.255772 1 1e-06 0.00287278 0.0395468 48.9338 22.0019 2.89945 -24.9014 23.5634 7.56775 27.2396 0.567193 0 0 0 0.541451 0.580786 -0.00623831 -0.0147836 0.0161261 0.727627 0.671519 0.749399 0.102054 0.0944717 0.103953 0.126464 0.117521 0.129953 0 0 0 0 0 0 0.508805 0.589086 0.0112427 0.365315 10.406 0 1.57367 0 1.95651 0 0.490473 1.44348 1.25037 1.00422 1 1.00001 1.00536 1.0027 0.00517265 0.00653491 0
600 13.6364 136.364 0.482126 0.762885 0.482089 2.34846 2.35076 2.28203 1.41748 1.41149 1.22868 1.22868 1.22055 1.21058 0.33097 0.255559 1 1e-06 0.00288588 0.0395623 48.5302 21.8037 2.87555 -24.6792 23.359 7.50427 27.0003 0.533599 0 0 0 0.542037 0.581167 -0.00671099 -0.014685 0.0162196 0.723694 0.668026 0.745505 0.104144 0.0963866 0.10608 0.129031 0.119891 0.132597 0 0 0 0 0 0 0.508805 0.589086 0.0114918 0.363966 10.3121 0 1.54125 0 1.93097 0 0.482126 1.41757 1.22868 1.00424 1 1.00001 1.00539 1.00272 0.00512348 0.00647969 0
610 13.8636 138.636 0.473956 0.755029 0.473954 2.29104 2.30055 2.21221 1.39262 1.38669 1.20768 1.20768 1.19967 1.18985 0.325428 0.255919 1 1e-06 0.00289874 0.0395712 48.124 21.6105 2.84903 -24.4595 23.1589 7.44187 26.7672 0.580602 0 0 0 0.542406 0.581201 -0.00723172 -0.0144368 0.0163432 0.719649 0.664572 0.741961 0.106222 0.0982921 0.108196 0.131585 0.122248 0.135228 0 0 0 0 0 0 0.508805 0.589086 0.0160577 0.370869 10.2211 0 1.52277 0 1.87238 0 0.473956 1.39271 1.20768 1.00427 1 1.00001 1.00543 1.00274 0.00509167 0.00643546 0
620 14.0909 140.909 0.466022 0.747582 0.466043 2.22769 2.23427 2.09702 1.36859 1.36272 1.18703 1.18703 1.17917 1.16962 0.319918 0.255632 1 1e-06 0.00291144 0.0395829 47.7325 21.4192 2.82317 -24.2423 22.9562 7.38104 26.5386 0.576114 0 0 0 0.54221 0.58071 -0.00748901 -0.0141298 0.0162689 0.71603 0.661233 0.738401 0.108291 0.100188 0.110302 0.134124 0.124593 0.137847 0 0 0 0 0 0 0.508805 0.589086 0.00367576 0.375021 10.1324 0 1.50471 0 1.86914 0 0.466022 1.3687 1.18703 1.0043 1 1.00001 1.00547 1.00276 0.00504114 0.00637436 0
630 14.3182 143.182 0.458365 0.739897 0.458397 2.15301 2.1562 2.16412 1.34484 1.33904 1.16683 1.16683 1.15913 1.14983 0.314572 0.254153 1 1e-06 0.00292427 0.0396016 47.3598 21.2314 2.80148 -24.0328 22.7625 7.31817 26.3091 0.57169 0 0 0 0.541383 0.579542 -0.00763815 -0.0140494 0.0161195 0.712565 0.657485 0.734683 0.110348 0.102073 0.112398 0.13665 0.126925 0.140451 0 0 0 0 0 0 0.508805 0.589086 -0.000734434 0.370384 10.0439 0 1.54372 0 1.90315 0 0.458365 1.34494 1.16683 1.00433 1 1.00001 1.00551 1.00278 0.00498991 0.00631018 0
640 14.5455 145.455 0.450887 0.732375 0.450917 2.10654 2.10573 2.11831 1.32204 1.3163 1.14728 1.14728 1.1397 1.13049 0.309355 0.253555 1 1e-06 0.00293686 0.039615 46.9862 21.0458 2.78368 -23.8295 22.5691 7.25814 26.0889 0.570869 0 0 0 0.541125 0.579177 -0.00813824 -0.0139799 0.0160709 0.709042 0.653919 0.731025 0.112396 0.103949 0.114484 0.139164 0.129244 0.143043 0 0 0 0 0 0 0.508805 0.589086 7.57919e-05 0.368104 9.95829 0 1.52887 0 1.88548 0 0.450887 1.32211 1.14728 1.00436 1 1.00001 1.00554 1.0028 0.00495754 0.00626154 0
650 14.7727 147.727 0.443673 0.724745 0.443695 2.03369 2.03152 2.14845 1.29992 1.29425 1.12879 1.12879 1.12132 1.11221 0.304514 0.254097 1 1e-06 0.00294933 0.0396288 46.6229 20.8687 2.75828 -23.627 22.3871 7.20172 25.8765 0.545085 0 0 0 0.541438 0.57961 -0.00857234 -0.0140958 0.0163903 0.705275 0.650437 0.72733 0.114433 0.105815 0.11656 0.141665 0.131551 0.145621 0 0 0 0 0 0 0.508805 0.589086 -0.00180297 0.372889 9.87451 0 1.49411 0 1.84149 0 0.443673 1.29996 1.12879 1.00438 1 1.00001 1.00557 1.00282 0.00491472 0.00621395 0
660 15 150 0.43636 0.717796 0.436395 2.05565 2.05926 1.957 1.27757 1.27197 1.11004 1.11004 1.10271 1.09376 0.2996 0.253316 1 1e-06 0.0029622 0.0396425 46.2509 20.6859 2.7418 -23.4277 22.1938 7.13824 25.6671 0.507788 0 0 0 0.541894 0.580395 -0.00893414 -0.0142282 0.0164469 0.701828 0.647253 0.723942 0.116459 0.107674 0.118626 0.144153 0.133845 0.148186 0 0 0 0 0 0 0.508805 0.589086 0.006526 0.369767 9.78914 0 1.47694 0 1.80584 0 0.43636 1.27759 1.11004 1.00441 1 1.00001 1.00561 1.00284 0.00486968 0.00615994 0
670 15.2273 152.273 0.429122 0.710884 0.429168 2.03497 2.03819 1.94623 1.25561 1.25007 1.09167 1.09167 1.08444 1.07565 0.294814 0.254926 1 1e-06 0.00297512 0.0396549 45.8781 20.5111 2.71177 -23.2228 22.0139 7.07176 25.4514 0.465777 0 0 0 0.542653 0.58178 -0.00914897 -0.0141828 0.0164508 0.698438 0.644041 0.72053 0.118476 0.109523 0.120682 0.146628 0.136128 0.150739 0 0 0 0 0 0 0.508805 0.589086 0.00709149 0.376998 9.70453 0 1.44508 0 1.76444 0 0.429122 1.25562 1.09167 1.00443 1 1.00001 1.00564 1.00286 0.00483633 0.00611317 0
680 15.4545 154.545 0.422072 0.704134 0.422135 1.98068 1.9854 1.90074 1.23418 1.22871 1.07329 1.07329 1.06618 1.05756 0.289912 0.25394 1 1e-06 0.002988 0.0396653 45.5089 20.331 2.69134 -23.0224 21.8249 7.0188 25.2366 0.479836 0 0 0 0.544081 0.583672 -0.00912652 -0.0141848 0.0165765 0.695086 0.6409 0.717197 0.120483 0.111365 0.122729 0.149092 0.138399 0.15328 0 0 0 0 0 0 0.508805 0.589086 0.00178374 0.368814 9.62125 0 1.43071 0 1.763 0 0.422072 1.23419 1.07329 1.00446 1 1.00001 1.00566 1.00288 0.00479451 0.00606766 0
690 15.6818 156.818 0.415232 0.69754 0.415301 1.92426 1.92596 1.8571 1.21329 1.20788 1.05531 1.05531 1.04834 1.03993 0.285087 0.2527 1 1e-06 0.00300083 0.0396798 45.1533 20.1553 2.66665 -22.8219 21.6434 6.96054 25.0218 0.497133 0 0 0 0.545733 0.585448 -0.00915538 -0.0142296 0.0165866 0.691898 0.63774 0.713894 0.122481 0.113199 0.124767 0.151543 0.140659 0.155808 0 0 0 0 0 0 0.508805 0.589086 0.00936752 0.370836 9.53936 0 1.41405 0 1.72969 0 0.415232 1.2133 1.05531 1.00448 1 1.00001 1.00569 1.0029 0.00475031 0.00600538 0
700 15.9091 159.091 0.408611 0.690867 0.408692 1.86124 1.86469 1.87909 1.19343 1.18808 1.03791 1.03791 1.03105 1.02278 0.280354 0.253454 1 1e-06 0.00301329 0.039688 44.7993 19.9804 2.64865 -22.6291 21.4626 6.90056 24.8164 0.497414 0 0 0 0.547263 0.586857 -0.00909446 -0.01447 0.01661 0.688517 0.634494 0.710701 0.124469 0.115023 0.126797 0.153983 0.142908 0.158325 0 0 0 0 0 0 0.508805 0.589086 0.0049799 0.37281 9.46085 0 1.40678 0 1.73041 0 0.408611 1.19343 1.03791 1.0045 1 1.00001 1.00572 1.00292 0.00470878 0.00595866 0
710 16.1364 161.364 0.402184 0.684168 0.40228 1.80551 1.80973 1.88637 1.17369 1.1684 1.02086 1.02086 1.0141 1.00599 0.275794 0.255154 1 1e-06 0.00302593 0.0397031 44.4606 19.8056 2.63301 -22.4386 21.2797 6.85623 24.6128 0.506569 0 0 0 0.548508 0.587698 -0.00898147 -0.014546 0.0167218 0.685119 0.63109 0.707582 0.126449 0.116838 0.128818 0.156411 0.145144 0.160831 0 0 0 0 0 0 0.508805 0.589086 -0.00060366 0.368686 9.38217 0 1.40742 0 1.74589 0 0.402184 1.17368 1.02086 1.00452 1 1.00001 1.00575 1.00294 0.00467408 0.00591918 0
720 16.3636 163.636 0.395878 0.67769 0.395978 1.77483 1.77574 1.82411 1.1539 1.14868 1.00382 1.00382 0.997198 0.989273 0.271226 0.255171 1 1e-06 0.00303887 0.0397271 44.1355 19.6296 2.61911 -22.2488 21.0963 6.80469 24.4087 0.487064 0 0 0 0.549579 0.588189 -0.00881929 -0.0145066 0.016747 0.6818 0.627832 0.704526 0.12842 0.118644 0.13083 0.158826 0.147368 0.163325 0 0 0 0 0 0 0.508805 0.589086 0.00616318 0.368211 9.30265 0 1.38497 0 1.70526 0 0.395878 1.15389 1.00382 1.00454 1 1.00001 1.00578 1.00295 0.00462695 0.00585419 0
730 16.5909 165.909 0.38968 0.671233 0.389788 1.74295 1.7453 1.81835 1.13566 1.1305 0.987707 0.987707 0.981174 0.973404 0.266813 0.254141 1 1e-06 0.00305104 0.0397289 43.7883 19.4701 2.59403 -22.0642 20.931 6.75392 24.2064 0.478031 0 0 0 0.551122 0.589232 -0.00876569 -0.0143866 0.0168345 0.678167 0.624704 0.701642 0.130381 0.120441 0.132835 0.161229 0.149581 0.165809 0 0 0 0 0 0 0.508805 0.589086 0.0119076 0.360053 9.22873 0 1.40124 0 1.72838 0 0.38968 1.13566 0.987707 1.00456 1 1.00001 1.0058 1.00298 0.00459165 0.00581818 0
740 16.8182 168.182 0.383677 0.664875 0.383764 1.69641 1.69057 1.79041 1.11801 1.11291 0.972057 0.972057 0.96563 0.957908 0.262499 0.25307 1 1e-06 0.00306306 0.0397296 43.4482 19.308 2.57772 -21.8857 20.7633 6.70137 24.0149 0.47194 0 0 0 0.551615 0.589365 -0.00874735 -0.0143231 0.0170356 0.674598 0.621562 0.698806 0.132332 0.122228 0.134832 0.163619 0.151783 0.168282 0 0 0 0 0 0 0.508805 0.589086 0.0112572 0.363103 9.15665 0 1.36715 0 1.66676 0 0.383677 1.11797 0.972057 1.00458 1 1.00001 1.00583 1.00299 0.00455525 0.00577104 0
750 17.0455 170.455 0.37778 0.658559 0.377861 1.66214 1.66051 1.77855 1.09951 1.09447 0.956565 0.956565 0.95022 0.942586 0.25845 0.255715 1 1e-06 0.00307591 0.0397538 43.1382 19.1454 2.55973 -21.7051 20.591 6.64937 23.8273 0.479679 0 0 0 0.551899 0.589359 -0.00885601 -0.0144029 0.0171428 0.671262 0.618527 0.695666 0.134272 0.124007 0.13682 0.165996 0.153974 0.170745 0 0 0 0 0 0 0.508805 0.589086 0.0107993 0.364367 9.08049 0 1.34041 0 1.64432 0 0.37778 1.09946 0.956565 1.0046 1 1.00001 1.00585 1.00301 0.00452741 0.00573311 0
760 17.2727 172.727 0.37211 0.652435 0.372203 1.59328 1.59671 1.72473 1.08335 1.07836 0.941391 0.941391 0.935158 0.927727 0.2541 0.257654 1 1e-06 0.00308736 0.0397482 42.8062 18.9852 2.5444 -21.5296 20.4222 6.60273 23.6395 0.460581 0 0 0 0.552118 0.5894 -0.00886653 -0.0144395 0.0170067 0.668091 0.615677 0.692434 0.136204 0.125778 0.138799 0.168362 0.156154 0.173196 0 0 0 0 0 0 0.508805 0.589086 0.00932161 0.369911 9.01342 0 1.31419 0 1.59648 0 0.37211 1.08331 0.941391 1.00462 1 1.00001 1.00587 1.00303 0.00448785 0.00568532 0
770 17.5 175 0.366493 0.646332 0.366587 1.58161 1.58166 1.71855 1.06642 1.0615 0.926372 0.926372 0.92027 0.91303 0.249987 0.259038 1 1e-06 0.00309957 0.0397573 42.4894 18.8266 2.52676 -21.3534 20.2568 6.54842 23.4517 0.492965 0 0 0 0.552626 0.589755 -0.00897443 -0.0145516 0.0169065 0.664992 0.612596 0.68933 0.138127 0.12754 0.140769 0.170717 0.158323 0.175636 0 0 0 0 0 0 0.508805 0.589086 0.0051622 0.368188 8.94268 0 1.32814 0 1.62484 0 0.366493 1.06639 0.926372 1.00464 1 1.00001 1.00589 1.00305 0.00444286 0.00562424 0
780 17.7273 177.273 0.36115 0.640191 0.361241 1.50533 1.50478 1.72925 1.04922 1.04437 0.912045 0.912045 0.90601 0.898879 0.246265 0.259948 1 1e-06 0.00311223 0.039785 42.2046 18.6699 2.51266 -21.1826 20.0972 6.49662 23.2715 0.469961 0 0 0 0.553307 0.590173 -0.00906745 -0.0145959 0.0169002 0.661804 0.609849 0.685917 0.140042 0.129294 0.14273 0.17306 0.160482 0.178064 0 0 0 0 0 0 0.508805 0.589086 -0.000143674 0.367155 8.8702 0 1.31123 0 1.60276 0 0.36115 1.04919 0.912045 1.00465 1 1.00001 1.00591 1.00307 0.00441628 0.0055937 0
790 17.9545 179.545 0.355779 0.63431 0.355884 1.50847 1.51232 1.65597 1.0328 1.028 0.897821 0.897821 0.891897 0.884887 0.242433 0.260277 1 1e-06 0.00312457 0.0398005 41.9045 18.5209 2.48897 -21.0098 19.9435 6.45148 23.0846 0.475177 0 0 0 0.553612 0.590171 -0.00906887 -0.0146156 0.0168277 0.658694 0.607302 0.682588 0.141947 0.131041 0.144681 0.175392 0.162632 0.18048 0 0 0 0 0 0 0.508805 0.589086 0.00466587 0.362135 8.80041 0 1.30133 0 1.58404 0 0.355779 1.03274 0.897821 1.00467 1 1.00001 1.00593 1.00309 0.00437259 0.00554289 0
800 18.1818 181.818 0.35048 0.628527 0.350579 1.4939 1.49234 1.62861 1.01664 1.0119 0.883738 0.883738 0.877919 0.871008 0.238615 0.262465 1 1e-06 0.00313695 0.0398166 41.6073 18.3677 2.469 -20.8367 19.7825 6.39141 22.9088 0.453639 0 0 0 0.554141 0.590749 -0.00898726 -0.0146138 0.0170061 0.655658 0.604467 0.679548 0.143844 0.13278 0.146624 0.177712 0.164772 0.182884 0 0 0 0 0 0 0.508805 0.589086 0.00932572 0.363376 8.73124 0 1.28403 0 1.57821 0 0.35048 1.01658 0.883738 1.00469 1 1.00001 1.00596 1.00311 0.00433611 0.00549319 0
810 18.4091 184.091 0.345352 0.622698 0.345445 1.44577 1.44411 1.64132 1.00076 0.996083 0.86999 0.86999 0.864301 0.857563 0.234923 0.264723 1 1e-06 0.00314936 0.0398326 41.3154 18.2169 2.45029 -20.6672 19.6273 6.3378 22.7312 0.460302 0 0 0 0.554351 0.590967 -0.00891737 -0.0146903 0.0171074 0.652513 0.601618 0.67652 0.145733 0.134513 0.148557 0.180022 0.166901 0.185277 0 0 0 0 0 0 0.508805 0.589086 0.00721009 0.368331 8.66273 0 1.29451 0 1.60142 0 0.345352 1.0007 0.86999 1.0047 1 1.00001 1.00598 1.00313 0.00428297 0.0054313 0
820 18.6364 186.364 0.340262 0.616922 0.340364 1.43091 1.43317 1.62654 0.98416 0.979543 0.85648 0.85648 0.850816 0.844127 0.231484 0.265601 1 1e-06 0.00316259 0.0398688 41.045 18.0717 2.42649 -20.4982 19.4802 6.28053 22.5508 0.469632 0 0 0 0.554912 0.591324 -0.00872127 -0.01483 0.0174154 0.649183 0.598923 0.673571 0.147613 0.136237 0.150483 0.18232 0.169021 0.18766 0 0 0 0 0 0 0.508805 0.589086 0.00345084 0.370149 8.59051 0 1.29641 0 1.60526 0 0.340262 0.984101 0.85648 1.00471 1 1.00001 1.00599 1.00315 0.0042778 0.00541924 0
830 18.8636 188.636 0.335361 0.611095 0.335448 1.38428 1.38016 1.641 0.969467 0.964904 0.843375 0.843375 0.837847 0.831307 0.227854 0.265204 1 1e-06 0.00317454 0.0398782 40.7561 17.9292 2.40142 -20.3307 19.3361 6.22833 22.374 0.467213 0 0 0 0.555593 0.591622 -0.00862392 -0.0149375 0.0177508 0.645832 0.596193 0.670556 0.149483 0.137955 0.152401 0.184606 0.171131 0.190032 0 0 0 0 0 0 0.508805 0.589086 -0.00911473 0.365666 8.52608 0 1.27145 0 1.57059 0 0.335361 0.969404 0.843375 1.00473 1 1.00001 1.00601 1.00317 0.00422636 0.00535479 0
840 19.0909 190.909 0.330702 0.60521 0.330791 1.31139 1.31194 1.65716 0.954542 0.950036 0.830553 0.830553 0.825102 0.818682 0.224433 0.266423 1 1e-06 0.00318691 0.0399064 40.4984 17.7894 2.38318 -20.1726 19.186 6.18182 22.2048 0.486861 0 0 0 0.555863 0.591692 -0.00871559 -0.0148527 0.0179263 0.642516 0.593486 0.667359 0.151345 0.139665 0.154309 0.186881 0.173232 0.192392 0 0 0 0 0 0 0.508805 0.589086 -0.00095896 0.360353 8.46013 0 1.25706 0 1.57199 0 0.330702 0.954478 0.830553 1.00474 1 1.00001 1.00603 1.00318 0.00419628 0.00531822 0
850 19.3182 193.182 0.32617 0.599358 0.326295 1.26606 1.27621 1.64782 0.939632 0.935183 0.818446 0.818446 0.813066 0.80677 0.221369 0.267019 1 1e-06 0.00319951 0.0399448 40.2573 17.6491 2.37339 -20.0225 19.0435 6.1372 22.0437 0.502685 0 0 0 0.555562 0.59125 -0.00862857 -0.0147834 0.0181853 0.639301 0.590619 0.664214 0.153197 0.141368 0.156208 0.189143 0.175322 0.194742 0 0 0 0 0 0 0.508805 0.589086 0.0100883 0.363413 8.39374 0 1.24703 0 1.55016 0 0.32617 0.93957 0.818446 1.00476 1 1.00001 1.00605 1.0032 0.00416822 0.00528496 0
860 19.5455 195.455 0.321771 0.593605 0.321908 1.23551 1.23878 1.62027 0.925815 0.921419 0.806821 0.806821 0.801508 0.795282 0.218323 0.268005 1 1e-06 0.00321141 0.0399702 40.0092 17.5144 2.35894 -19.8733 18.9046 6.09762 21.8881 0.488207 0 0 0 0.554883 0.590523 -0.00835914 -0.0147885 0.0185478 0.63615 0.587887 0.660993 0.155041 0.143063 0.158099 0.191394 0.177403 0.197079 0 0 0 0 0 0 0.508805 0.589086 0.0180974 0.367672 8.33174 0 1.23978 0 1.53521 0 0.321771 0.925738 0.806821 1.00477 1 1.00001 1.00606 1.00322 0.00414545 0.00525157 0
870 19.7727 197.727 0.317271 0.588081 0.317426 1.26217 1.26714 1.55539 0.912399 0.908055 0.795089 0.795089 0.789887 0.783817 0.215139 0.269733 1 1e-06 0.00322319 0.0399784 39.7345 17.3802 2.34076 -19.7209 18.7655 6.0609 21.7269 0.41004 0 0 0 0.553847 0.589304 -0.00812991 -0.0146933 0.0188007 0.633182 0.585065 0.657984 0.156876 0.14475 0.159982 0.193635 0.179474 0.199406 0 0 0 0 0 0 0.508805 0.589086 0.0169108 0.369927 8.2711 0 1.19378 0 1.46092 0 0.317271 0.912332 0.795089 1.00478 1 1.00001 1.00608 1.00324 0.00409956 0.00519649 0
880 20 200 0.312758 0.583061 0.312915 1.27009 1.27099 1.41375 0.898476 0.894189 0.783323 0.783323 0.778201 0.772237 0.212039 0.270789 1 1e-06 0.00323563 0.0399992 39.4704 17.2355 2.33346 -19.5689 18.6153 6.02147 21.5731 0.390032 0 0 0 0.552937 0.588261 -0.00819348 -0.0146751 0.0191354 0.630509 0.582457 0.655228 0.158704 0.14643 0.161858 0.195865 0.181534 0.201722 0 0 0 0 0 0 0.508805 0.589086 0.0097699 0.366599 8.2077 0 1.18026 0 1.47781 0 0.312758 0.898415 0.783323 1.00479 1 1.00001 1.0061 1.00326 0.00406631 0.00515634 0
890 20.2273 202.273 0.308332 0.578001 0.308486 1.24722 1.2462 1.42487 0.884877 0.880644 0.771851 0.771851 0.766792 0.760926 0.20902 0.268992 1 1e-06 0.00324802 0.040021 39.2112 17.103 2.31753 -19.4206 18.478 5.98192 21.4133 0.413053 0 0 0 0.552082 0.587362 -0.00818234 -0.0147221 0.0192478 0.627635 0.579988 0.652449 0.160524 0.148102 0.163726 0.198085 0.183586 0.204028 0 0 0 0 0 0 0.508805 0.589086 0.0125644 0.367207 8.1453 0 1.17521 0 1.46411 0 0.308332 0.884831 0.771851 1.00481 1 1.00001 1.00611 1.00327 0.00404199 0.00512488 0
900 20.4545 204.545 0.304063 0.572741 0.304214 1.20301 1.20215 1.48121 0.872826 0.868642 0.761072 0.761072 0.756119 0.750345 0.206037 0.267097 1 1e-06 0.0032592 0.0400185 38.9362 16.9765 2.30504 -19.2815 18.3462 5.94385 21.2643 0.419148 0 0 0 0.55111 0.586526 -0.00788625 -0.014583 0.0193473 0.62454 0.57734 0.6497 0.162336 0.149767 0.165585 0.200294 0.185629 0.206324 0 0 0 0 0 0 0.508805 0.589086 0.00989026 0.368142 8.08961 0 1.22556 0 1.50323 0 0.304063 0.872758 0.761072 1.00482 1 1.00001 1.00612 1.00329 0.00399878 0.00507036 0
910 20.6818 206.818 0.299907 0.567449 0.300059 1.17021 1.17034 1.49015 0.860099 0.855965 0.750807 0.750807 0.745898 0.740157 0.203447 0.267699 1 1e-06 0.00327122 0.0400361 38.6848 16.8522 2.29223 -19.1444 18.22 5.90454 21.1219 0.420588 0 0 0 0.550079 0.585899 -0.00766113 -0.0144268 0.0193152 0.621494 0.574547 0.646946 0.164139 0.151424 0.167437 0.202493 0.187662 0.208611 0 0 0 0 0 0 0.508805 0.589086 0.00905193 0.368173 8.03036 0 1.20278 0 1.45522 0 0.299907 0.860022 0.750807 1.00483 1 1.00001 1.00614 1.00331 0.00398017 0.00504773 0
920 20.9091 209.091 0.295886 0.562267 0.296031 1.13423 1.13234 1.45919 0.847781 0.843697 0.740478 0.740478 0.735654 0.73005 0.200748 0.267732 1 1e-06 0.00328306 0.0400537 38.4401 16.7339 2.26906 -19.0029 18.0972 5.86112 20.9739 0.42003 0 0 0 0.548764 0.585069 -0.00761877 -0.014445 0.0190768 0.618457 0.572084 0.644023 0.165935 0.153073 0.16928 0.20468 0.189685 0.210887 0 0 0 0 0 0 0.508805 0.589086 0.0114599 0.360136 7.97261 0 1.1554 0 1.43741 0 0.295886 0.847716 0.740478 1.00484 1 1.00001 1.00615 1.00333 0.00394556 0.00500484 0
930 21.1364 211.364 0.291843 0.557376 0.291992 1.1375 1.13873 1.37736 0.835469 0.831435 0.730041 0.730041 0.725305 0.719837 0.197996 0.266482 1 1e-06 0.00329512 0.0400728 38.1941 16.6075 2.25793 -18.8655 17.9693 5.81658 20.8261 0.387876 0 0 0 0.54758 0.584496 -0.00769722 -0.0144383 0.018886 0.615624 0.569611 0.641329 0.167722 0.154716 0.171116 0.206856 0.1917 0.213152 0 0 0 0 0 0 0.508805 0.589086 0.010997 0.363353 7.91446 0 1.13125 0 1.40119 0 0.291843 0.83541 0.730041 1.00485 1 1.00001 1.00617 1.00334 0.00390973 0.00495982 0
940 21.3636 213.636 0.287875 0.552646 0.288029 1.11583 1.11713 1.33196 0.823339 0.819355 0.719614 0.719614 0.714943 0.709548 0.195208 0.266853 1 1e-06 0.00330722 0.0400902 37.9485 16.4806 2.24415 -18.7247 17.8392 5.77724 20.6771 0.373431 0 0 0 0.54711 0.584692 -0.00780506 -0.0144368 0.0186363 0.613013 0.567263 0.63853 0.169502 0.156352 0.172943 0.209023 0.193706 0.215408 0 0 0 0 0 0 0.508805 0.589086 0.00590706 0.357559 7.85675 0 1.15496 0 1.43768 0 0.287875 0.823277 0.719614 1.00486 1 1.00001 1.00618 1.00336 0.00387716 0.00492499 0
950 21.5909 215.909 0.284102 0.547595 0.284251 1.0638 1.06249 1.42243 0.812054 0.808116 0.709711 0.709711 0.705096 0.699777 0.192517 0.265435 1 1e-06 0.00331867 0.0401011 37.7072 16.361 2.22881 -18.5898 17.716 5.73936 20.5337 0.425627 0 0 0 0.546624 0.584953 -0.00780853 -0.0142399 0.0187015 0.610253 0.564687 0.635539 0.171274 0.157981 0.174763 0.21118 0.195703 0.217654 0 0 0 0 0 0 0.508805 0.589086 0.00181221 0.357583 7.80268 0 1.15097 0 1.42133 0 0.284102 0.811985 0.709711 1.00487 1 1.00001 1.00619 1.00338 0.00385627 0.00489565 0
960 21.8182 218.182 0.280387 0.542602 0.280543 1.04429 1.04612 1.406 0.80046 0.796572 0.700047 0.700047 0.695511 0.690288 0.190001 0.265113 1 1e-06 0.00333065 0.0401235 37.4788 16.247 2.20639 -18.4534 17.6024 5.69227 20.389 0.417013 0 0 0 0.546273 0.585243 -0.00768555 -0.0141761 0.0188571 0.607369 0.562185 0.632658 0.173037 0.159603 0.176574 0.213327 0.197691 0.219888 0 0 0 0 0 0 0.508805 0.589086 0.00486884 0.368187 7.74675 0 1.16194 0 1.44047 0 0.280387 0.800392 0.700047 1.00488 1 1.00001 1.00621 1.0034 0.00382438 0.00485328 0
970 22.0455 220.455 0.276759 0.537623 0.276926 1.01847 1.02188 1.40202 0.789281 0.785439 0.690383 0.690383 0.685912 0.680763 0.187401 0.26509 1 1e-06 0.0033424 0.0401429 37.2518 16.1258 2.19376 -18.3196 17.48 5.65493 20.2476 0.411998 0 0 0 0.545763 0.585301 -0.00750873 -0.0139911 0.0189312 0.604639 0.559552 0.62973 0.174793 0.161217 0.178378 0.215464 0.19967 0.222113 0 0 0 0 0 0 0.508805 0.589086 0.0139101 0.371915 7.69242 0 1.14127 0 1.40704 0 0.276759 0.789209 0.690383 1.00489 1 1.00001 1.00622 1.00341 0.0037917 0.0048194 0
980 22.2727 222.727 0.273231 0.532769 0.273397 0.993959 0.993307 1.36699 0.77861 0.774811 0.681192 0.681192 0.676785 0.671712 0.184938 0.263161 1 1e-06 0.00335382 0.0401582 37.0265 16.0142 2.17509 -18.1893 17.3656 5.61683 20.1103 0.452689 0 0 0 0.54526 0.585185 -0.00742629 -0.0137636 0.0189297 0.602033 0.557019 0.626757 0.17654 0.162824 0.180173 0.217592 0.20164 0.224326 0 0 0 0 0 0 0.508805 0.589086 0.0138858 0.37162 7.64021 0 1.15017 0 1.42382 0 0.273231 0.778538 0.681192 1.0049 1 1.00001 1.00623 1.00343 0.00376367 0.00478399 0
990 22.5 225 0.26982 0.527909 0.269991 0.958919 0.960593 1.36853 0.76795 0.764197 0.672126 0.672126 0.667793 0.662814 0.18254 0.261954 1 1e-06 0.00336542 0.040183 36.817 15.9053 2.15483 -18.0601 17.2566 5.57425 19.9712 0.354044 0 0 0 0.544381 0.584366 -0.00744035 -0.013656 0.0188036 0.599424 0.554466 0.623761 0.17828 0.164423 0.181959 0.219709 0.203601 0.226529 0 0 0 0 0 0 0.508805 0.589086 0.015567 0.372803 7.58769 0 1.14696 0 1.42871 0 0.26982 0.76788 0.672126 1.00491 1 1.00001 1.00624 1.00344 0.00372981 0.00474243 0
1000 22.7273 227.273 0.266267 0.523201 0.266441 0.999641 1.00065 1.32571 0.757242 0.753535 0.662703 0.662703 0.658432 0.653547 0.179964 0.260211 1 1e-06 0.00337728 0.0402002 36.5892 15.7906 2.14048 -17.9311 17.1371 5.53629 19.8287 0.378246 0 0 0 0.544194 0.584149 -0.00741495 -0.013712 0.018734 0.596837 0.551845 0.621012 0.180013 0.166016 0.183738 0.221818 0.205552 0.228721 0 0 0 0 0 0 0.508805 0.589086 0.00981152 0.367021 7.53457 0 1.13947 0 1.42675 0 0.266267 0.757171 0.662703 1.00492 1 1.00001 1.00625 1.00346 0.00370614 0.00471139 0
1010 22.9545 229.545 0.262832 0.518529 0.262994 0.970763 0.967066 1.31571 0.747048 0.743383 0.653653 0.653653 0.649455 0.644608 0.177468 0.259752 1 1e-06 0.00338877 0.0402111 36.3615 15.6788 2.12401 -17.8028 17.0202 5.49366 19.6939 0.370824 0 0 0 0.544681 0.584625 -0.00745116 -0.0138434 0.0186841 0.594069 0.549304 0.61839 0.181738 0.167601 0.185508 0.223917 0.207495 0.230904 0 0 0 0 0 0 0.508805 0.589086 0.00913853 0.363406 7.48365 0 1.07636 0 1.36635 0 0.262832 0.746963 0.653653 1.00493 1 1.00001 1.00627 1.00347 0.00367427 0.00466971 0
1020 23.1818 231.818 0.259377 0.514275 0.259545 0.971302 0.973179 1.19785 0.736326 0.732707 0.64437 0.64437 0.640229 0.635491 0.174978 0.261805 1 1e-06 0.00340106 0.0402341 36.1412 15.5659 2.10443 -17.6703 16.8979 5.45756 19.5531 0.330065 0 0 0 0.545375 0.585234 -0.00749705 -0.0138265 0.0184876 0.591547 0.547057 0.615916 0.183456 0.16918 0.187273 0.226006 0.209428 0.233077 0 0 0 0 0 0 0.508805 0.589086 0.00635158 0.361211 7.42972 0 1.09035 0 1.36505 0 0.259377 0.736255 0.64437 1.00494 1 1.00001 1.00628 1.00349 0.00364881 0.00463748 0
1030 23.4091 234.091 0.255951 0.510245 0.256133 0.960869 0.964693 1.13496 0.726409 0.722833 0.635087 0.635087 0.631005 0.626365 0.172323 0.257938 1 1e-06 0.00341263 0.040239 35.9051 15.4536 2.08646 -17.5401 16.7805 5.42055 19.4066 0.33592 0 0 0 0.546151 0.585676 -0.00765594 -0.0137336 0.0184074 0.589269 0.544868 0.61349 0.185167 0.170753 0.189031 0.228087 0.211354 0.235241 0 0 0 0 0 0 0.508805 0.589086 0.0100701 0.36378 7.37948 0 1.06995 0 1.33061 0 0.255951 0.726343 0.635087 1.00495 1 1.00001 1.00629 1.0035 0.00362376 0.00460557 0
1040 23.6364 236.364 0.252656 0.505856 0.252837 0.928165 0.927764 1.23581 0.716041 0.71251 0.625819 0.625819 0.621791 0.617176 0.169755 0.259833 1 1e-06 0.00342494 0.0402655 35.6955 15.3324 2.07897 -17.4113 16.6524 5.38348 19.2684 0.355614 0 0 0 0.546515 0.585357 -0.00770344 -0.0136366 0.0183812 0.586825 0.542271 0.610976 0.186872 0.17232 0.190781 0.230159 0.213271 0.237396 0 0 0 0 0 0 0.508805 0.589086 0.00950421 0.364516 7.3266 0 1.10716 0 1.40142 0 0.252656 0.715962 0.625819 1.00496 1 1.00001 1.0063 1.00352 0.00359756 0.00457536 0
1050 23.8636 238.636 0.249508 0.501413 0.249675 0.890184 0.886394 1.25138 0.706047 0.702559 0.617249 0.617249 0.613293 0.608748 0.167461 0.263197 1 1e-06 0.00343702 0.0402933 35.4948 15.2262 2.06388 -17.2901 16.5355 5.3477 19.1378 0.367903 0 0 0 0.546865 0.585159 -0.00766475 -0.013668 0.0185483 0.584222 0.53966 0.608504 0.188569 0.17388 0.192524 0.232222 0.215179 0.239542 0 0 0 0 0 0 0.508805 0.589086 0.00542048 0.367708 7.27526 0 1.06937 0 1.3494 0 0.249508 0.705971 0.617249 1.00496 1 1.00001 1.00631 1.00353 0.00356625 0.00453414 0
1060 24.0909 240.909 0.24636 0.497301 0.246526 0.886803 0.886571 1.15792 0.696436 0.69299 0.608432 0.608432 0.60455 0.600138 0.16498 0.264978 1 1e-06 0.00344884 0.0403096 35.2819 15.1119 2.05225 -17.1642 16.4114 5.31185 19.0043 0.326928 0 0 0 0.547443 0.585448 -0.0077541 -0.0136997 0.0187278 0.58184 0.53732 0.606095 0.190258 0.175433 0.194261 0.234277 0.217078 0.241679 0 0 0 0 0 0 0.508805 0.589086 0.00648741 0.367854 7.22554 0 1.08283 0 1.37405 0 0.24636 0.696371 0.608432 1.00497 1 1.00001 1.00632 1.00355 0.0035328 0.00449211 0
1070 24.3182 243.182 0.243221 0.493366 0.243379 0.886341 0.883927 1.10801 0.68701 0.683606 0.599561 0.599561 0.595735 0.591383 0.16243 0.265814 1 1e-06 0.00346062 0.0403261 35.0701 14.9961 2.03971 -17.0358 16.2912 5.27708 18.8642 0.33458 0 0 0 0.548276 0.586123 -0.00785503 -0.0137778 0.0186498 0.579604 0.535135 0.603674 0.191941 0.17698 0.19599 0.236322 0.218969 0.243807 0 0 0 0 0 0 0.508805 0.589086 0.00166672 0.365014 7.17646 0 1.03325 0 1.28551 0 0.243221 0.686939 0.599561 1.00498 1 1.00001 1.00633 1.00356 0.00350624 0.00446034 0
1080 24.5455 245.455 0.24016 0.489432 0.240316 0.862463 0.862109 1.10791 0.677582 0.67422 0.591237 0.591237 0.587456 0.583117 0.160145 0.269934 1 1e-06 0.00347262 0.0403473 34.866 14.8817 2.03618 -16.9179 16.1685 5.24359 18.74 0.356433 0 0 0 0.549173 0.586944 -0.00786964 -0.0137137 0.0186753 0.577345 0.532949 0.60125 0.193618 0.178522 0.197711 0.23836 0.220852 0.245927 0 0 0 0 0 0 0.508805 0.589086 0.00620881 0.364081 7.12702 0 1.01523 0 1.25263 0 0.24016 0.677504 0.591237 1.00499 1 1.00001 1.00634 1.00358 0.00349183 0.00443316 0
1090 24.7727 247.727 0.237258 0.485452 0.237425 0.81425 0.817067 1.12058 0.669051 0.665727 0.583215 0.583215 0.579519 0.575306 0.157841 0.271933 1 1e-06 0.00348365 0.0403578 34.6631 14.777 2.02461 -16.8016 16.0558 5.20991 18.614 0.338062 0 0 0 0.550262 0.58774 -0.00772572 -0.0136273 0.0186309 0.575103 0.530739 0.59873 0.195288 0.180057 0.199426 0.24039 0.222727 0.248037 0 0 0 0 0 0 0.508805 0.589086 0.0102085 0.361254 7.08199 0 1.02091 0 1.28638 0 0.237258 0.668975 0.583215 1.00499 1 1.00001 1.00635 1.00359 0.00345056 0.0043851 0
1100 25 250 0.234275 0.481708 0.234427 0.844205 0.839942 1.05426 0.660099 0.656816 0.574984 0.574984 0.571324 0.567134 0.155513 0.272578 1 1e-06 0.00349542 0.0403729 34.4565 14.6679 2.01411 -16.682 15.9404 5.17797 18.4824 0.284139 0 0 0 0.551276 0.588273 -0.00756708 -0.0135081 0.0186123 0.572823 0.528715 0.596448 0.196952 0.181587 0.201134 0.242411 0.224594 0.250139 0 0 0 0 0 0 0.508805 0.589086 0.00948614 0.360929 7.03443 0 0.972929 0 1.22262 0 0.234275 0.660015 0.574984 1.005 1 1.00001 1.00635 1.00361 0.00343257 0.00436327 0
1110 25.2273 252.273 0.231276 0.478105 0.231419 0.847087 0.844587 1.01464 0.650931 0.647689 0.566655 0.566655 0.563077 0.558974 0.153178 0.274846 1 1e-06 0.00350768 0.0403947 34.2527 14.5565 2.0032 -16.5597 15.8175 5.14322 18.3532 0.323417 0 0 0 0.552077 0.588634 -0.00737489 -0.0134556 0.0186664 0.570626 0.526687 0.594304 0.198609 0.183112 0.202837 0.244425 0.226454 0.252232 0 0 0 0 0 0 0.508805 0.589086 0.00836467 0.361829 6.98538 0 1.00551 0 1.27426 0 0.231276 0.650844 0.566655 1.00501 1 1.00001 1.00636 1.00362 0.00339067 0.00431464 0
1120 25.4545 254.545 0.22849 0.47416 0.228644 0.781207 0.784677 1.11101 0.642342 0.639138 0.55911 0.55911 0.555569 0.551524 0.15113 0.277747 1 1e-06 0.00351937 0.040415 34.0613 14.4555 1.9893 -16.4448 15.7105 5.10598 18.2323 0.341613 0 0 0 0.552982 0.588984 -0.00721727 -0.0132875 0.0186716 0.568424 0.524302 0.59188 0.200261 0.184631 0.204533 0.24643 0.228306 0.254318 0 0 0 0 0 0 0.508805 0.589086 0.00678885 0.359844 6.93912 0 1.01612 0 1.28105 0 0.22849 0.642259 0.55911 1.00501 1 1.00001 1.00637 1.00363 0.00336947 0.00429086 0
1130 25.6818 256.818 0.22581 0.470153 0.225981 0.75003 0.754503 1.12843 0.634425 0.631257 0.551933 0.551933 0.548442 0.544492 0.149128 0.279519 1 1e-06 0.00353031 0.0404284 33.8717 14.3592 1.97432 -16.3335 15.611 5.07497 18.1126 0.361818 0 0 0 0.553838 0.589385 -0.0072052 -0.0132582 0.018674 0.566153 0.521894 0.58941 0.201906 0.186144 0.206221 0.248428 0.23015 0.256394 0 0 0 0 0 0 0.508805 0.589086 0.0072781 0.365136 6.8962 0 1.02217 0 1.28898 0 0.22581 0.634355 0.551933 1.00502 1 1.00001 1.00638 1.00365 0.00334907 0.00426076 0
1140 25.9091 259.091 0.22322 0.466197 0.223397 0.727558 0.729328 1.11387 0.626349 0.623218 0.544932 0.544932 0.541493 0.537602 0.147239 0.279943 1 1e-06 0.00354165 0.0404531 33.6963 14.2628 1.96208 -16.2249 15.5124 5.04237 17.9967 0.358216 0 0 0 0.554179 0.589436 -0.00711458 -0.0131505 0.0186807 0.563806 0.519555 0.587009 0.203544 0.18765 0.207904 0.250418 0.231985 0.258462 0 0 0 0 0 0 0.508805 0.589086 0.00387591 0.366195 6.85215 0 0.987688 0 1.23689 0 0.22322 0.626283 0.544932 1.00502 1 1.00001 1.00639 1.00367 0.00331904 0.00422902 0
1150 26.1364 261.364 0.220666 0.462424 0.220843 0.719158 0.719291 1.06255 0.618885 0.615788 0.537923 0.537923 0.534551 0.530742 0.145227 0.278897 1 1e-06 0.00355229 0.0404618 33.5088 14.1672 1.95117 -16.1184 15.4127 5.01202 17.8796 0.346278 0 0 0 0.554554 0.589652 -0.00706166 -0.0131332 0.0185421 0.561521 0.517332 0.58473 0.205176 0.189149 0.20958 0.252399 0.233811 0.260521 0 0 0 0 0 0 0.508805 0.589086 0.0134174 0.36551 6.81119 0 0.990954 0 1.24592 0 0.220666 0.618817 0.537923 1.00503 1 1.00001 1.00639 1.00368 0.00328626 0.00418831 0
1160 26.3636 263.636 0.218149 0.458635 0.218321 0.710402 0.708881 1.06689 0.611363 0.6083 0.531237 0.531237 0.527904 0.524103 0.143381 0.278414 1 1e-06 0.00356319 0.0404731 33.3243 14.08 1.93039 -16.0104 15.3231 4.97547 17.7644 0.344726 0 0 0 0.554383 0.589216 -0.00697501 -0.0130606 0.0184441 0.559168 0.515115 0.582459 0.206801 0.190643 0.211251 0.254372 0.23563 0.262572 0 0 0 0 0 0 0.508805 0.589086 0.0115552 0.36165 6.76965 0 0.961655 0 1.17733 0 0.218149 0.611279 0.531237 1.00504 1 1.00001 1.0064 1.00369 0.00326799 0.00416428 0
1170 26.5909 265.909 0.215658 0.45506 0.215829 0.701664 0.701395 1.00689 0.603635 0.600607 0.524503 0.524503 0.52122 0.51749 0.14156 0.280937 1 1e-06 0.00357455 0.0404957 33.1501 13.9848 1.91992 -15.9047 15.219 4.94489 17.6567 0.314094 0 0 0 0.553933 0.588446 -0.00696356 -0.0129365 0.0184061 0.55699 0.513058 0.580218 0.20842 0.192131 0.212915 0.256337 0.237441 0.264615 0 0 0 0 0 0 0.508805 0.589086 0.00374888 0.364432 6.72671 0 0.94958 0 1.19134 0 0.215658 0.603558 0.524503 1.00504 1 1.00001 1.00641 1.00371 0.0032433 0.00413277 0
1180 26.8182 268.182 0.213191 0.451444 0.213361 0.695077 0.694758 1.01822 0.596263 0.593269 0.518063 0.518063 0.514822 0.51118 0.139823 0.279709 1 1e-06 0.00358556 0.0405101 32.9702 13.898 1.90314 -15.8011 15.13 4.91518 17.5434 0.318574 0 0 0 0.553278 0.587534 -0.00701305 -0.0127308 0.0183354 0.55492 0.510812 0.577947 0.210033 0.193612 0.214573 0.258295 0.239244 0.26665 0 0 0 0 0 0 0.508805 0.589086 -0.000536701 0.359343 6.68549 0 0.946805 0 1.18407 0 0.213191 0.596194 0.518063 1.00505 1 1.00001 1.00641 1.00372 0.00322372 0.0041063 0
1190 27.0455 270.455 0.21078 0.447847 0.210944 0.68059 0.678896 1.01277 0.58891 0.585951 0.511719 0.511719 0.50854 0.504979 0.138122 0.277326 1 1e-06 0.00359671 0.0405273 32.7949 13.8088 1.89348 -15.7022 15.0383 4.88841 17.4336 0.326539 0 0 0 0.552451 0.586464 -0.0072129 -0.0126021 0.0182142 0.552765 0.508646 0.575695 0.211641 0.195088 0.216227 0.260245 0.241039 0.268676 0 0 0 0 0 0 0.508805 0.589086 -0.00285708 0.358837 6.64413 0 0.94348 0 1.1856 0 0.21078 0.58884 0.511719 1.00505 1 1.00001 1.00642 1.00374 0.003192 0.0040673 0
1200 27.2727 272.727 0.20847 0.444128 0.208632 0.650964 0.650621 1.04746 0.581448 0.578524 0.505624 0.505624 0.502471 0.498922 0.136564 0.277266 1 1e-06 0.00360821 0.0405579 32.6372 13.7203 1.88665 -15.607 14.9469 4.85847 17.3311 0.325351 0 0 0 0.551717 0.585476 -0.00743756 -0.0125256 0.0181437 0.550416 0.506486 0.573384 0.213242 0.196557 0.217873 0.262187 0.242827 0.270695 0 0 0 0 0 0 0.508805 0.589086 0.00170514 0.364703 6.60188 0 0.944506 0 1.20048 0 0.20847 0.581371 0.505624 1.00505 1 1.00001 1.00643 1.00375 0.00317861 0.00405056 0
1210 27.5 275 0.206071 0.440629 0.206246 0.672023 0.675477 0.985143 0.57382 0.570931 0.499284 0.499284 0.49618 0.492695 0.134917 0.27599 1 1e-06 0.00362016 0.0405891 32.4727 13.6289 1.87736 -15.5063 14.8511 4.82934 17.2232 0.296197 0 0 0 0.551187 0.584908 -0.0074856 -0.0125344 0.0180951 0.548125 0.504585 0.57115 0.214838 0.198021 0.219513 0.264121 0.244607 0.272705 0 0 0 0 0 0 0.508805 0.589086 -0.0040767 0.371275 6.55842 0 0.903765 0 1.19058 0 0.206071 0.573746 0.499284 1.00506 1 1.00001 1.00643 1.00376 0.00315635 0.00401909 0
1220 27.7273 277.273 0.203707 0.437154 0.203884 0.664998 0.665763 0.978615 0.566636 0.563781 0.492918 0.492918 0.489884 0.486471 0.133168 0.276897 1 1e-06 0.00363159 0.0406096 32.3016 13.5369 1.86982 -15.4067 14.7529 4.8013 17.1151 0.320338 0 0 0 0.550689 0.584559 -0.00738726 -0.0125647 0.0181808 0.545731 0.50272 0.568998 0.216426 0.19948 0.221146 0.266047 0.246381 0.274707 0 0 0 0 0 0 0.508805 0.589086 -0.000856153 0.36546 6.51722 0 0.930129 0 1.21468 0 0.203707 0.566559 0.492918 1.00506 1 1.00001 1.00644 1.00378 0.00311999 0.00397409 0
1230 27.9545 279.545 0.201488 0.433571 0.201655 0.627889 0.624844 1.00909 0.55891 0.556091 0.487075 0.487075 0.484053 0.480645 0.131793 0.275805 1 1e-06 0.00364409 0.0406641 32.1672 13.4477 1.86484 -15.3126 14.6612 4.77851 17.0151 0.339507 0 0 0 0.55029 0.584404 -0.00736302 -0.0125769 0.0183298 0.543225 0.500788 0.566797 0.218008 0.200933 0.222773 0.267963 0.248148 0.276702 0 0 0 0 0 0 0.508805 0.589086 -0.00310501 0.367652 6.47262 0 0.941836 0 1.22988 0 0.201488 0.558831 0.487075 1.00507 1 1.00001 1.00645 1.00379 0.00310938 0.00396618 0
1240 28.1818 281.818 0.199354 0.429922 0.199521 0.600855 0.600762 1.02742 0.551918 0.549131 0.481567 0.481567 0.478603 0.47526 0.130437 0.274498 1 1e-06 0.00365559 0.0407024 32.0259 13.3663 1.85322 -15.2195 14.58 4.75148 16.9169 0.328473 0 0 0 0.550462 0.584945 -0.0073515 -0.0125454 0.0183739 0.540799 0.498756 0.564468 0.219583 0.202381 0.224393 0.269871 0.249908 0.278688 0 0 0 0 0 0 0.508805 0.589086 -0.00433447 0.362676 6.43199 0 0.919585 0 1.17862 0 0.199354 0.551837 0.481567 1.00507 1 1.00001 1.00645 1.0038 0.00307854 0.00392785 0
1250 28.4091 284.091 0.197165 0.426461 0.197342 0.613492 0.61639 0.974742 0.544925 0.542171 0.475979 0.475979 0.473064 0.469793 0.129046 0.275002 1 1e-06 0.00366727 0.0407378 31.8769 13.2844 1.84111 -15.1255 14.4955 4.72476 16.8177 0.299797 0 0 0 0.551009 0.58567 -0.00731288 -0.0124939 0.0182615 0.538622 0.49686 0.562084 0.221151 0.203824 0.226006 0.27177 0.25166 0.280666 0 0 0 0 0 0 0.508805 0.589086 -0.00397542 0.363539 6.3911 0 0.91 0 1.18376 0 0.197165 0.544849 0.475979 1.00508 1 1.00001 1.00646 1.00381 0.00305227 0.00389512 0
1260 28.6364 286.364 0.195017 0.42301 0.195204 0.602038 0.604961 0.971635 0.538086 0.535365 0.470523 0.470523 0.46762 0.464379 0.127684 0.274427 1 1e-06 0.00367888 0.0407691 31.7258 13.2048 1.82989 -15.0347 14.4126 4.69898 16.7202 0.294187 0 0 0 0.551843 0.586703 -0.0072557 -0.0123742 0.0182272 0.536715 0.49486 0.559528 0.222713 0.205261 0.227613 0.273662 0.253406 0.282635 0 0 0 0 0 0 0.508805 0.589086 0.00167626 0.364886 6.35086 0 0.90018 0 1.17301 0 0.195017 0.538018 0.470523 1.00508 1 1.00001 1.00646 1.00383 0.00304392 0.00388811 0
1270 28.8636 288.636 0.192862 0.419692 0.193047 0.607485 0.606894 0.934532 0.530936 0.528249 0.464888 0.464888 0.462044 0.458871 0.126298 0.272442 1 1e-06 0.00369121 0.0408111 31.5804 13.1182 1.8222 -14.9404 14.3241 4.67144 16.6211 0.305314 0 0 0 0.552465 0.587514 -0.00719551 -0.0122725 0.0181132 0.534824 0.492944 0.557094 0.224269 0.206692 0.229212 0.275547 0.255145 0.284594 0 0 0 0 0 0 0.508805 0.589086 -0.000601036 0.363749 6.3085 0 0.916703 0 1.17291 0 0.192862 0.530867 0.464888 1.00509 1 1.00001 1.00647 1.00384 0.00301694 0.00384726 0
1280 29.0909 290.909 0.190832 0.416329 0.191015 0.572107 0.571652 0.946949 0.524369 0.521713 0.459432 0.459432 0.456628 0.4535 0.124882 0.27065 1 1e-06 0.00370273 0.0408499 31.4432 13.0403 1.80712 -14.8474 14.2426 4.64547 16.5204 0.320413 0 0 0 0.553143 0.588502 -0.00721608 -0.0121183 0.0179296 0.532749 0.490919 0.554829 0.22582 0.208118 0.230805 0.277426 0.256877 0.286545 0 0 0 0 0 0 0.508805 0.589086 0.000632376 0.363843 6.26936 0 0.896512 0 1.13996 0 0.190832 0.524302 0.459432 1.00509 1 1.00001 1.00647 1.00385 0.0029886 0.00382047 0
1290 29.3182 293.182 0.188871 0.412974 0.189047 0.554257 0.552284 0.944824 0.517496 0.514875 0.453942 0.453942 0.45116 0.448066 0.12351 0.269056 1 1e-06 0.00371497 0.0409064 31.3235 12.9592 1.79814 -14.7573 14.1567 4.6164 16.4223 0.329962 0 0 0 0.553465 0.588973 -0.00721708 -0.0119864 0.0176402 0.530666 0.488941 0.552519 0.227365 0.209539 0.232391 0.279296 0.258602 0.288488 0 0 0 0 0 0 0.508805 0.589086 0.00142959 0.367584 6.22813 0 0.893562 0 1.13282 0 0.188871 0.517426 0.453942 1.00509 1 1.00001 1.00647 1.00387 0.00298082 0.00380624 0
1300 29.5455 295.455 0.186995 0.409661 0.187157 0.532394 0.528184 0.932777 0.511547 0.508953 0.448796 0.448796 0.446074 0.443012 0.122125 0.26577 1 1e-06 0.00372573 0.0409349 31.1873 12.8832 1.7869 -14.6701 14.08 4.58695 16.3267 0.298547 0 0 0 0.553519 0.58915 -0.0072214 -0.0118605 0.0173231 0.528596 0.487012 0.550208 0.228904 0.210954 0.23397 0.28116 0.260319 0.290423 0 0 0 0 0 0 0.508805 0.589086 0.00645646 0.365073 6.19221 0 0.873269 0 1.09847 0 0.186995 0.511471 0.448796 1.0051 1 1.00001 1.00648 1.00388 0.00295128 0.00376361 0
