160 3.63636 36.3636 1.13771 1.16855 1.1366 0 0 0 3.11137 3.10641 2.73231 2.73231 2.71863 2.69496 0.744605 0.304115 1 1e-05 0.00236624 0.0410052 77.5358 32.1277 5.5889 -37.7166 34.01 11.6448 40.9195 -0.0579437 0 0 0 0.556081 0.591107 -0.00297679 0.0102812 0.0124468 0.889946 0.841701 0.914681 0.00252814 0.00240098 0.00261091 0.00316258 0.00299158 0.00325036 0 0 0 0 0 0 0.501653 0.578466 0.0148015 0.393518 15.2981 0 1.4669 0 2.00354 0 1.13771 3.11256 2.73231 1.0016 1 1.00003 1.00203 1.00191 0.00651435 0.00821013 0
170 3.86364 38.6364 1.11354 1.16147 1.11264 6.74813 6.80618 1.99422 3.05471 3.04954 2.68004 2.68004 2.66647 2.64328 0.729763 0.301122 1 1e-05 0.00237732 0.0409435 76.5835 31.8668 5.44661 -37.3134 33.741 11.494 40.4859 -0.148921 0 0 0 0.555833 0.591125 -0.00294934 0.0101407 0.0125748 0.887322 0.838793 0.912156 0.00505114 0.00479636 0.0052166 0.00631853 0.00597575 0.00649433 0 0 0 0 0 0 0.501653 0.578466 0.0124104 0.394953 15.1574 0 2.15612 0 2.582 0 1.11354 3.05585 2.68004 1.0017 1 1.00003 1.00216 1.00192 0.00649756 0.00818471 0
180 4.09091 40.9091 1.08927 1.15198 1.08855 6.78286 6.83605 2.67165 2.99618 2.99082 2.62612 2.62612 2.61267 2.59 0.714468 0.297398 1 1e-05 0.00238901 0.0408901 75.6371 31.5861 5.31185 -36.898 33.4511 11.3494 40.0388 -0.267495 0 0 0 0.554623 0.590491 -0.00291164 0.0100563 0.0126176 0.883812 0.834997 0.908639 0.00756523 0.00718255 0.00781324 0.00946331 0.00894771 0.00972736 0 0 0 0 0 0 0.501653 0.578466 0.0126914 0.393684 15.0107 0 2.47897 0 2.88584 0 1.08927 2.99727 2.62612 1.00179 1 1.00003 1.00228 1.00193 0.00647602 0.00815941 0
190 4.31818 43.1818 1.06482 1.14047 1.06428 6.8349 6.88466 3.24129 2.9357 2.93018 2.5705 2.5705 2.55721 2.53514 0.698715 0.293478 1 1e-05 0.00240138 0.0408446 74.6926 31.2894 5.18272 -36.4722 33.1434 11.1963 39.5786 -0.422344 0 0 0 0.552229 0.588698 -0.00288415 0.0100577 0.0126871 0.87955 0.830396 0.904313 0.010068 0.009557 0.0103983 0.012594 0.0119044 0.0129461 0 0 0 0 0 0 0.501653 0.578466 0.0115159 0.394048 14.8578 0 2.69126 0 3.10931 0 1.06482 2.93672 2.5705 1.00188 1 1.00003 1.00239 1.00195 0.00644705 0.00812323 0
200 4.54545 45.4545 1.04026 1.12708 1.0399 6.86716 6.91412 3.77197 2.87333 2.86769 2.51339 2.51339 2.5003 2.47892 0.682601 0.290567 1 1e-05 0.00241446 0.0408084 73.7541 30.9776 5.06228 -36.0399 32.8175 11.034 39.1074 -0.580933 0 0 0 0.548292 0.585195 -0.00290036 0.0100711 0.0127995 0.874526 0.825112 0.899195 0.0125573 0.0119175 0.0129695 0.0157079 0.0148432 0.0161477 0 0 0 0 0 0 0.501653 0.578466 0.00761982 0.395372 14.6985 0 2.88896 0 3.31212 0 1.04026 2.87428 2.51339 1.00197 1 1.00003 1.0025 1.00197 0.00640724 0.00807735 0
210 4.77273 47.7273 1.01574 1.11153 1.01551 6.86741 6.90572 4.37743 2.80953 2.80379 2.45515 2.45515 2.44228 2.42159 0.666208 0.288242 1 1e-05 0.0024282 0.0407813 72.8247 30.6511 4.94767 -35.5987 32.4764 10.8667 38.6254 -0.679878 0 0 0 0.54393 0.581408 -0.00285063 0.00993806 0.0128538 0.868491 0.818985 0.893339 0.0150305 0.0142618 0.0155247 0.0188016 0.0177612 0.0193293 0 0 0 0 0 0 0.501653 0.578466 0.00676145 0.393981 14.5338 0 3.06929 0 3.5247 0 1.01574 2.81043 2.45515 1.00205 1 1.00003 1.0026 1.00199 0.0063633 0.00802518 0
220 5 50 0.991298 1.09405 0.991179 6.85126 6.88324 4.92294 2.74434 2.73853 2.39584 2.39584 2.3832 2.36316 0.649557 0.286451 1 1e-05 0.00244263 0.0407644 71.907 30.3062 4.83901 -35.1452 32.1139 10.7169 38.1319 -0.786158 0 0 0 0.540176 0.578262 -0.00283265 0.00979169 0.012943 0.861646 0.811976 0.886772 0.0174849 0.0165872 0.0180619 0.0218716 0.0206551 0.022488 0 0 0 0 0 0 0.501653 0.578466 0.00411779 0.392176 14.3637 0 3.19356 0 3.66389 0 0.991298 2.74518 2.39584 1.00212 1 1.00003 1.0027 1.00202 0.00631703 0.0079661 0
230 5.22727 52.2727 0.966945 1.07502 0.96693 6.82851 6.85794 5.35917 2.67824 2.67237 2.33542 2.33542 2.32302 2.30368 0.63253 0.28471 1 1e-05 0.0024577 0.0407554 70.9962 29.9492 4.72763 -34.6768 31.7372 10.5631 37.625 -0.892669 0 0 0 0.537615 0.57621 -0.0028608 0.00978445 0.013051 0.854123 0.804303 0.879553 0.0199186 0.0188917 0.0205792 0.0249152 0.023522 0.0256214 0 0 0 0 0 0 0.501653 0.578466 0.00527406 0.391472 14.1891 0 3.31585 0 3.79753 0 0.966945 2.67902 2.33542 1.00219 1 1.00002 1.00279 1.00205 0.00626338 0.00789901 0
240 5.45455 54.5455 0.942691 1.05458 0.942764 6.80503 6.83005 5.75718 2.61197 2.60607 2.27438 2.27438 2.26227 2.24364 0.615238 0.282978 1 1e-05 0.00247327 0.0407493 70.0834 29.5791 4.62661 -34.2057 31.3457 10.3989 37.1134 -1.03732 0 0 0 0.536387 0.575286 -0.00286944 0.00967369 0.013057 0.84601 0.796016 0.871653 0.0223299 0.0211732 0.0230747 0.0279299 0.0263594 0.0287267 0 0 0 0 0 0 0.501653 0.578466 0.00613663 0.39004 14.012 0 3.4038 0 3.88421 0 0.942691 2.6127 2.27438 1.00226 1 1.00002 1.00288 1.00208 0.00620129 0.00782111 0
250 5.68182 56.8182 0.918511 1.03335 0.918669 6.78518 6.80898 5.97811 2.54579 2.53987 2.2134 2.2134 2.20156 2.1836 0.59796 0.28169 1 1e-05 0.00248932 0.0407433 69.1625 29.1973 4.53652 -33.7338 30.9425 10.24 36.5988 -1.14944 0 0 0 0.536267 0.575239 -0.00292649 0.00954324 0.0129533 0.837492 0.787395 0.863314 0.0247174 0.0234304 0.0255468 0.0309137 0.0291655 0.0318019 0 0 0 0 0 0 0.501653 0.578466 0.00738981 0.387391 13.8329 0 3.46045 0 3.94109 0 0.918511 2.54647 2.2134 1.00233 1 1.00002 1.00296 1.00211 0.00614314 0.00774161 0
260 5.90909 59.0909 0.894523 1.01154 0.894753 6.73481 6.75512 6.14044 2.47913 2.47321 2.15234 2.15234 2.14079 2.12347 0.580741 0.279924 1 1e-05 0.002506 0.040745 68.2502 28.807 4.44279 -33.2498 30.5333 10.0846 36.075 -1.21704 0 0 0 0.536144 0.574796 -0.0029865 0.00940619 0.0129135 0.828744 0.778488 0.854531 0.02708 0.0256624 0.0279938 0.0338656 0.0319391 0.0348452 0 0 0 0 0 0 0.501653 0.578466 0.00764582 0.387632 13.6502 0 3.51359 0 3.9954 0 0.894523 2.47977 2.15234 1.00239 1 1.00002 1.00304 1.00214 0.00607376 0.00765546 0
270 6.13636 61.3636 0.870817 0.989114 0.871113 6.65686 6.6754 6.31559 2.41281 2.4069 2.09187 2.09187 2.08061 2.06394 0.56374 0.278493 1 1e-05 0.00252316 0.0407506 67.3434 28.4199 4.34268 -32.7625 30.1245 9.92679 35.5476 -1.29761 0 0 0 0.536445 0.575367 -0.00302416 0.0093888 0.012986 0.819507 0.76927 0.845494 0.0294167 0.027868 0.030415 0.036784 0.034679 0.0378553 0 0 0 0 0 0 0.501653 0.578466 0.00850759 0.387598 13.4659 0 3.54659 0 4.02765 0 0.870817 2.41341 2.09187 1.00245 1 1.00002 1.00312 1.00217 0.00600662 0.00756689 0
280 6.36364 63.6364 0.847388 0.966446 0.847735 6.58345 6.59772 6.38339 2.34703 2.34114 2.0322 2.0322 2.02121 2.00512 0.547033 0.277315 1 1e-05 0.00254077 0.0407581 66.4381 28.0271 4.24967 -32.2768 29.7112 9.76903 35.0232 -1.37088 0 0 0 0.53592 0.575223 -0.00306793 0.00947149 0.013106 0.81008 0.759869 0.836218 0.0317267 0.0300466 0.03281 0.0396675 0.0373841 0.0408312 0 0 0 0 0 0 0.501653 0.578466 0.00816487 0.384968 13.2807 0 3.57534 0 4.04847 0 0.847388 2.34758 2.0322 1.00251 1 1.00002 1.00319 1.0022 0.00593752 0.00748293 0
290 6.59091 65.9091 0.824248 0.943692 0.824645 6.50203 6.51617 6.40755 2.28246 2.27662 1.97329 1.97329 1.96259 1.94708 0.53047 0.27612 1 1e-05 0.00255865 0.040762 65.5257 27.6319 4.15938 -31.7912 29.2949 9.60918 34.5003 -1.42837 0 0 0 0.535605 0.574774 -0.0030307 0.00953497 0.0133103 0.800301 0.750365 0.826955 0.0340093 0.0321979 0.0351779 0.0425153 0.0400538 0.0437722 0 0 0 0 0 0 0.501653 0.578466 0.00792516 0.383822 13.0964 0 3.58162 0 4.04677 0 0.824248 2.28299 1.97329 1.00257 1 1.00002 1.00326 1.00223 0.00586674 0.00739102 0
300 6.81818 68.1818 0.801536 0.920887 0.801985 6.38097 6.39565 6.42174 2.21874 2.21295 1.91559 1.91559 1.90518 1.89026 0.514345 0.275328 1 1e-05 0.00257693 0.0407691 64.6227 27.235 4.07309 -31.3081 28.8773 9.4594 33.9812 -1.47777 0 0 0 0.535807 0.574708 -0.00295877 0.00946871 0.0134939 0.79036 0.740664 0.817633 0.0362636 0.0343216 0.0375183 0.0453261 0.0426877 0.0466785 0 0 0 0 0 0 0.501653 0.578466 0.010908 0.385362 12.912 0 3.58619 0 4.05054 0 0.801536 2.21924 1.91559 1.00262 1 1.00002 1.00333 1.00226 0.00579452 0.00729901 0
310 7.04545 70.4545 0.77928 0.898093 0.779762 6.25816 6.26748 6.41903 2.15533 2.1496 1.85903 1.85903 1.84887 1.83449 0.49872 0.273971 1 1e-05 0.00259577 0.0407857 63.7404 26.837 3.99342 -30.8304 28.4586 9.31964 33.4651 -1.48943 0 0 0 0.536183 0.574866 -0.00289539 0.00932892 0.0135187 0.780378 0.730777 0.808184 0.0384894 0.0364168 0.0398312 0.0480995 0.0452848 0.0495493 0 0 0 0 0 0 0.501653 0.578466 0.0115248 0.38638 12.7258 0 3.58006 0 4.03823 0 0.77928 2.15581 1.85903 1.00267 1 1.00002 1.00339 1.0023 0.00573153 0.00721584 0
320 7.27273 72.7273 0.757521 0.875427 0.758025 6.12111 6.12737 6.38266 2.09366 2.08799 1.80362 1.80362 1.79375 1.77989 0.483327 0.272793 1 1e-05 0.00261477 0.0407999 62.8621 26.4455 3.90919 -30.3546 28.0448 9.17314 32.9518 -1.48992 0 0 0 0.536474 0.574985 -0.00280305 0.00909279 0.0134645 0.770389 0.720775 0.798648 0.0406859 0.0384825 0.0421161 0.0508355 0.0478448 0.0523844 0 0 0 0 0 0 0.501653 0.578466 0.0108312 0.387413 12.5421 0 3.56835 0 4.0231 0 0.757521 2.09411 1.80362 1.00271 1 1.00002 1.00345 1.00233 0.0056538 0.00711709 0
330 7.5 75 0.736261 0.852997 0.736786 5.98092 5.98662 6.31634 2.0331 2.02751 1.74957 1.74957 1.73997 1.72664 0.468392 0.272098 1 1e-05 0.00263412 0.0408174 61.9962 26.0537 3.83141 -29.8851 27.6324 9.0352 32.4436 -1.48597 0 0 0 0.537051 0.575503 -0.00276065 0.00882529 0.0133478 0.760388 0.710764 0.789062 0.0428531 0.040519 0.0443733 0.0535339 0.0503672 0.0551835 0 0 0 0 0 0 0.501653 0.578466 0.0108176 0.383917 12.3591 0 3.55686 0 4.00863 0 0.736261 2.03352 1.74957 1.00276 1 1.00001 1.00351 1.00236 0.00557618 0.00702106 0
340 7.72727 77.2727 0.715589 0.830904 0.71614 5.81376 5.82116 6.22138 1.97338 1.96787 1.69705 1.69705 1.68769 1.67483 0.454065 0.272999 1 1e-05 0.0026539 0.0408439 61.1555 25.6665 3.75911 -29.4256 27.2216 8.89342 31.9473 -1.46722 0 0 0 0.53695 0.575939 -0.00278682 0.00860166 0.0132654 0.750489 0.700782 0.77941 0.0449912 0.0425264 0.0466019 0.0561947 0.0528521 0.0579461 0 0 0 0 0 0 0.501653 0.578466 0.0119448 0.383513 12.176 0 3.53373 0 3.97097 0 0.715589 1.97378 1.69705 1.0028 1 1.00001 1.00356 1.0024 0.00550975 0.0069409 0
350 7.95455 79.5455 0.695463 0.809196 0.696037 5.66119 5.66758 6.11279 1.91567 1.91024 1.64598 1.64598 1.6369 1.62456 0.440052 0.272537 1 1e-05 0.00267375 0.0408671 60.3201 25.2834 3.68744 -28.9709 26.8185 8.75591 31.4542 -1.45983 0 0 0 0.536411 0.57619 -0.00281975 0.00845119 0.0133181 0.740624 0.690825 0.769825 0.0471008 0.0445039 0.0488018 0.0588183 0.0552996 0.0606722 0 0 0 0 0 0 0.501653 0.578466 0.0123182 0.380796 11.9964 0 3.50831 0 3.94094 0 0.695463 1.91606 1.64598 1.00284 1 1.00001 1.00361 1.00243 0.00543189 0.00683719 0
360 8.18182 81.8182 0.675901 0.78783 0.676492 5.50383 5.50874 6.01681 1.85838 1.85305 1.59616 1.59616 1.58733 1.57545 0.426589 0.271739 1 1e-05 0.0026942 0.0409039 59.5158 24.904 3.61914 -28.5232 26.4205 8.61484 30.9664 -1.42165 0 0 0 0.536457 0.57647 -0.00286698 0.00825878 0.0133386 0.730777 0.68088 0.760281 0.0491814 0.0464515 0.0509727 0.0614047 0.0577098 0.0633621 0 0 0 0 0 0 0.501653 0.578466 0.0145427 0.380082 11.8155 0 3.47577 0 3.89766 0 0.675901 1.85876 1.59616 1.00288 1 1.00001 1.00366 1.00246 0.00536268 0.00674995 0
370 8.40909 84.0909 0.656913 0.767073 0.657521 5.34228 5.34694 5.84528 1.80203 1.7968 1.5477 1.5477 1.5391 1.52763 0.413616 0.271043 1 1e-05 0.00271509 0.0409504 58.737 24.5334 3.54426 -28.0777 26.0297 8.4716 30.4836 -1.39629 0 0 0 0.53664 0.576671 -0.00288782 0.00801695 0.0134004 0.721136 0.671159 0.750769 0.0512329 0.04837 0.0531148 0.0639542 0.060083 0.0660156 0 0 0 0 0 0 0.501653 0.578466 0.0140047 0.381984 11.6348 0 3.42682 0 3.84133 0 0.656913 1.80239 1.5477 1.00291 1 1.00001 1.0037 1.0025 0.00529285 0.00666428 0
380 8.63636 86.3636 0.638439 0.746804 0.639048 5.202 5.20218 5.70752 1.74732 1.74219 1.50042 1.50042 1.49208 1.48105 0.400904 0.270554 1 1e-05 0.00273616 0.0409966 57.9668 24.1628 3.46847 -27.6313 25.6405 8.33724 30.005 -1.40019 0 0 0 0.537731 0.577605 -0.00284385 0.00775031 0.0134218 0.711604 0.661551 0.741336 0.0532555 0.0502596 0.0552282 0.0664674 0.0624199 0.0686331 0 0 0 0 0 0 0.501653 0.578466 0.0114067 0.383432 11.4566 0 3.40657 0 3.81397 0 0.638439 1.74766 1.50042 1.00295 1 1.00001 1.00374 1.00253 0.00521275 0.00656733 0
390 8.86364 88.6364 0.620425 0.727041 0.621035 5.07227 5.073 5.56544 1.69358 1.68855 1.4543 1.4543 1.44619 1.43555 0.388586 0.269552 1 1e-05 0.00275768 0.0410498 57.2141 23.7964 3.39233 -27.1888 25.2554 8.20482 29.5302 -1.39718 0 0 0 0.539499 0.579123 -0.00269479 0.00745148 0.013423 0.702215 0.652043 0.731995 0.05525 0.0521206 0.0573128 0.0689446 0.0647208 0.0712148 0 0 0 0 0 0 0.501653 0.578466 0.00962616 0.38297 11.2788 0 3.37173 0 3.77944 0 0.620425 1.6939 1.4543 1.00298 1 1.00001 1.00378 1.00256 0.00514364 0.00648006 0
400 9.09091 90.9091 0.602954 0.70769 0.603573 4.91732 4.9197 5.44904 1.64133 1.63641 1.40957 1.40957 1.40167 1.39141 0.376655 0.267652 1 1e-05 0.00277943 0.0411066 56.4778 23.4327 3.32208 -26.7548 24.8747 8.0771 29.0626 -1.34949 0 0 0 0.540979 0.580657 -0.00252373 0.0071904 0.0134458 0.692951 0.642609 0.722671 0.057216 0.0539529 0.0593696 0.0713863 0.0669861 0.0737609 0 0 0 0 0 0 0.501653 0.578466 0.011893 0.382114 11.1033 0 3.32768 0 3.72748 0 0.602954 1.64164 1.40957 1.00301 1 1.00001 1.00382 1.0026 0.0050772 0.00639507 0
410 9.31818 93.1818 0.58609 0.688914 0.586709 4.74905 4.74882 5.28737 1.59085 1.58604 1.36622 1.36622 1.35857 1.3487 0.365066 0.265409 1 1e-05 0.00280128 0.041166 55.76 23.075 3.25726 -26.3322 24.498 7.94883 28.605 -1.28977 0 0 0 0.541571 0.581376 -0.00234626 0.00697331 0.0133955 0.68393 0.633306 0.713437 0.059154 0.0557571 0.0613978 0.0737931 0.0692161 0.0762715 0 0 0 0 0 0 0.501653 0.578466 0.0124693 0.381171 10.9311 0 3.27124 0 3.65948 0 0.58609 1.59114 1.36622 1.00303 1 1.00001 1.00386 1.00263 0.00500283 0.00629981 0
420 9.54545 95.4545 0.56979 0.670648 0.570416 4.58799 4.59031 5.14378 1.54163 1.53693 1.32419 1.32419 1.31675 1.30722 0.353896 0.263062 1 1e-05 0.00282343 0.041232 55.0643 22.7256 3.18618 -25.9118 24.1297 7.8174 28.1535 -1.25414 0 0 0 0.541272 0.581152 -0.00222298 0.00675641 0.013389 0.67494 0.624164 0.704395 0.0610648 0.0575344 0.063398 0.0761656 0.0714113 0.0787472 0 0 0 0 0 0 0.501653 0.578466 0.0116413 0.381126 10.7605 0 3.22195 0 3.60515 0 0.56979 1.5419 1.32419 1.00306 1 1.00001 1.00389 1.00266 0.00493394 0.00621502 0
430 9.77273 97.7273 0.554068 0.652986 0.554706 4.42397 4.42711 4.97365 1.49403 1.48944 1.28337 1.28337 1.27615 1.26698 0.342995 0.260451 1 1e-05 0.00284571 0.041301 54.3869 22.3776 3.12167 -25.4993 23.7642 7.69158 27.7088 -1.20606 0 0 0 0.54108 0.580862 -0.00211696 0.00663561 0.0133709 0.66606 0.615289 0.695525 0.0629489 0.0592849 0.0653703 0.078504 0.0735724 0.0811886 0 0 0 0 0 0 0.501653 0.578466 0.0132922 0.383678 10.593 0 3.17191 0 3.55239 0 0.554068 1.49429 1.28337 1.00309 1 1.00001 1.00392 1.0027 0.00485988 0.00612257 0
440 10 100 0.538864 0.635872 0.5395 4.28212 4.28142 4.81924 1.44758 1.44309 1.2436 1.2436 1.2366 1.22776 0.332393 0.25832 1 1e-05 0.00286832 0.0413778 53.7318 22.0338 3.06254 -25.0964 23.4 7.56681 27.271 -1.19379 0 0 0 0.541597 0.580901 -0.00204579 0.00653373 0.0132899 0.657349 0.606583 0.6868 0.0648071 0.0610087 0.0673153 0.0808089 0.0757003 0.0835964 0 0 0 0 0 0 0.501653 0.578466 0.00983085 0.382145 10.4269 0 3.12588 0 3.50328 0 0.538864 1.44782 1.2436 1.00311 1 1.00001 1.00395 1.00273 0.004789 0.00603032 0
450 10.2273 102.273 0.524128 0.619247 0.524761 4.15034 4.14978 4.6815 1.40215 1.39778 1.20505 1.20505 1.19825 1.18971 0.322192 0.256243 1 1e-05 0.00289132 0.0414622 53.0967 21.6964 3.00195 -24.6983 23.0426 7.44234 26.8392 -1.15591 0 0 0 0.54209 0.58095 -0.00198513 0.00645054 0.0131397 0.648739 0.597973 0.678278 0.0666393 0.0627068 0.0692338 0.0830807 0.0777955 0.0859711 0 0 0 0 0 0 0.501653 0.578466 0.00705554 0.3811 10.2619 0 3.09805 0 3.46587 0 0.524128 1.40238 1.20505 1.00313 1 1.00001 1.00398 1.00276 0.00472016 0.00594564 0
460 10.4545 104.545 0.509912 0.603049 0.510547 4.00289 4.00318 4.56154 1.3583 1.35404 1.16779 1.16779 1.1612 1.15298 0.312327 0.254976 1 1e-05 0.00291442 0.0415486 52.4772 21.3655 2.94136 -24.3069 22.6903 7.32421 26.4153 -1.09483 0 0 0 0.541895 0.580364 -0.00194713 0.00638559 0.0129634 0.640216 0.589478 0.669878 0.0684465 0.0643789 0.0711257 0.0853197 0.0798582 0.0883134 0 0 0 0 0 0 0.501653 0.578466 0.00716677 0.378356 10.1 0 3.05061 0 3.40918 0 0.509912 1.35852 1.16779 1.00315 1 1.00001 1.004 1.00279 0.00464577 0.00585282 0
470 10.6818 106.818 0.496262 0.587286 0.496894 3.84468 3.8438 4.43869 1.31565 1.31149 1.13177 1.13177 1.12538 1.11747 0.302849 0.253069 1 1e-05 0.00293781 0.0416463 51.8886 21.0401 2.88196 -23.9221 22.3457 7.20621 25.9986 -1.03234 0 0 0 0.541793 0.58031 -0.00188482 0.00635504 0.0128286 0.631799 0.581124 0.661588 0.0702278 0.0660247 0.0729919 0.0875264 0.0818889 0.0906237 0 0 0 0 0 0 0.501653 0.578466 0.00828671 0.378914 9.94008 0 3.00999 0 3.36385 0 0.496262 1.31586 1.13177 1.00317 1 1.00001 1.00403 1.00282 0.00457771 0.00576735 0
480 10.9091 109.091 0.48313 0.571996 0.483754 3.70012 3.69815 4.30566 1.27459 1.27054 1.09695 1.09695 1.09075 1.08312 0.293644 0.252369 1 1e-05 0.00296122 0.0417459 51.3165 20.7189 2.82663 -23.5455 22.0065 7.08809 25.5908 -1.01125 0 0 0 0.541341 0.579985 -0.00182512 0.00635632 0.0127686 0.623476 0.572985 0.65342 0.0719836 0.0676453 0.0748326 0.0897011 0.0838883 0.0929024 0 0 0 0 0 0 0.501653 0.578466 0.0110826 0.378346 9.78366 0 2.95766 0 3.30846 0 0.48313 1.27479 1.09695 1.00319 1 1.00001 1.00405 1.00285 0.0045065 0.00568004 0
490 11.1364 111.364 0.470436 0.557225 0.471048 3.57802 3.57438 4.15951 1.23544 1.23149 1.06339 1.06339 1.05739 1.05003 0.284688 0.251478 1 1e-05 0.00298445 0.0418396 50.7483 20.4043 2.77672 -23.181 21.6725 6.97376 25.1929 -0.983863 0 0 0 0.540688 0.579477 -0.0017619 0.00634079 0.0127745 0.61531 0.564976 0.645482 0.0737152 0.0692421 0.0766484 0.0918442 0.085857 0.0951502 0 0 0 0 0 0 0.501653 0.578466 0.00933964 0.375945 9.63215 0 2.91137 0 3.25615 0 0.470436 1.23563 1.06339 1.0032 1 1.00001 1.00407 1.00288 0.00443345 0.00559094 0
500 11.3636 113.636 0.458158 0.542888 0.458763 3.45955 3.45769 4.03753 1.19762 1.19378 1.03105 1.03105 1.02523 1.01812 0.276072 0.25144 1 1e-05 0.00300777 0.0419348 50.1924 20.0983 2.72381 -22.8221 21.3464 6.86478 24.802 -0.940111 0 0 0 0.540549 0.579448 -0.00165037 0.00626341 0.0128036 0.60723 0.557137 0.637687 0.0754223 0.0708148 0.0784393 0.0939563 0.0877957 0.0973678 0 0 0 0 0 0 0.501653 0.578466 0.0108727 0.375447 9.48351 0 2.87376 0 3.21123 0 0.458158 1.1978 1.03105 1.00322 1 1.00001 1.00409 1.00291 0.00436813 0.00550903 0
510 11.5909 115.909 0.446298 0.528891 0.446889 3.34364 3.33973 3.94131 1.16107 1.15733 0.999719 0.999719 0.994075 0.987209 0.267711 0.251327 1 1e-05 0.0030312 0.0420326 49.6506 19.7939 2.67703 -22.4709 21.022 6.75965 24.42 -0.930615 0 0 0 0.540854 0.579536 -0.00157641 0.0061841 0.0128174 0.599231 0.549435 0.629941 0.0771044 0.072364 0.0802061 0.0960376 0.0897049 0.0995554 0 0 0 0 0 0 0.501653 0.578466 0.011448 0.373457 9.33759 0 2.83661 0 3.16849 0 0.446298 1.16124 0.999719 1.00324 1 1.00001 1.00411 1.00294 0.00430339 0.00542591 0
520 11.8182 118.182 0.434768 0.515445 0.435345 3.25085 3.24695 3.78641 1.12585 1.1222 0.9694 0.9694 0.963934 0.957319 0.259594 0.253385 1 1e-05 0.00305467 0.042128 49.1131 19.4941 2.63406 -22.1281 20.7011 6.65359 24.0471 -0.906443 0 0 0 0.541196 0.579444 -0.0015552 0.00605036 0.0128152 0.59143 0.54192 0.622434 0.0787624 0.0738895 0.0819491 0.0980886 0.0915852 0.101714 0 0 0 0 0 0 0.501653 0.578466 0.0109958 0.371622 9.19481 0 2.78548 0 3.11146 0 0.434768 1.12601 0.9694 1.00325 1 1.00001 1.00413 1.00297 0.00423762 0.00534079 0
530 12.0455 120.455 0.423607 0.502457 0.424184 3.14292 3.14278 3.65757 1.09168 1.08813 0.94011 0.94011 0.934823 0.928459 0.251779 0.253914 1 1e-05 0.00307833 0.042228 48.5909 19.2017 2.58907 -21.7907 20.3882 6.55338 23.6785 -0.881288 0 0 0 0.542085 0.580063 -0.00161617 0.00588195 0.0128346 0.583797 0.53455 0.615103 0.0803971 0.075392 0.0836679 0.10011 0.0934372 0.103843 0 0 0 0 0 0 0.501653 0.578466 0.0109189 0.370791 9.05415 0 2.74137 0 3.06279 0 0.423607 1.09184 0.94011 1.00326 1 1.00001 1.00415 1.00299 0.00416904 0.00525409 0
540 12.2727 122.727 0.412854 0.489961 0.413425 3.02964 3.0281 3.51884 1.05841 1.05495 0.911865 0.911865 0.906736 0.90059 0.244309 0.255643 1 1e-05 0.00310227 0.0423377 48.0923 18.9133 2.54598 -21.4593 20.0799 6.45656 23.3189 -0.832415 0 0 0 0.543118 0.581273 -0.00169967 0.00578963 0.0128139 0.576424 0.527343 0.607921 0.0820083 0.0768713 0.0853638 0.102102 0.0952614 0.105945 0 0 0 0 0 0 0.501653 0.578466 0.00880179 0.371718 8.91504 0 2.6859 0 2.99637 0 0.412854 1.05855 0.911865 1.00328 1 1.00001 1.00416 1.00302 0.0041104 0.00517643 0
550 12.5 125 0.402513 0.477772 0.403071 2.91568 2.912 3.43254 1.02655 1.02319 0.884662 0.884662 0.879708 0.873787 0.23707 0.256448 1 1e-05 0.00312609 0.0424451 47.6035 18.6293 2.50609 -21.1353 19.7778 6.36728 22.9665 -0.805098 0 0 0 0.543657 0.582205 -0.00181088 0.00576243 0.0127772 0.569149 0.520218 0.600821 0.0835962 0.0783287 0.087037 0.104067 0.0970582 0.108019 0 0 0 0 0 0 0.501653 0.578466 0.00811581 0.373063 8.77981 0 2.65653 0 2.96994 0 0.402513 1.02669 0.884662 1.00329 1 1.00001 1.00418 1.00305 0.00403799 0.005088 0
560 12.7273 127.273 0.392552 0.465923 0.3931 2.80789 2.80494 3.33648 0.995559 0.992285 0.85852 0.85852 0.853712 0.84798 0.230193 0.257638 1 1e-05 0.00315017 0.0425616 47.1369 18.3499 2.46858 -20.8185 19.482 6.27831 22.6241 -0.769799 0 0 0 0.543548 0.582358 -0.00191156 0.00569028 0.0127076 0.562006 0.513202 0.593818 0.0851614 0.0797642 0.0886875 0.106003 0.0988281 0.110066 0 0 0 0 0 0 0.501653 0.578466 0.00930824 0.372416 8.6462 0 2.6036 0 2.91181 0 0.392552 0.995685 0.85852 1.0033 1 1 1.00419 1.00307 0.00398137 0.00501381 0
570 12.9545 129.545 0.382915 0.454502 0.383453 2.7165 2.71376 3.21629 0.965895 0.962709 0.833312 0.833312 0.82866 0.82314 0.223521 0.258911 1 1e-05 0.0031741 0.0426743 46.675 18.0762 2.43317 -20.5094 19.1913 6.19146 22.2899 -0.745951 0 0 0 0.543407 0.582071 -0.0019492 0.00563166 0.0125993 0.555035 0.506341 0.586991 0.0867044 0.0811785 0.0903155 0.107912 0.100572 0.112086 0 0 0 0 0 0 0.501653 0.578466 0.00979277 0.372134 8.51637 0 2.56401 0 2.86737 0 0.382915 0.966017 0.833312 1.00331 1 1 1.0042 1.0031 0.0039187 0.00493311 0
580 13.1818 131.818 0.373582 0.443454 0.374107 2.6319 2.62835 3.1111 0.937092 0.933992 0.808994 0.808994 0.804479 0.799145 0.217121 0.259437 1 1e-05 0.00319824 0.0427906 46.2251 17.8101 2.399 -20.2091 18.9082 6.10043 21.9629 -0.737489 0 0 0 0.54372 0.58195 -0.00196979 0.0055395 0.0125173 0.548238 0.499658 0.580245 0.088226 0.0825724 0.0919218 0.109795 0.102289 0.11408 0 0 0 0 0 0 0.501653 0.578466 0.0101381 0.374164 8.38839 0 2.52661 0 2.82711 0 0.373582 0.937211 0.808994 1.00332 1 1 1.00422 1.00313 0.00386069 0.00485987 0
590 13.4091 134.091 0.364541 0.432794 0.365053 2.54953 2.54589 3.00187 0.909302 0.906287 0.785453 0.785453 0.781076 0.775926 0.210907 0.25974 1 1e-05 0.00322242 0.0429077 45.7841 17.5485 2.36588 -19.9144 18.6297 6.01198 21.6417 -0.712684 0 0 0 0.544481 0.582245 -0.0019949 0.00549811 0.0124406 0.541586 0.493126 0.573672 0.0897268 0.0839453 0.093507 0.111652 0.103982 0.116047 0 0 0 0 0 0 0.501653 0.578466 0.00987997 0.371486 8.26304 0 2.49281 0 2.78778 0 0.364541 0.909417 0.785453 1.00333 1 1 1.00423 1.00315 0.00379987 0.00478609 0
600 13.6364 136.364 0.355771 0.422431 0.356279 2.47076 2.46952 2.91814 0.882246 0.879313 0.762632 0.762632 0.758385 0.753405 0.204906 0.260286 1 1e-05 0.00324687 0.0430304 45.356 17.2902 2.3353 -19.6255 18.3547 5.92221 21.3274 -0.692363 0 0 0 0.544819 0.582211 -0.00200788 0.00546059 0.0123714 0.534995 0.486732 0.567217 0.0912077 0.0852985 0.0950719 0.113483 0.105649 0.11799 0 0 0 0 0 0 0.501653 0.578466 0.0110347 0.370419 8.13915 0 2.46152 0 2.75059 0 0.355771 0.882358 0.762632 1.00334 1 1 1.00424 1.00318 0.00374416 0.00471516 0
610 13.8636 138.636 0.347332 0.412352 0.347835 2.37782 2.37658 2.83825 0.856217 0.853364 0.740582 0.740582 0.736473 0.731678 0.199086 0.260786 1 1e-05 0.00327129 0.0431546 44.9407 17.0375 2.30315 -19.3407 18.0847 5.83624 21.0189 -0.654219 0 0 0 0.545038 0.582253 -0.00206432 0.00542483 0.0122867 0.528543 0.480451 0.560814 0.0926681 0.0866321 0.0966166 0.115289 0.107293 0.119907 0 0 0 0 0 0 0.501653 0.578466 0.00914633 0.370636 8.01815 0 2.41839 0 2.70394 0 0.347332 0.856325 0.740582 1.00334 1 1 1.00425 1.0032 0.00368517 0.00463889 0
620 14.0909 140.909 0.339237 0.402581 0.339732 2.28178 2.27937 2.75154 0.830986 0.828211 0.719295 0.719295 0.715309 0.710684 0.193488 0.261448 1 1e-05 0.00329586 0.043289 44.5494 16.7889 2.27167 -19.0606 17.8206 5.75175 20.7165 -0.619846 0 0 0 0.545588 0.582769 -0.00213655 0.00540421 0.0121741 0.522237 0.474239 0.554552 0.0941084 0.0879463 0.098141 0.11707 0.108912 0.121799 0 0 0 0 0 0 0.501653 0.578466 0.00906533 0.369943 7.8991 0 2.37995 0 2.66074 0 0.339237 0.83109 0.719295 1.00335 1 1 1.00426 1.00322 0.0036298 0.00456968 0
630 14.3182 143.182 0.331442 0.39308 0.331928 2.19767 2.19526 2.67552 0.806549 0.803851 0.698778 0.698778 0.694917 0.690456 0.188114 0.262341 1 1e-05 0.00332056 0.0434298 44.1753 16.5443 2.24508 -18.7894 17.5599 5.67013 20.4225 -0.595137 0 0 0 0.546496 0.583707 -0.00219527 0.00535445 0.0120578 0.516058 0.468112 0.548375 0.09553 0.089242 0.0996446 0.118826 0.110508 0.123668 0 0 0 0 0 0 0.501653 0.578466 0.00964353 0.371422 7.78206 0 2.343 0 2.61609 0 0.331442 0.806649 0.698778 1.00336 1 1 1.00427 1.00325 0.00357022 0.00449768 0
640 14.5455 145.455 0.323931 0.383885 0.324407 2.11806 2.1151 2.58941 0.783092 0.780467 0.678985 0.678985 0.675248 0.670947 0.182909 0.263175 1 1e-05 0.00334517 0.0435716 43.8122 16.3037 2.22239 -18.5261 17.3039 5.59089 20.1354 -0.566171 0 0 0 0.546996 0.584341 -0.00228365 0.0052725 0.0119687 0.509983 0.462104 0.542353 0.0969328 0.090519 0.101128 0.120559 0.11208 0.125512 0 0 0 0 0 0 0.501653 0.578466 0.0103925 0.370126 7.66804 0 2.30146 0 2.57007 0 0.323931 0.783188 0.678985 1.00336 1 1 1.00427 1.00327 0.00351273 0.00442588 0
650 14.7727 147.727 0.316684 0.374966 0.317149 2.04368 2.04052 2.51137 0.760489 0.757936 0.659868 0.659868 0.656245 0.652089 0.177868 0.264279 1 1e-05 0.00336976 0.0437153 43.4601 16.0683 2.20023 -18.2685 17.0521 5.51753 19.8538 -0.544854 0 0 0 0.546793 0.584387 -0.00234592 0.00517183 0.0119064 0.50398 0.456214 0.536475 0.0983166 0.091778 0.102593 0.122269 0.11363 0.127333 0 0 0 0 0 0 0.501653 0.578466 0.00963126 0.367102 7.55655 0 2.25915 0 2.52696 0 0.316684 0.760584 0.659868 1.00337 1 1 1.00428 1.00329 0.00345675 0.00435834 0
660 15 150 0.309664 0.36635 0.310117 1.98028 1.97705 2.42631 0.738775 0.736291 0.641411 0.641411 0.637911 0.633904 0.17298 0.264185 1 1e-05 0.00339427 0.043856 43.1114 15.8376 2.17727 -18.0149 16.8074 5.44531 19.5764 -0.534266 0 0 0 0.546549 0.584351 -0.00236338 0.00510073 0.011867 0.498098 0.450472 0.53073 0.0996822 0.0930188 0.104039 0.123955 0.115158 0.129132 0 0 0 0 0 0 0.501653 0.578466 0.00942945 0.367186 7.44786 0 2.2258 0 2.48871 0 0.309664 0.738864 0.641411 1.00337 1 1 1.00429 1.00331 0.00339561 0.00428394 0
670 15.2273 152.273 0.302865 0.358012 0.303306 1.91797 1.91452 2.34794 0.717679 0.715262 0.623591 0.623591 0.620194 0.616306 0.168287 0.265752 1 1e-05 0.00341896 0.0440031 42.7765 15.6111 2.15463 -17.7658 16.5662 5.37318 19.3068 -0.516572 0 0 0 0.546171 0.584097 -0.0023846 0.00502031 0.011803 0.492306 0.444851 0.525136 0.10103 0.094242 0.105468 0.125619 0.116664 0.130908 0 0 0 0 0 0 0.501653 0.578466 0.0100005 0.367534 7.34074 0 2.19324 0 2.45143 0 0.302865 0.717761 0.623591 1.00338 1 1 1.00429 1.00333 0.00334721 0.00422136 0
680 15.4545 154.545 0.296301 0.349926 0.296726 1.8528 1.84847 2.27709 0.697382 0.69503 0.606375 0.606375 0.603085 0.599327 0.163736 0.267048 1 1e-05 0.00344358 0.0441506 42.4501 15.3913 2.12917 -17.5205 16.332 5.29846 19.0416 -0.490572 0 0 0 0.545465 0.583453 -0.00239915 0.0049278 0.011719 0.486613 0.439355 0.519642 0.102361 0.095448 0.106878 0.12726 0.118148 0.132662 0 0 0 0 0 0 0.501653 0.578466 0.0101578 0.36632 7.23617 0 2.15423 0 2.40801 0 0.296301 0.697461 0.606375 1.00338 1 1 1.0043 1.00336 0.00329364 0.00415426 0
690 15.6818 156.818 0.289985 0.342099 0.290401 1.78133 1.7785 2.20423 0.677868 0.675579 0.5898 0.5898 0.58661 0.582977 0.159351 0.268273 1 1e-05 0.00346811 0.0443003 42.1356 15.1753 2.10406 -17.2793 16.1031 5.22768 18.7826 -0.469404 0 0 0 0.544466 0.582688 -0.00239806 0.00480981 0.0116242 0.481015 0.433981 0.514278 0.103675 0.0966371 0.10827 0.12888 0.119612 0.134395 0 0 0 0 0 0 0.501653 0.578466 0.00796171 0.36586 7.1342 0 2.11452 0 2.3666 0 0.289985 0.677944 0.5898 1.00339 1 1 1.00431 1.00338 0.00324365 0.00409094 0
700 15.9091 159.091 0.2839 0.334555 0.284308 1.71565 1.71359 2.12427 0.659164 0.656936 0.573783 0.573783 0.570695 0.567188 0.155081 0.269731 1 1e-05 0.00349246 0.0444487 41.8287 14.9645 2.07872 -17.0432 15.8795 5.15726 18.5283 -0.452496 0 0 0 0.543719 0.582238 -0.00241329 0.00467285 0.0115488 0.475568 0.428745 0.509042 0.104972 0.09781 0.109646 0.130478 0.121056 0.136107 0 0 0 0 0 0 0.501653 0.578466 0.00733503 0.363779 7.03507 0 2.07475 0 2.32354 0 0.2839 0.659237 0.573783 1.00339 1 1 1.00431 1.0034 0.00319251 0.00402591 0
710 16.1364 161.364 0.277983 0.327256 0.278385 1.6679 1.66625 2.05542 0.64096 0.638791 0.558324 0.558324 0.555326 0.551927 0.150991 0.271468 1 1e-05 0.00351701 0.0445995 41.5277 14.7579 2.05541 -16.8133 15.6606 5.08687 18.2801 -0.440599 0 0 0 0.543272 0.581937 -0.00244109 0.00452933 0.0114702 0.470236 0.423597 0.50394 0.106252 0.0989671 0.111004 0.132055 0.122479 0.137799 0 0 0 0 0 0 0.501653 0.578466 0.00633734 0.363342 6.93723 0 2.04211 0 2.28642 0 0.277983 0.641031 0.558324 1.0034 1 1 1.00432 1.00342 0.0031437 0.00396616 0
720 16.3636 163.636 0.272255 0.32016 0.272648 1.61562 1.61299 1.99819 0.623469 0.621356 0.54343 0.54343 0.540521 0.537232 0.147044 0.272915 1 1e-05 0.00354144 0.0447482 41.2315 14.5564 2.03323 -16.5896 15.4473 5.01717 18.0375 -0.428672 0 0 0 0.543382 0.582008 -0.00246631 0.00443353 0.0113928 0.46499 0.418552 0.498917 0.107517 0.100108 0.112345 0.133612 0.123884 0.139471 0 0 0 0 0 0 0.501653 0.578466 0.00612929 0.363198 6.84191 0 2.02754 0 2.26856 0 0.272255 0.623538 0.54343 1.0034 1 1 1.00432 1.00343 0.00309934 0.00390741 0
730 16.5909 165.909 0.266691 0.313223 0.267076 1.56907 1.56688 1.95339 0.606656 0.604599 0.529016 0.529016 0.526196 0.523018 0.143198 0.273586 1 1e-05 0.00356573 0.0448963 40.9406 14.3593 2.0122 -16.3715 15.239 4.9522 17.7979 -0.416169 0 0 0 0.543815 0.582178 -0.00249297 0.00438815 0.0112746 0.459743 0.413594 0.493987 0.108765 0.101235 0.113671 0.135148 0.125269 0.141124 0 0 0 0 0 0 0.501653 0.578466 0.00591226 0.361071 6.74902 0 1.99216 0 2.22874 0 0.266691 0.606723 0.529016 1.0034 1 1 1.00432 1.00345 0.00305041 0.00384735 0
740 16.8182 168.182 0.261293 0.306515 0.261667 1.5231 1.51989 1.88911 0.590358 0.588354 0.515097 0.515097 0.51236 0.509276 0.139496 0.275123 1 1e-05 0.0035901 0.0450451 40.6557 14.1656 1.99157 -16.1571 15.0334 4.88803 17.565 -0.401763 0 0 0 0.544458 0.582581 -0.002523 0.00430083 0.0111321 0.45458 0.40877 0.489177 0.109996 0.102346 0.114981 0.136664 0.126635 0.142757 0 0 0 0 0 0 0.501653 0.578466 0.00458642 0.361235 6.65773 0 1.96568 0 2.20008 0 0.261293 0.59042 0.515097 1.00341 1 1 1.00433 1.00347 0.00300463 0.00378995 0
750 17.0455 170.455 0.25608 0.29999 0.256441 1.47177 1.46799 1.83726 0.574477 0.572525 0.501605 0.501605 0.498948 0.495954 0.135924 0.276088 1 1e-05 0.00361466 0.0452021 40.3857 13.9764 1.96841 -15.9448 14.8328 4.82561 17.335 -0.394651 0 0 0 0.545019 0.583002 -0.00258165 0.00420361 0.0110339 0.44948 0.40404 0.484459 0.111212 0.103442 0.116275 0.13816 0.127983 0.144371 0 0 0 0 0 0 0.501653 0.578466 0.00646507 0.361008 6.56756 0 1.93672 0 2.17162 0 0.25608 0.574537 0.501605 1.00341 1 1 1.00433 1.00349 0.00296232 0.00373471 0
760 17.2727 172.727 0.251007 0.293683 0.251359 1.43109 1.42857 1.77618 0.559122 0.557221 0.48855 0.48855 0.485973 0.483075 0.132466 0.276165 1 1e-05 0.00363924 0.0453604 40.1216 13.792 1.94432 -15.7363 14.6371 4.76424 17.1085 -0.385393 0 0 0 0.545131 0.582999 -0.00267318 0.00410845 0.0109771 0.4445 0.399423 0.47984 0.112413 0.104523 0.117554 0.139637 0.129313 0.145967 0 0 0 0 0 0 0.501653 0.578466 0.00685744 0.361568 6.47919 0 1.90229 0 2.13497 0 0.251007 0.559181 0.48855 1.00341 1 1 1.00434 1.0035 0.00291806 0.00367846 0
770 17.5 175 0.246099 0.287581 0.246443 1.3844 1.38213 1.71826 0.544379 0.542526 0.475961 0.475961 0.473461 0.470654 0.129119 0.2767 1 1e-05 0.00366364 0.0455162 39.8618 13.6108 1.92222 -15.533 14.445 4.70447 16.8881 -0.365408 0 0 0 0.544953 0.582705 -0.00276572 0.00400814 0.0109157 0.439603 0.394939 0.475326 0.113599 0.105591 0.118819 0.141095 0.130626 0.147544 0 0 0 0 0 0 0.501653 0.578466 0.00670016 0.35956 6.39319 0 1.87221 0 2.09754 0 0.246099 0.544434 0.475961 1.00342 1 1 1.00434 1.00352 0.00287488 0.00362326 0
780 17.7273 177.273 0.241356 0.281649 0.241686 1.33935 1.33558 1.67038 0.530192 0.528386 0.463809 0.463809 0.461383 0.458661 0.12588 0.276931 1 1e-05 0.00368791 0.0456717 39.6086 13.4345 1.8982 -15.3327 14.2576 4.64526 16.6723 -0.353388 0 0 0 0.544917 0.582588 -0.00283758 0.00391746 0.0108746 0.434783 0.390514 0.470916 0.114769 0.106645 0.120069 0.142533 0.131921 0.149104 0 0 0 0 0 0 0.501653 0.578466 0.00435617 0.358938 6.30932 0 1.84504 0 2.06604 0 0.241356 0.530243 0.463809 1.00342 1 1 1.00434 1.00354 0.00283119 0.00356909 0
790 17.9545 179.545 0.236751 0.275929 0.237074 1.29884 1.29677 1.61095 0.516323 0.514563 0.452085 0.452085 0.449728 0.447088 0.122792 0.277328 1 1e-05 0.00371244 0.045835 39.367 13.2615 1.87668 -15.1382 14.0733 4.5888 16.462 -0.341252 0 0 0 0.545343 0.582876 -0.00289015 0.00387241 0.0108064 0.430065 0.386199 0.466639 0.115926 0.107685 0.121305 0.143954 0.1332 0.150646 0 0 0 0 0 0 0.501653 0.578466 0.00569094 0.357023 6.22625 0 1.81407 0 2.03142 0 0.236751 0.516372 0.452085 1.00342 1 1 1.00435 1.00355 0.00279135 0.00351873 0
800 18.1818 181.818 0.232271 0.270368 0.232588 1.2634 1.26163 1.56582 0.50299 0.501274 0.440727 0.440727 0.43844 0.435884 0.119779 0.27744 1 1e-05 0.0037368 0.0459939 39.1255 13.0908 1.85631 -14.9471 13.8918 4.53436 16.256 -0.338387 0 0 0 0.545794 0.583093 -0.00292645 0.00387424 0.0107077 0.425443 0.381954 0.462435 0.117068 0.108711 0.122527 0.145356 0.134463 0.152171 0 0 0 0 0 0 0.501653 0.578466 0.00590528 0.357115 6.14532 0 1.78763 0 2.00471 0 0.232271 0.503038 0.440727 1.00342 1 1 1.00435 1.00357 0.0027496 0.00346616 0
810 18.4091 184.091 0.227926 0.264979 0.228235 1.22568 1.22364 1.51762 0.490167 0.488495 0.429742 0.429742 0.427526 0.425052 0.116851 0.278158 1 1e-05 0.00376101 0.0461499 38.8868 12.9236 1.83758 -14.7612 13.7134 4.4815 16.0545 -0.31972 0 0 0 0.546149 0.583212 -0.0029357 0.00390601 0.0106051 0.420913 0.377778 0.458338 0.118195 0.109725 0.123735 0.14674 0.135709 0.15368 0 0 0 0 0 0 0.501653 0.578466 0.00349323 0.358499 6.06648 0 1.7602 0 1.97406 0 0.227926 0.490214 0.429742 1.00342 1 1 1.00435 1.00358 0.00270734 0.00341222 0
820 18.6364 186.364 0.22374 0.259709 0.224042 1.18063 1.17871 1.48401 0.477712 0.476081 0.41916 0.41916 0.417005 0.414605 0.114051 0.277578 1 1e-05 0.00378529 0.0463133 38.6619 12.76 1.82101 -14.581 13.5391 4.4303 15.8581 -0.306247 0 0 0 0.546273 0.583218 -0.00295952 0.00390887 0.0105351 0.416454 0.373687 0.454249 0.119308 0.110725 0.12493 0.148107 0.136939 0.155172 0 0 0 0 0 0 0.501653 0.578466 0.00391309 0.357519 5.98891 0 1.73625 0 1.94873 0 0.22374 0.477758 0.41916 1.00343 1 1 1.00435 1.0036 0.00266956 0.00336482 0
830 18.8636 188.636 0.219692 0.25456 0.219984 1.14272 1.13991 1.44989 0.465708 0.464117 0.408948 0.408948 0.406857 0.404531 0.111346 0.278084 1 1e-05 0.00380946 0.046476 38.4422 12.5994 1.80636 -14.4058 13.3677 4.37926 15.6676 -0.300788 0 0 0 0.546294 0.583198 -0.00299648 0.00391282 0.0105112 0.412052 0.369639 0.450223 0.120408 0.111713 0.126114 0.149456 0.138154 0.156648 0 0 0 0 0 0 0.501653 0.578466 0.00490523 0.357725 5.91318 0 1.71958 0 1.92975 0 0.219692 0.465751 0.408948 1.00343 1 1 1.00435 1.00361 0.00263126 0.00331498 0
840 19.0909 190.909 0.215729 0.249561 0.216013 1.11827 1.11592 1.40773 0.454077 0.452526 0.39902 0.39902 0.39699 0.394734 0.108707 0.278532 1 1e-05 0.00383363 0.0466359 38.2218 12.4418 1.7924 -14.2342 13.1994 4.329 15.4796 -0.299235 0 0 0 0.546146 0.58291 -0.00301585 0.00389667 0.0104826 0.407701 0.365684 0.446293 0.121494 0.11269 0.127284 0.150789 0.139354 0.158108 0 0 0 0 0 0 0.501653 0.578466 0.00761883 0.35823 5.83887 0 1.69722 0 1.9042 0 0.215729 0.454118 0.39902 1.00343 1 1 1.00436 1.00363 0.0025913 0.00326628 0
850 19.3182 193.182 0.211861 0.244732 0.21214 1.09085 1.08929 1.36003 0.442807 0.441293 0.38939 0.38939 0.387415 0.385221 0.106144 0.279319 1 1e-05 0.0038578 0.0467961 38.0046 12.2863 1.77828 -14.0646 13.0337 4.27988 15.2954 -0.294926 0 0 0 0.546134 0.582925 -0.00304594 0.0039091 0.0104516 0.403442 0.361857 0.442444 0.122566 0.113654 0.128441 0.152105 0.140538 0.159553 0 0 0 0 0 0 0.501653 0.578466 0.00741738 0.358776 5.76595 0 1.67229 0 1.87981 0 0.211861 0.442845 0.38939 1.00343 1 1 1.00436 1.00364 0.00255576 0.00322111 0
860 19.5455 195.455 0.208095 0.240042 0.208365 1.0628 1.06063 1.32048 0.431999 0.430522 0.380046 0.380046 0.378132 0.376006 0.103634 0.279728 1 1e-05 0.0038817 0.0469503 37.7862 12.1355 1.76188 -13.8973 12.8727 4.23052 15.1132 -0.286258 0 0 0 0.546155 0.583165 -0.00307735 0.00390087 0.0104306 0.399284 0.35809 0.438667 0.123625 0.114607 0.129587 0.153404 0.141707 0.160982 0 0 0 0 0 0 0.501653 0.578466 0.00760891 0.358304 5.69514 0 1.64747 0 1.8516 0 0.208095 0.432036 0.380046 1.00343 1 1 1.00436 1.00366 0.00251892 0.00317199 0
870 19.7727 197.727 0.204442 0.235499 0.204705 1.03085 1.02846 1.27941 0.421479 0.420037 0.371033 0.371033 0.369172 0.367109 0.10123 0.280778 1 1e-05 0.00390571 0.0471096 37.5773 11.9873 1.74738 -13.7346 12.7148 4.18102 14.9364 -0.272834 0 0 0 0.546001 0.583147 -0.0030711 0.00386652 0.0103819 0.395226 0.35438 0.434982 0.124671 0.115547 0.130722 0.154687 0.142862 0.162396 0 0 0 0 0 0 0.501653 0.578466 0.00754376 0.35916 5.62537 0 1.62065 0 1.82009 0 0.204442 0.421515 0.371033 1.00343 1 1 1.00436 1.00367 0.00248302 0.00312732 0
880 20 200 0.200925 0.231085 0.201176 0.993715 0.99054 1.24308 0.411285 0.409878 0.362366 0.362366 0.360555 0.358547 0.0989343 0.281011 1 1e-05 0.00392969 0.0472725 37.3783 11.8429 1.73416 -13.5771 12.5609 4.13351 14.7643 -0.262577 0 0 0 0.546076 0.583297 -0.00305064 0.00385163 0.0103146 0.391273 0.350717 0.431361 0.125704 0.116476 0.131845 0.155955 0.144003 0.163795 0 0 0 0 0 0 0.501653 0.578466 0.00887355 0.358891 5.55692 0 1.5932 0 1.79124 0 0.200925 0.41132 0.362366 1.00343 1 1 1.00436 1.00368 0.00244935 0.00308555 0
890 20.2273 202.273 0.197515 0.2268 0.197758 0.962573 0.960239 1.20667 0.401578 0.400203 0.353988 0.353988 0.35223 0.350282 0.0966877 0.281655 1 1e-05 0.00395323 0.0474287 37.1793 11.7022 1.72016 -13.4224 12.4104 4.08846 14.5956 -0.251326 0 0 0 0.546024 0.583249 -0.0030275 0.00384633 0.010237 0.387419 0.347104 0.427814 0.126725 0.117393 0.132956 0.157207 0.145129 0.16518 0 0 0 0 0 0 0.501653 0.578466 0.00863145 0.357332 5.49095 0 1.56704 0 1.76147 0 0.197515 0.401609 0.353988 1.00343 1 1 1.00436 1.0037 0.00241188 0.00304038 0
900 20.4545 204.545 0.194215 0.222637 0.194453 0.930689 0.929142 1.17217 0.392179 0.390836 0.345926 0.345926 0.344215 0.342324 0.094536 0.283574 1 1e-05 0.00397671 0.0475868 36.9874 11.5649 1.70656 -13.2715 12.264 4.04301 14.4317 -0.237788 0 0 0 0.545948 0.583169 -0.00300508 0.00383376 0.0101608 0.383613 0.343586 0.42434 0.127732 0.1183 0.134055 0.158444 0.146242 0.166551 0 0 0 0 0 0 0.501653 0.578466 0.00908329 0.356705 5.42631 0 1.54292 0 1.73468 0 0.194215 0.392209 0.345926 1.00344 1 1 1.00437 1.00371 0.00237948 0.00299973 0
910 20.6818 206.818 0.191012 0.218584 0.191245 0.903393 0.902192 1.14139 0.383117 0.381804 0.33812 0.33812 0.336458 0.334625 0.0924447 0.283983 1 1e-05 0.00400002 0.0477432 36.7986 11.4301 1.69362 -13.1237 12.1208 3.99891 14.2708 -0.230122 0 0 0 0.546071 0.583304 -0.00301696 0.0038522 0.0100908 0.379879 0.340123 0.420923 0.128728 0.119196 0.135145 0.159666 0.147341 0.167907 0 0 0 0 0 0 0.501653 0.578466 0.0101606 0.355979 5.36324 0 1.51966 0 1.71151 0 0.191012 0.383147 0.33812 1.00344 1 1 1.00437 1.00372 0.0023452 0.00295599 0
920 20.9091 209.091 0.187911 0.21465 0.188135 0.875594 0.873173 1.10774 0.374287 0.373005 0.330581 0.330581 0.328962 0.32718 0.0904414 0.285157 1 1e-05 0.00402341 0.0479058 36.6201 11.298 1.68114 -12.9791 11.9808 3.95668 14.1136 -0.224971 0 0 0 0.54638 0.58355 -0.0030319 0.00388667 0.0100332 0.376192 0.336758 0.417582 0.129712 0.120081 0.136224 0.160874 0.148427 0.16925 0 0 0 0 0 0 0.501653 0.578466 0.00885775 0.354352 5.30108 0 1.49539 0 1.68458 0 0.187911 0.374316 0.330581 1.00344 1 1 1.00437 1.00373 0.00231407 0.00291751 0
930 21.1364 211.364 0.184888 0.210835 0.185104 0.853506 0.851366 1.07431 0.365741 0.364488 0.323275 0.323275 0.321701 0.319968 0.0884966 0.286114 1 1e-05 0.00404671 0.0480648 36.4414 11.1685 1.66815 -12.8367 11.844 3.91519 13.9591 -0.217152 0 0 0 0.546579 0.583708 -0.00305121 0.00393102 0.00999297 0.372586 0.33345 0.41432 0.130685 0.120956 0.137292 0.162067 0.1495 0.17058 0 0 0 0 0 0 0.501653 0.578466 0.00805262 0.354714 5.24021 0 1.47193 0 1.65929 0 0.184888 0.36577 0.323275 1.00344 1 1 1.00437 1.00374 0.00228116 0.00287723 0
940 21.3636 213.636 0.181957 0.20712 0.182167 0.827053 0.82536 1.04624 0.357465 0.35624 0.316183 0.316183 0.314651 0.312966 0.0866058 0.286697 1 1e-05 0.00406993 0.0482271 36.2704 11.0424 1.65376 -12.6962 11.7101 3.87447 13.8073 -0.204471 0 0 0 0.546748 0.583868 -0.00307435 0.00397356 0.00994601 0.369063 0.330178 0.411114 0.131645 0.121821 0.138348 0.163246 0.15056 0.171896 0 0 0 0 0 0 0.501653 0.578466 0.00550744 0.35426 5.18058 0 1.44878 0 1.63224 0 0.181957 0.357492 0.316183 1.00344 1 1 1.00437 1.00375 0.00225147 0.00283853 0
950 21.5909 215.909 0.179118 0.203507 0.179323 0.801019 0.799199 1.01725 0.349522 0.348324 0.309311 0.309311 0.307821 0.306181 0.0847579 0.288139 1 1e-05 0.00409286 0.0483851 36.1006 10.9176 1.64137 -12.559 11.5775 3.83595 13.6593 -0.199796 0 0 0 0.547093 0.584216 -0.00308687 0.00401875 0.00989785 0.365618 0.326954 0.40797 0.132595 0.122676 0.139395 0.164412 0.151607 0.173199 0 0 0 0 0 0 0.501653 0.578466 0.0056742 0.354265 5.1227 0 1.43049 0 1.61044 0 0.179118 0.349547 0.309311 1.00344 1 1 1.00437 1.00377 0.00222075 0.00279962 0
960 21.8182 218.182 0.176357 0.199994 0.176555 0.77933 0.777566 0.989505 0.341822 0.340651 0.302643 0.302643 0.301191 0.299595 0.0829635 0.289045 1 1e-05 0.00411572 0.0485424 35.9337 10.796 1.62869 -12.4247 11.4478 3.79756 13.514 -0.193619 0 0 0 0.547202 0.584345 -0.00308005 0.00404524 0.00984786 0.362227 0.323793 0.404891 0.133533 0.12352 0.140433 0.165563 0.152642 0.17449 0 0 0 0 0 0 0.501653 0.578466 0.00523533 0.355513 5.06596 0 1.41265 0 1.59194 0 0.176357 0.341846 0.302643 1.00344 1 1 1.00437 1.00378 0.00219157 0.00276369 0
970 22.0455 220.455 0.173682 0.196553 0.173873 0.755388 0.753438 0.968997 0.334327 0.333181 0.296177 0.296177 0.294764 0.293214 0.0812298 0.290597 1 1e-05 0.0041386 0.0487046 35.7754 10.6753 1.61804 -12.2934 11.3198 3.75929 13.3724 -0.182546 0 0 0 0.547325 0.584453 -0.0030728 0.00404291 0.00978692 0.358879 0.320677 0.401842 0.134462 0.124355 0.14146 0.166702 0.153665 0.175769 0 0 0 0 0 0 0.501653 0.578466 0.00555373 0.354452 5.01011 0 1.394 0 1.56959 0 0.173682 0.33435 0.296177 1.00344 1 1 1.00437 1.00379 0.00216245 0.00272629 0
980 22.2727 222.727 0.171078 0.193205 0.171262 0.735143 0.733166 0.942728 0.327027 0.325905 0.289919 0.289919 0.288541 0.287032 0.0795606 0.291313 1 1e-05 0.00416151 0.0488699 35.6234 10.5579 1.60628 -12.1641 11.1958 3.72238 13.2327 -0.179733 0 0 0 0.5472 0.584317 -0.00305943 0.0040156 0.00970796 0.355599 0.317609 0.398853 0.13538 0.125179 0.142476 0.167828 0.154676 0.177035 0 0 0 0 0 0 0.501653 0.578466 0.00536948 0.353758 4.9551 0 1.37584 0 1.54865 0 0.171078 0.327049 0.289919 1.00344 1 1 1.00437 1.0038 0.00213665 0.00269212 0
990 22.5 225 0.168529 0.189959 0.168707 0.719482 0.717729 0.914091 0.319996 0.318898 0.283834 0.283834 0.282493 0.281025 0.0779235 0.292847 1 1e-05 0.00418418 0.0490312 35.471 10.4423 1.59527 -12.0375 11.0731 3.68478 13.0965 -0.176382 0 0 0 0.547065 0.584151 -0.00304084 0.00400063 0.00962833 0.352381 0.314617 0.39593 0.136287 0.125993 0.143482 0.16894 0.155675 0.17829 0 0 0 0 0 0 0.501653 0.578466 0.00378162 0.35121 4.90154 0 1.35471 0 1.52599 0 0.168529 0.320017 0.283834 1.00344 1 1 1.00437 1.00381 0.00210652 0.00265571 0
1000 22.7273 227.273 0.166043 0.18681 0.166217 0.701251 0.70012 0.886711 0.313117 0.312043 0.277937 0.277937 0.27663 0.275201 0.076351 0.293302 1 1e-05 0.00420698 0.0491968 35.3248 10.3293 1.58352 -11.9129 10.9535 3.64983 12.9622 -0.174796 0 0 0 0.54679 0.583769 -0.00303501 0.0039861 0.00956933 0.349214 0.311691 0.393088 0.137184 0.126798 0.144478 0.170041 0.156663 0.179532 0 0 0 0 0 0 0.501653 0.578466 0.00425165 0.35025 4.84858 0 1.33913 0 1.50683 0 0.166043 0.313138 0.277937 1.00344 1 1 1.00437 1.00382 0.00207941 0.00262229 0
1010 22.9545 229.545 0.163607 0.183746 0.163776 0.687368 0.685987 0.862909 0.306424 0.305372 0.272194 0.272194 0.27092 0.269527 0.0748184 0.293847 1 1e-05 0.00422977 0.0493612 35.1792 10.2196 1.57078 -11.7904 10.8368 3.61532 12.8291 -0.173691 0 0 0 0.546288 0.583215 -0.00302741 0.00398247 0.00950836 0.346112 0.308815 0.390295 0.13807 0.127595 0.145466 0.171128 0.157639 0.180763 0 0 0 0 0 0 0.501653 0.578466 0.00488874 0.350451 4.79647 0 1.32078 0 1.48674 0 0.163607 0.306443 0.272194 1.00344 1 1 1.00437 1.00383 0.00205366 0.00258924 0
1020 23.1818 231.818 0.16124 0.180766 0.161404 0.668075 0.666532 0.839093 0.300044 0.299014 0.266604 0.266604 0.265366 0.264011 0.0732988 0.295004 1 1e-05 0.00425207 0.0495176 35.0315 10.1111 1.5592 -11.6703 10.7221 3.57857 12.699 -0.162576 0 0 0 0.545768 0.582683 -0.00300595 0.00396364 0.00947338 0.343062 0.306002 0.38756 0.138948 0.128382 0.146444 0.172204 0.158604 0.181983 0 0 0 0 0 0 0.501653 0.578466 0.00477211 0.350822 4.74628 0 1.29986 0 1.46434 0 0.16124 0.300062 0.266604 1.00344 1 1 1.00438 1.00384 0.00202448 0.00255336 0
1030 23.4091 234.091 0.158938 0.177849 0.159095 0.650033 0.648296 0.821343 0.293692 0.292684 0.261167 0.261167 0.259959 0.258638 0.0718502 0.296035 1 1e-05 0.00427488 0.0496865 34.8958 10.0034 1.54866 -11.552 10.6081 3.54411 12.5717 -0.162384 0 0 0 0.545373 0.58236 -0.00297755 0.00392991 0.00946681 0.340049 0.303239 0.384852 0.139815 0.129161 0.147413 0.173268 0.159559 0.183192 0 0 0 0 0 0 0.501653 0.578466 0.00550284 0.350475 4.69577 0 1.28643 0 1.44772 0 0.158938 0.293709 0.261167 1.00344 1 1 1.00438 1.00384 0.00199922 0.00252134 0
1040 23.6364 236.364 0.156685 0.174992 0.156837 0.635926 0.634364 0.804485 0.287518 0.286531 0.255893 0.255893 0.254714 0.253425 0.0704481 0.297792 1 1e-05 0.00429765 0.0498538 34.7604 9.89823 1.53762 -11.4359 10.4966 3.50969 12.4468 -0.157097 0 0 0 0.545147 0.582127 -0.00294125 0.00390501 0.0094772 0.337074 0.300516 0.382173 0.140673 0.129931 0.148373 0.17432 0.160502 0.184389 0 0 0 0 0 0 0.501653 0.578466 0.00670673 0.350575 4.64614 0 1.26946 0 1.43096 0 0.156685 0.287534 0.255893 1.00344 1 1 1.00438 1.00385 0.00197561 0.002491 0
1050 23.8636 238.636 0.154495 0.172213 0.154642 0.618004 0.616848 0.782698 0.281621 0.280654 0.250793 0.250793 0.249647 0.248397 0.0690784 0.298634 1 1e-05 0.00431997 0.0500151 34.6249 9.7958 1.52643 -11.3222 10.3882 3.47789 12.324 -0.151728 0 0 0 0.545157 0.58201 -0.00290917 0.00388152 0.00949343 0.334139 0.297849 0.379556 0.141521 0.130692 0.149323 0.17536 0.161435 0.185576 0 0 0 0 0 0 0.501653 0.578466 0.00653019 0.351101 4.59825 0 1.25214 0 1.4123 0 0.154495 0.281637 0.250793 1.00344 1 1 1.00438 1.00386 0.00194635 0.0024561 0
1060 24.0909 240.909 0.152366 0.16951 0.15251 0.600622 0.599352 0.761099 0.275875 0.274928 0.245845 0.245845 0.244727 0.24351 0.0677531 0.29962 1 1e-05 0.00434229 0.0501793 34.4953 9.69433 1.51705 -11.2114 10.2809 3.44785 12.2042 -0.145521 0 0 0 0.545549 0.582332 -0.00286894 0.00384589 0.00949344 0.331288 0.295209 0.376987 0.142359 0.131444 0.150264 0.176389 0.162358 0.186752 0 0 0 0 0 0 0.501653 0.578466 0.0053385 0.352008 4.5511 0 1.23011 0 1.39001 0 0.152366 0.275892 0.245845 1.00344 1 1 1.00438 1.00387 0.00192258 0.00242551 0
1070 24.3182 243.182 0.150293 0.166891 0.150432 0.585089 0.583822 0.737518 0.270285 0.269357 0.241049 0.241049 0.239961 0.238777 0.0664734 0.300569 1 1e-05 0.00436458 0.0503441 34.369 9.59669 1.50563 -11.1023 10.1773 3.41683 12.0861 -0.141926 0 0 0 0.546094 0.582849 -0.00282224 0.00380978 0.00948655 0.328501 0.292628 0.374483 0.143189 0.132187 0.151196 0.177407 0.16327 0.187918 0 0 0 0 0 0 0.501653 0.578466 0.00682195 0.35271 4.50475 0 1.20967 0 1.36809 0 0.150293 0.2703 0.241049 1.00345 1 1 1.00438 1.00388 0.00189802 0.00239297 0
1080 24.5455 245.455 0.148263 0.16434 0.148397 0.572987 0.571707 0.718459 0.264847 0.263938 0.236379 0.236379 0.235318 0.234162 0.0652251 0.301414 1 1e-05 0.00438681 0.0505095 34.2453 9.49969 1.49586 -10.9955 10.074 3.38628 11.9713 -0.13957 0 0 0 0.546768 0.5835 -0.00276634 0.00376504 0.0094822 0.325754 0.290095 0.372033 0.144008 0.132921 0.152121 0.178414 0.164173 0.189074 0 0 0 0 0 0 0.501653 0.578466 0.0076462 0.35179 4.45921 0 1.196 0 1.35348 0 0.148263 0.264862 0.236379 1.00345 1 1 1.00438 1.00389 0.00187349 0.00236335 0
1090 24.7727 247.727 0.146278 0.161846 0.146409 0.559905 0.558947 0.702358 0.25957 0.258679 0.231825 0.231825 0.230793 0.229671 0.0640033 0.30156 1 1e-05 0.00440894 0.0506741 34.1237 9.40541 1.48478 -10.8902 9.97379 3.35533 11.8572 -0.134064 0 0 0 0.547087 0.583905 -0.00270126 0.00371807 0.00947744 0.323043 0.287586 0.369633 0.144819 0.133648 0.153037 0.179411 0.165066 0.19022 0 0 0 0 0 0 0.501653 0.578466 0.00720866 0.34975 4.41456 0 1.18304 0 1.33873 0 0.146278 0.259584 0.231825 1.00345 1 1 1.00438 1.00389 0.00184783 0.00233022 0
1100 25 250 0.144344 0.159412 0.144471 0.545685 0.544535 0.685412 0.254395 0.253521 0.227413 0.227413 0.226405 0.22531 0.0628323 0.302239 1 1e-05 0.00443119 0.0508442 34.0089 9.31273 1.47482 -10.7876 9.87513 3.32453 11.7463 -0.134898 0 0 0 0.547247 0.58416 -0.00263874 0.00367169 0.00946234 0.320384 0.285114 0.36727 0.145621 0.134367 0.153946 0.180397 0.165949 0.191356 0 0 0 0 0 0 0.501653 0.578466 0.00561702 0.349065 4.37033 0 1.17016 0 1.32301 0 0.144344 0.254409 0.227413 1.00345 1 1 1.00438 1.0039 0.00182645 0.00230365 0
1110 25.2273 252.273 0.142444 0.157037 0.142566 0.536421 0.535046 0.668611 0.249387 0.248531 0.223109 0.223109 0.222129 0.221064 0.0616823 0.30269 1 1e-05 0.00445328 0.0510097 33.8919 9.22111 1.46524 -10.6864 9.77808 3.29437 11.6368 -0.132381 0 0 0 0.547343 0.58433 -0.00258826 0.00364231 0.00944482 0.317767 0.282701 0.364937 0.146416 0.135079 0.154846 0.181372 0.166823 0.192483 0 0 0 0 0 0 0.501653 0.578466 0.00382002 0.34838 4.3271 0 1.15612 0 1.3056 0 0.142444 0.249401 0.223109 1.00345 1 1 1.00438 1.00391 0.00180153 0.00227184 0
1120 25.4545 254.545 0.14059 0.154732 0.140707 0.523596 0.522203 0.649041 0.244541 0.243701 0.218938 0.218938 0.217981 0.216941 0.060566 0.30327 1 1e-05 0.00447518 0.0511714 33.7747 9.13197 1.45507 -10.587 9.68367 3.26501 11.5293 -0.129314 0 0 0 0.54736 0.584381 -0.00256438 0.00363373 0.00943842 0.31522 0.280331 0.362651 0.147202 0.135782 0.155739 0.182337 0.167687 0.1936 0 0 0 0 0 0 0.501653 0.578466 0.00564167 0.347783 4.28485 0 1.13985 0 1.28858 0 0.14059 0.244554 0.218938 1.00345 1 1 1.00438 1.00392 0.00178092 0.00224531 0
1130 25.6818 256.818 0.13878 0.152479 0.138892 0.510952 0.509725 0.634585 0.239894 0.23907 0.214886 0.214886 0.213954 0.212943 0.0594689 0.303556 1 1e-05 0.0044967 0.0513285 33.6572 9.04474 1.44532 -10.4901 9.59116 3.23575 11.4239 -0.125087 0 0 0 0.54731 0.584327 -0.00253723 0.0036326 0.00942611 0.312721 0.277979 0.360404 0.147979 0.136478 0.156624 0.183292 0.168542 0.194708 0 0 0 0 0 0 0.501653 0.578466 0.00533363 0.349006 4.24394 0 1.12425 0 1.27203 0 0.13878 0.239906 0.214886 1.00345 1 1 1.00438 1.00392 0.00175683 0.00221473 0
1140 25.9091 259.091 0.137009 0.150297 0.137117 0.499838 0.498785 0.614408 0.235277 0.234469 0.210962 0.210962 0.210049 0.209059 0.05843 0.304132 1 1e-05 0.0045186 0.0514935 33.5467 8.95891 1.43682 -10.3957 9.49984 3.20776 11.3214 -0.123291 0 0 0 0.547136 0.584066 -0.00251306 0.00364329 0.00940251 0.310277 0.275675 0.358225 0.148749 0.137165 0.157501 0.184238 0.169388 0.195807 0 0 0 0 0 0 0.501653 0.578466 0.00614064 0.349074 4.2029 0 1.10846 0 1.25298 0 0.137009 0.235289 0.210962 1.00345 1 1 1.00438 1.00393 0.0017387 0.00219139 0
1150 26.1364 261.364 0.135284 0.148163 0.13539 0.486407 0.485512 0.601024 0.230924 0.230131 0.207154 0.207154 0.206266 0.2053 0.0573968 0.305155 1 1e-05 0.00453974 0.051644 33.4296 8.87579 1.42695 -10.3027 9.41139 3.17963 11.2205 -0.117502 0 0 0 0.546943 0.583753 -0.00247958 0.00364981 0.00937279 0.307853 0.273402 0.356095 0.14951 0.137845 0.158371 0.185173 0.170226 0.196896 0 0 0 0 0 0 0.501653 0.578466 0.00668613 0.348936 4.16384 0 1.0965 0 1.24043 0 0.135284 0.230935 0.207154 1.00345 1 1 1.00438 1.00394 0.00171484 0.00216302 0
1160 26.3636 263.636 0.133602 0.146068 0.133704 0.474826 0.473799 0.589751 0.226686 0.225907 0.203447 0.203447 0.202579 0.201638 0.0563905 0.305864 1 1e-05 0.00456081 0.0517958 33.3161 8.79391 1.41719 -10.2111 9.32435 3.15217 11.1213 -0.113781 0 0 0 0.54682 0.58358 -0.00243939 0.00366318 0.0093605 0.30547 0.271151 0.35398 0.150264 0.138518 0.159234 0.186099 0.171054 0.197977 0 0 0 0 0 0 0.501653 0.578466 0.00710602 0.347477 4.12546 0 1.08129 0 1.22372 0 0.133602 0.226697 0.203447 1.00345 1 1 1.00438 1.00395 0.00169424 0.00213728 0
1170 26.5909 265.909 0.131959 0.144025 0.132058 0.463554 0.462546 0.575532 0.222522 0.221757 0.199827 0.199827 0.198979 0.198059 0.0554134 0.307049 1 1e-05 0.00458201 0.0519505 33.2067 8.71334 1.40731 -10.1207 9.23873 3.12565 11.0234 -0.110392 0 0 0 0.546508 0.583203 -0.00240431 0.00367926 0.00934074 0.303119 0.268952 0.351899 0.15101 0.139185 0.160089 0.187016 0.171874 0.19905 0 0 0 0 0 0 0.501653 0.578466 0.00689316 0.347495 4.08738 0 1.06599 0 1.20593 0 0.131959 0.222532 0.199827 1.00345 1 1 1.00438 1.00395 0.00167621 0.00211349 0
1180 26.8182 268.182 0.130358 0.14203 0.130454 0.451666 0.450845 0.561632 0.218524 0.217773 0.196314 0.196314 0.195486 0.194589 0.0544565 0.307684 1 1e-05 0.00460282 0.0521002 33.097 8.63386 1.39792 -10.0318 9.15457 3.09984 10.9278 -0.105347 0 0 0 0.546198 0.582832 -0.00238511 0.00369165 0.00931087 0.300806 0.26679 0.349856 0.151747 0.139846 0.160936 0.187923 0.172686 0.200114 0 0 0 0 0 0 0.501653 0.578466 0.0060737 0.346986 4.05051 0 1.05314 0 1.19213 0 0.130358 0.218535 0.196314 1.00345 1 1 1.00438 1.00396 0.00165615 0.00208803 0
1190 27.0455 270.455 0.128797 0.140078 0.12889 0.4404 0.439549 0.549825 0.214652 0.213914 0.1929 0.1929 0.192091 0.191217 0.0535243 0.309082 1 1e-05 0.00462344 0.0522485 32.9894 8.55564 1.38952 -9.94516 9.07188 3.07501 10.834 -0.100959 0 0 0 0.545965 0.582584 -0.00235769 0.00370008 0.00929989 0.298533 0.264655 0.347837 0.152478 0.140499 0.161777 0.188822 0.173489 0.201169 0 0 0 0 0 0 0.501653 0.578466 0.00512051 0.347662 4.01446 0 1.04117 0 1.17823 0 0.128797 0.214662 0.1929 1.00345 1 1 1.00438 1.00397 0.00163718 0.00206353 0
1200 27.2727 272.727 0.127276 0.138161 0.127365 0.429355 0.428459 0.53976 0.210835 0.21011 0.189572 0.189572 0.188781 0.187925 0.0526234 0.309746 1 1e-05 0.00464423 0.0524015 32.887 8.47988 1.37969 -9.85957 8.99145 3.04929 10.7414 -0.0990573 0 0 0 0.545924 0.582632 -0.0023408 0.00371432 0.00929248 0.296303 0.262559 0.345816 0.153201 0.141146 0.16261 0.189711 0.174285 0.202216 0 0 0 0 0 0 0.501653 0.578466 0.00616891 0.347914 3.9786 0 1.03041 0 1.16699 0 0.127276 0.210844 0.189572 1.00345 1 1 1.00438 1.00397 0.00161973 0.00204169 0
1210 27.5 275 0.125785 0.136289 0.125872 0.420492 0.419736 0.527245 0.207153 0.206441 0.186321 0.186321 0.185547 0.184711 0.0517342 0.310853 1 1e-05 0.00466473 0.0525484 32.7824 8.40435 1.37082 -9.77517 8.91138 3.02429 10.6507 -0.0978811 0 0 0 0.545974 0.582879 -0.00233652 0.00372351 0.00928907 0.294114 0.260492 0.343829 0.153917 0.141786 0.163437 0.190592 0.175072 0.203255 0 0 0 0 0 0 0.501653 0.578466 0.00674866 0.347773 3.94371 0 1.01997 0 1.15602 0 0.125785 0.207162 0.186321 1.00345 1 1 1.00438 1.00398 0.00160221 0.00201852 0
1220 27.7273 277.273 0.124325 0.134453 0.124408 0.412289 0.411283 0.516818 0.203581 0.202881 0.183141 0.183141 0.182385 0.181568 0.0508583 0.311762 1 1e-05 0.00468505 0.0526926 32.6782 8.33021 1.36168 -9.69189 8.83305 3.00007 10.5606 -0.0956292 0 0 0 0.545952 0.583065 -0.00233673 0.00371247 0.00929561 0.291953 0.258449 0.341868 0.154626 0.142419 0.164257 0.191464 0.175851 0.204286 0 0 0 0 0 0 0.501653 0.578466 0.00615092 0.347958 3.90956 0 1.00856 0 1.14313 0 0.124325 0.20359 0.183141 1.00345 1 1 1.00438 1.00398 0.00158256 0.00199491 0
1230 27.9545 279.545 0.122893 0.132662 0.122973 0.404162 0.403315 0.504541 0.200067 0.199379 0.180037 0.180037 0.179298 0.178501 0.0500096 0.312639 1 1e-05 0.00470549 0.0528424 32.5796 8.25693 1.35287 -9.6098 8.75553 2.97589 10.4724 -0.0949539 0 0 0 0.545892 0.583243 -0.00233222 0.00369391 0.00930723 0.289833 0.256432 0.339945 0.155327 0.143045 0.16507 0.192328 0.176623 0.205309 0 0 0 0 0 0 0.501653 0.578466 0.00597915 0.347682 3.87567 0 0.997336 0 1.13213 0 0.122893 0.200076 0.180037 1.00345 1 1 1.00438 1.00399 0.00156614 0.001973 0
1240 28.1818 281.818 0.121491 0.130905 0.121568 0.395563 0.394593 0.494559 0.196624 0.195948 0.177017 0.177017 0.176293 0.175512 0.0491878 0.31357 1 1e-05 0.00472596 0.0529946 32.4847 8.18443 1.34527 -9.52969 8.67877 2.95342 10.3859 -0.0900971 0 0 0 0.54592 0.583487 -0.00232877 0.00368299 0.00932447 0.287748 0.254439 0.338042 0.156022 0.143666 0.165876 0.193184 0.177387 0.206324 0 0 0 0 0 0 0.501653 0.578466 0.00618111 0.34703 3.84218 0 0.984655 0 1.11847 0 0.121491 0.196632 0.177017 1.00345 1 1 1.00438 1.004 0.00154948 0.00195244 0
1250 28.4091 284.091 0.120121 0.129188 0.120194 0.386784 0.386008 0.483724 0.193305 0.19264 0.174064 0.174064 0.173356 0.172593 0.0483755 0.314726 1 1e-05 0.00474612 0.0531411 32.388 8.11317 1.33722 -9.45039 8.60349 2.93039 10.3006 -0.0909616 0 0 0 0.54596 0.583694 -0.00231844 0.00367816 0.00934557 0.285691 0.25248 0.33617 0.15671 0.14428 0.166676 0.194031 0.178143 0.207331 0 0 0 0 0 0 0.501653 0.578466 0.00685819 0.347165 3.80961 0 0.975813 0 1.10934 0 0.120121 0.193313 0.174064 1.00345 1 1 1.00438 1.004 0.00153337 0.00193105 0
1260 28.6364 286.364 0.118772 0.127511 0.118843 0.380531 0.379856 0.472011 0.190069 0.189416 0.171177 0.171177 0.170485 0.169741 0.0475787 0.314978 1 1e-05 0.00476619 0.0532839 32.2898 8.04301 1.32935 -9.37236 8.52962 2.90784 10.2162 -0.0896881 0 0 0 0.545969 0.583795 -0.00229247 0.00367448 0.00935287 0.283661 0.25056 0.334334 0.157391 0.144888 0.167469 0.19487 0.178892 0.208331 0 0 0 0 0 0 0.501653 0.578466 0.00605293 0.347445 3.77759 0 0.964051 0 1.09566 0 0.118772 0.190077 0.171177 1.00345 1 1 1.00438 1.00401 0.00151503 0.00190831 0
1270 28.8636 288.636 0.117454 0.125872 0.117522 0.371906 0.371005 0.461645 0.186886 0.186243 0.168363 0.168363 0.167685 0.166956 0.0468082 0.316578 1 1e-05 0.00478636 0.0534327 32.1978 7.97399 1.32121 -9.29521 8.45687 2.88515 10.1334 -0.0853062 0 0 0 0.546073 0.583952 -0.00226873 0.00367167 0.00936029 0.281649 0.248679 0.332531 0.158065 0.145491 0.168255 0.195702 0.179633 0.209323 0 0 0 0 0 0 0.501653 0.578466 0.00652215 0.34666 3.74582 0 0.951201 0 1.08306 0 0.117454 0.186893 0.168363 1.00345 1 1 1.00438 1.00401 0.00149968 0.00188865 0
1280 29.0909 290.909 0.116165 0.12427 0.11623 0.363854 0.362894 0.451184 0.18379 0.183158 0.165617 0.165617 0.164955 0.164242 0.0460547 0.316752 1 1e-05 0.00480639 0.0535798 32.1067 7.90587 1.31363 -9.2195 8.38475 2.86461 10.052 -0.0848639 0 0 0 0.54635 0.584265 -0.00224291 0.00367263 0.00935813 0.27967 0.246843 0.330746 0.158733 0.146088 0.169034 0.196526 0.180367 0.210308 0 0 0 0 0 0 0.501653 0.578466 0.00603048 0.345605 3.71467 0 0.939747 0 1.07012 0 0.116165 0.183797 0.165617 1.00345 1 1 1.00438 1.00402 0.00148352 0.001868 0
1290 29.3182 293.182 0.114899 0.1227 0.114961 0.357384 0.356655 0.442012 0.180803 0.180182 0.162931 0.162931 0.162282 0.161584 0.0453087 0.318221 1 1e-05 0.00482612 0.0537214 32.0135 7.83859 1.30648 -9.14507 8.31362 2.84337 9.97194 -0.0825623 0 0 0 0.546524 0.584406 -0.00222019 0.00366868 0.009358 0.277721 0.245037 0.328981 0.159394 0.146679 0.169808 0.197342 0.181095 0.211285 0 0 0 0 0 0 0.501653 0.578466 0.00564476 0.345411 3.68436 0 0.932137 0 1.06297 0 0.114899 0.18081 0.162931 1.00345 1 1 1.00438 1.00402 0.00146734 0.00184804 0
1300 29.5455 295.455 0.113663 0.121158 0.113722 0.348848 0.348059 0.43418 0.177846 0.177235 0.160302 0.160302 0.159668 0.158986 0.0445855 0.318139 1 1e-05 0.00484605 0.0538681 31.9253 7.77304 1.29848 -9.07152 8.24471 2.82184 9.89206 -0.0807458 0 0 0 0.54664 0.584444 -0.00220959 0.00366858 0.00934626 0.275804 0.243252 0.327227 0.160049 0.147265 0.170577 0.19815 0.181815 0.212256 0 0 0 0 0 0 0.501653 0.578466 0.00480487 0.346177 3.65411 0 0.919407 0 1.04709 0 0.113663 0.177853 0.160302 1.00345 1 1 1.00438 1.00403 0.00145086 0.00182724 0
