160 3.63636 36.3636 1.13765 1.15261 1.13771 0 0 0 3.11117 3.1062 2.7321 2.7321 2.71844 2.69477 0.744542 0.304196 1 0.0001 0.00236628 0.0410054 77.534 32.1261 5.58927 -37.7153 34.0084 11.6446 40.9181 -0.0968482 0 0 0 0.552562 0.588779 -0.00403687 0.00235339 -0.00335081 0.877749 0.840949 0.909719 0.00249706 0.00239337 0.00259269 0.00311937 0.00298886 0.00323289 0 0 0 0 0 0 0.499302 0.576561 -0.00235322 0.395912 15.2976 0 1.50013 0 2.06256 0 1.13765 3.11236 2.7321 1.0016 1 1.00003 1.00203 1.0019 0.00651172 0.00820565 0
170 3.86364 38.6364 1.11318 1.14533 1.11484 6.44175 6.89058 2.05043 3.05324 3.04806 2.67882 2.67882 2.66528 2.64211 0.729445 0.301437 1 0.0001 0.0023776 0.0409465 76.5765 31.8574 5.4488 -37.3062 33.7309 11.4925 40.4783 -0.281296 0 0 0 0.548582 0.586127 -0.00399392 0.00230359 -0.00332651 0.874992 0.838047 0.907045 0.00498883 0.00478111 0.00518008 0.0062318 0.00597037 0.00645899 0 0 0 0 0 0 0.499302 0.576561 -0.00154474 0.395504 15.1537 0 2.22869 0 2.67684 0 1.11318 3.05437 2.67882 1.0017 1 1.00003 1.00216 1.00191 0.00649108 0.00817634 0
180 4.09091 40.9091 1.08836 1.13537 1.0914 6.59864 6.98904 2.80628 2.99243 2.98708 2.62279 2.62279 2.60939 2.58676 0.713548 0.298042 1 0.0001 0.00238976 0.0408983 75.6204 31.562 5.31494 -36.877 33.425 11.3462 40.0165 -0.46068 0 0 0 0.541821 0.580687 -0.00395727 0.00226515 -0.00332575 0.871201 0.834069 0.903368 0.0074713 0.00715911 0.00775822 0.00933231 0.00893937 0.00967353 0 0 0 0 0 0 0.499302 0.576561 -0.00123229 0.395316 15.0013 0 2.58105 0 3.00874 0 1.08836 2.99351 2.62279 1.00179 1 1.00003 1.00228 1.00192 0.00646405 0.00814397 0
190 4.31818 43.1818 1.06324 1.12313 1.06749 6.73267 7.07535 3.44522 2.92887 2.92338 2.56419 2.56419 2.55099 2.52902 0.69692 0.294178 1 0.0001 0.00240278 0.0408611 74.6668 31.2441 5.18685 -36.431 33.095 11.1903 39.5344 -0.676166 0 0 0 0.533679 0.573702 -0.00394139 0.00223055 -0.00329992 0.866533 0.829134 0.898845 0.00994175 0.00952443 0.0103245 0.0124175 0.0118922 0.0128732 0 0 0 0 0 0 0.499302 0.576561 -0.000662578 0.394797 14.8405 0 2.84617 0 3.28703 0 1.06324 2.92989 2.56419 1.00188 1 1.00003 1.00239 1.00194 0.0064262 0.00809765 0
200 4.54545 45.4545 1.03776 1.10857 1.04306 6.88163 7.17427 4.09952 2.86166 2.85606 2.50287 2.50287 2.48988 2.46863 0.679662 0.291024 1 0.0001 0.00241692 0.0408413 73.7242 30.9047 5.06465 -35.9694 32.7398 11.0199 39.0306 -0.902981 0 0 0 0.526473 0.56722 -0.0039086 0.00216219 -0.00330195 0.860922 0.823263 0.893421 0.0123976 0.0118743 0.0128763 0.015484 0.0148254 0.0160548 0 0 0 0 0 0 0.499302 0.576561 -0.000834937 0.393372 14.6687 0 3.08015 0 3.54069 0 1.03776 2.86261 2.50287 1.00196 1 1.00003 1.00249 1.00196 0.00638271 0.00804615 0
210 4.77273 47.7273 1.01192 1.09174 1.01808 7.03282 7.27636 4.73963 2.79148 2.7858 2.4388 2.4388 2.42607 2.40557 0.661622 0.288434 1 0.0001 0.00243211 0.0408347 72.782 30.5409 4.94731 -35.4882 32.358 10.8394 38.5029 -1.14898 0 0 0 0.519832 0.561202 -0.00388828 0.00207389 -0.00332636 0.854362 0.816454 0.887106 0.014836 0.014206 0.0154111 0.0185281 0.0177354 0.0192149 0 0 0 0 0 0 0.499302 0.576561 -0.000714498 0.391946 14.4871 0 3.2823 0 3.76695 0 1.01192 2.79236 2.4388 1.00204 1 1.00003 1.00259 1.00199 0.00632718 0.00797934 0
220 5 50 0.98576 1.07277 0.992624 7.16897 7.36653 5.34191 2.71815 2.71241 2.37219 2.37219 2.35974 2.33999 0.642945 0.286328 1 0.0001 0.00244848 0.0408443 71.8457 30.1498 4.83197 -34.9817 31.9456 10.6666 37.9507 -1.38598 0 0 0 0.514784 0.556809 -0.00388076 0.00199132 -0.00337328 0.846889 0.808738 0.879925 0.0172543 0.0165169 0.0179262 0.0215464 0.0206186 0.02235 0 0 0 0 0 0 0.499302 0.576561 -0.0018285 0.390775 14.295 0 3.45729 0 3.95651 0 0.98576 2.71896 2.37219 1.00212 1 1.00003 1.00269 1.00201 0.00627043 0.00790696 0
230 5.22727 52.2727 0.959355 1.05193 0.966771 7.28028 7.43575 5.87024 2.64265 2.63689 2.30343 2.30343 2.29129 2.2723 0.623625 0.284245 1 0.0001 0.00246592 0.0408659 70.9081 29.7361 4.7124 -34.4485 31.5088 10.4956 37.3743 -1.60341 0 0 0 0.511948 0.554251 -0.00386972 0.00188876 -0.0034126 0.838607 0.800206 0.871932 0.01965 0.0188043 0.0204192 0.0245355 0.0234717 0.0254571 0 0 0 0 0 0 0.499302 0.576561 -0.000737541 0.389588 14.0946 0 3.60523 0 4.11741 0 0.959355 2.6434 2.30343 1.00218 1 1.00002 1.00278 1.00204 0.00620361 0.00782373 0
240 5.45455 54.5455 0.932824 1.02956 0.940668 7.35058 7.47102 6.29918 2.56585 2.56009 2.23314 2.23314 2.22133 2.20313 0.603806 0.282203 1 0.0001 0.00248429 0.0408962 69.9666 29.3023 4.6018 -33.9041 31.0505 10.31 36.7827 -1.8096 0 0 0 0.510186 0.552747 -0.00384286 0.00176081 -0.0034754 0.829632 0.790941 0.863274 0.0220209 0.0210661 0.0228879 0.0274925 0.0262919 0.0285332 0 0 0 0 0 0 0.499302 0.576561 0.000729283 0.388753 13.8878 0 3.71812 0 4.23346 0 0.932824 2.56654 2.23314 1.00225 1 1.00002 1.00286 1.00208 0.00613108 0.00772946 0
250 5.68182 56.8182 0.906168 1.00615 0.914363 7.40753 7.50649 6.59324 2.48765 2.4819 2.16189 2.16189 2.15042 2.13299 0.583793 0.280438 1 0.0001 0.0025037 0.0409369 69.0227 28.849 4.50106 -33.3501 30.5717 10.123 36.178 -2.00809 0 0 0 0.508728 0.551639 -0.00382481 0.00163955 -0.00354515 0.820119 0.781166 0.854093 0.0243649 0.0233004 0.0253305 0.030415 0.0290765 0.0315759 0 0 0 0 0 0 0.499302 0.576561 0.000923526 0.387821 13.6741 0 3.80176 0 4.31742 0 0.906168 2.48828 2.16189 1.00231 1 1.00002 1.00294 1.00211 0.00605408 0.00762962 0
260 5.90909 59.0909 0.879536 0.981981 0.888018 7.41885 7.49937 6.80455 2.40859 2.40289 2.09024 2.09024 2.0791 2.06243 0.563751 0.278405 1 0.0001 0.00252411 0.040988 68.08 28.381 4.3979 -32.7789 30.0797 9.94053 35.5596 -2.14175 0 0 0 0.508569 0.551547 -0.00378803 0.00151677 -0.00359441 0.810193 0.770968 0.844487 0.0266807 0.0255054 0.0277454 0.0333011 0.0318237 0.0345834 0 0 0 0 0 0 0.499302 0.576561 0.00119403 0.386443 13.4547 0 3.86374 0 4.3756 0 0.879536 2.40917 2.09024 1.00237 1 1.00002 1.00301 1.00214 0.00597034 0.00752457 0
270 6.13636 61.3636 0.85313 0.957227 0.861814 7.37901 7.43604 6.97093 2.32928 2.32363 2.01885 2.01885 2.00807 1.99213 0.543892 0.276594 1 0.0001 0.00254543 0.0410501 67.1464 27.9095 4.29084 -32.2004 29.5817 9.75407 34.9328 -2.26305 0 0 0 0.508466 0.551508 -0.00376699 0.00136753 -0.00360584 0.79988 0.76042 0.83451 0.0289668 0.0276799 0.0301313 0.0361492 0.0345321 0.037554 0 0 0 0 0 0 0.499302 0.576561 0.000382761 0.386357 13.2309 0 3.9108 0 4.4176 0 0.85313 2.32981 2.01885 1.00243 1 1.00002 1.00309 1.00217 0.0058837 0.00741359 0
280 6.36364 63.6364 0.826995 0.932228 0.835828 7.31747 7.35963 7.03976 2.24981 2.24424 1.94808 1.94808 1.93764 1.92239 0.524377 0.274884 1 0.0001 0.00256772 0.0411243 66.2242 27.429 4.18723 -31.6163 29.0759 9.5706 34.3023 -2.35197 0 0 0 0.508707 0.551855 -0.0037474 0.00123459 -0.00359373 0.789305 0.749654 0.8243 0.0312223 0.0298231 0.0324872 0.0389579 0.0372003 0.0404864 0 0 0 0 0 0 0.499302 0.576561 -0.000254105 0.385742 13.003 0 3.93737 0 4.43469 0 0.826995 2.2503 1.94808 1.00248 1 1.00002 1.00315 1.00221 0.00579732 0.00730529 0
290 6.59091 65.9091 0.801251 0.907125 0.810186 7.22089 7.24946 7.0689 2.17127 2.16579 1.87828 1.87828 1.86818 1.85362 0.505159 0.273208 1 0.0001 0.00259073 0.0412048 65.3079 26.9433 4.08884 -31.0322 28.5641 9.38387 33.6729 -2.41321 0 0 0 0.508631 0.551879 -0.00373319 0.0011256 -0.00358202 0.77851 0.738711 0.813928 0.0334464 0.0319342 0.0348123 0.0417263 0.0398277 0.0433799 0 0 0 0 0 0 0.499302 0.576561 0.000352012 0.384587 12.7737 0 3.95045 0 4.44114 0 0.801251 2.17173 1.87828 1.00253 1 1.00002 1.00321 1.00224 0.00571108 0.00719374 0
300 6.81818 68.1818 0.775988 0.882044 0.784983 7.09731 7.11418 7.06278 2.09403 2.08865 1.80975 1.80975 1.79999 1.78609 0.486322 0.271636 1 0.0001 0.00261438 0.041291 64.3996 26.4556 3.99572 -30.4514 28.0504 9.20073 33.0443 -2.4401 0 0 0 0.508902 0.552345 -0.00371329 0.000995034 -0.00354517 0.767535 0.727656 0.803428 0.0356383 0.0340131 0.0371061 0.0444534 0.0424135 0.0462337 0 0 0 0 0 0 0.499302 0.576561 0.000726353 0.383726 12.5441 0 3.94967 0 4.43306 0 0.775988 2.09446 1.80975 1.00257 1 1.00002 1.00327 1.00228 0.00562104 0.00707909 0
310 7.04545 70.4545 0.7513 0.857177 0.760316 6.94615 6.95217 7.00268 2.01804 2.01277 1.74275 1.74275 1.73331 1.72003 0.467996 0.270063 1 0.0001 0.00263874 0.0413864 63.5087 25.9681 3.90087 -29.8689 27.5367 9.02973 32.4167 -2.4629 0 0 0 0.509677 0.553082 -0.00370523 0.000840402 -0.00349642 0.756515 0.71653 0.792857 0.0377976 0.0360592 0.0393682 0.0471388 0.0449573 0.0490475 0 0 0 0 0 0 0.499302 0.576561 0.00111002 0.382486 12.3141 0 3.94033 0 4.4143 0 0.7513 2.01844 1.74275 1.00262 1 1.00001 1.00333 1.00231 0.00553377 0.00696808 0
320 7.27273 72.7273 0.727173 0.832604 0.736181 6.79629 6.79414 6.91974 1.94385 1.9387 1.67726 1.67726 1.66815 1.65546 0.450066 0.268262 1 0.0001 0.00266364 0.0414855 62.6258 25.4842 3.8052 -29.2894 27.0265 8.85427 31.7917 -2.4655 0 0 0 0.509547 0.553308 -0.00367756 0.000684115 -0.00344437 0.74549 0.705402 0.782215 0.039924 0.0380723 0.0415987 0.0497822 0.047459 0.0518207 0 0 0 0 0 0 0.499302 0.576561 0.00133004 0.382098 12.0854 0 3.92672 0 4.39139 0 0.727173 1.94423 1.67726 1.00266 1 1.00001 1.00338 1.00235 0.00544101 0.0068519 0
330 7.5 75 0.703713 0.808389 0.712685 6.61656 6.60622 6.81873 1.87176 1.86673 1.61356 1.61356 1.60477 1.59267 0.432617 0.26714 1 0.0001 0.002689 0.0415886 61.7562 25.0035 3.71211 -28.7156 26.5193 8.68011 31.1731 -2.44365 0 0 0 0.509677 0.553673 -0.00364145 0.000555566 -0.00340507 0.734493 0.694273 0.771546 0.0420173 0.0400522 0.0437971 0.0523836 0.0499185 0.0545531 0 0 0 0 0 0 0.499302 0.576561 0.00179015 0.38093 11.859 0 3.90049 0 4.35469 0 0.703713 1.87211 1.61356 1.00269 1 1.00001 1.00342 1.00239 0.00534728 0.00673522 0
340 7.72727 77.2727 0.680897 0.784664 0.689825 6.43748 6.4249 6.68119 1.80143 1.79653 1.55172 1.55172 1.54324 1.53168 0.415747 0.267111 1 0.0001 0.00271494 0.0416986 60.9034 24.5242 3.62284 -28.147 26.0149 8.51262 30.5616 -2.4203 0 0 0 0.51083 0.554665 -0.00357661 0.000427989 -0.00336103 0.723608 0.683181 0.760908 0.0440781 0.0419989 0.0459632 0.0549431 0.0523358 0.0572446 0 0 0 0 0 0 0.499302 0.576561 0.00151122 0.379855 11.6339 0 3.86896 0 4.31452 0 0.680897 1.80176 1.55172 1.00273 1 1.00001 1.00347 1.00242 0.00525742 0.00662099 0
350 7.95455 79.5455 0.658757 0.761459 0.667623 6.25187 6.23485 6.53441 1.733 1.72823 1.49173 1.49173 1.48355 1.47254 0.399417 0.267199 1 0.0001 0.00274142 0.0418154 60.0688 24.0507 3.53405 -27.5847 25.5167 8.34219 29.9571 -2.39257 0 0 0 0.511772 0.555304 -0.00351887 0.000267724 -0.00329895 0.712828 0.672152 0.750338 0.0461065 0.0439126 0.048097 0.0574612 0.054711 0.0598953 0 0 0 0 0 0 0.499302 0.576561 0.000573592 0.378908 11.4106 0 3.83222 0 4.26752 0 0.658757 1.73332 1.49173 1.00276 1 1.00001 1.00351 1.00246 0.00516403 0.0065033 0
360 8.18182 81.8182 0.637297 0.738801 0.646088 6.06427 6.04304 6.38058 1.66629 1.66165 1.43357 1.43357 1.4257 1.41519 0.383672 0.267191 1 0.0001 0.00276852 0.0419425 59.258 23.5844 3.44504 -27.0294 25.0267 8.16802 29.359 -2.35354 0 0 0 0.513201 0.556532 -0.00345118 0.000104674 -0.0032273 0.702133 0.66124 0.739846 0.0481027 0.0457932 0.0501988 0.0599382 0.0570445 0.0625054 0 0 0 0 0 0 0.499302 0.576561 0.000416677 0.378773 11.1886 0 3.79478 0 4.22173 0 0.637297 1.66658 1.43357 1.00279 1 1.00001 1.00355 1.00249 0.00507308 0.00638697 0
370 8.40909 84.0909 0.616552 0.716723 0.625253 5.86712 5.84191 6.21701 1.6013 1.5968 1.37726 1.37726 1.36968 1.35966 0.3685 0.266712 1 0.0001 0.00279625 0.0420813 58.4748 23.1224 3.36056 -26.483 24.5425 7.99487 28.7686 -2.30417 0 0 0 0.514623 0.558106 -0.00339178 -7.50843e-05 -0.00314402 0.691545 0.650454 0.729466 0.050067 0.047641 0.0522687 0.0623742 0.0593366 0.0650752 0 0 0 0 0 0 0.499302 0.576561 0.000333325 0.378339 10.9681 0 3.7476 0 4.16703 0 0.616552 1.60158 1.37726 1.00282 1 1.00001 1.00358 1.00253 0.00498002 0.00627073 0
380 8.63636 86.3636 0.596512 0.695285 0.605111 5.67209 5.64307 6.03704 1.53833 1.53396 1.3228 1.3228 1.31551 1.30595 0.353851 0.266026 1 0.0001 0.00282449 0.0422287 57.7142 22.6664 3.27662 -25.943 24.0629 7.83158 28.1855 -2.25425 0 0 0 0.515218 0.55879 -0.00331216 -0.000269319 -0.00306345 0.681116 0.639828 0.719215 0.0519994 0.0494565 0.0543067 0.0647698 0.0615878 0.0676051 0 0 0 0 0 0 0.499302 0.576561 0.00127653 0.37823 10.7502 0 3.70423 0 4.1133 0 0.596512 1.53859 1.3228 1.00284 1 1.00001 1.00361 1.00256 0.00488497 0.00615336 0
390 8.86364 88.6364 0.577175 0.674486 0.585663 5.47661 5.44548 5.85709 1.47734 1.47311 1.27026 1.27026 1.26324 1.25414 0.339769 0.265189 1 0.0001 0.00285325 0.0423855 56.9777 22.2184 3.19285 -25.4112 23.5889 7.67455 27.6122 -2.19715 0 0 0 0.515201 0.558906 -0.00321702 -0.000480271 -0.00298394 0.670831 0.629368 0.709121 0.0539003 0.0512402 0.0563131 0.0671254 0.0637987 0.0700955 0 0 0 0 0 0 0.499302 0.576561 0.00106396 0.377268 10.5348 0 3.65327 0 4.05248 0 0.577175 1.47758 1.27026 1.00287 1 1.00001 1.00364 1.0026 0.00479429 0.00604 0
400 9.09091 90.9091 0.558545 0.654321 0.566919 5.27831 5.24623 5.67823 1.41853 1.41445 1.21968 1.21968 1.21293 1.20424 0.326232 0.263744 1 0.0001 0.00288242 0.0425495 56.2635 21.7768 3.11195 -24.8888 23.1229 7.51926 27.0496 -2.13118 0 0 0 0.515369 0.558927 -0.00312464 -0.000649645 -0.00290833 0.660701 0.619083 0.699181 0.0557703 0.0529926 0.0582884 0.0694417 0.0659699 0.072547 0 0 0 0 0 0 0.499302 0.576561 0.000474312 0.376718 10.3229 0 3.60209 0 3.99332 0 0.558545 1.41876 1.21968 1.00289 1 1.00001 1.00367 1.00263 0.00470411 0.00592803 0
410 9.31818 93.1818 0.540627 0.634785 0.548875 5.08118 5.04552 5.50146 1.3618 1.35785 1.171 1.171 1.1645 1.1562 0.313227 0.262182 1 0.0001 0.00291203 0.042723 55.5756 21.3399 3.0375 -24.3774 22.6637 7.36427 26.4988 -2.06922 0 0 0 0.515735 0.559167 -0.00303882 -0.000813755 -0.00283143 0.65072 0.608964 0.689417 0.0576096 0.0547141 0.0602331 0.071719 0.0681019 0.0749601 0 0 0 0 0 0 0.499302 0.576561 -0.000747949 0.376434 10.1142 0 3.5492 0 3.93269 0 0.540627 1.36201 1.171 1.00291 1 1.00001 1.0037 1.00266 0.00461567 0.00581713 0
420 9.54545 95.4545 0.523376 0.615903 0.531494 4.8943 4.85794 5.31703 1.30712 1.30331 1.12416 1.12416 1.11791 1.10999 0.300736 0.260641 1 0.0001 0.00294205 0.0429042 54.9098 20.9102 2.96656 -23.8768 22.2113 7.21017 25.9598 -2.00843 0 0 0 0.516362 0.559429 -0.00294311 -0.000976077 -0.00275234 0.640938 0.599029 0.67983 0.0594187 0.0564051 0.0621479 0.0739579 0.0701954 0.0773355 0 0 0 0 0 0 0.499302 0.576561 -0.000834843 0.375743 9.90902 0 3.49484 0 3.87015 0 0.523376 1.30732 1.12416 1.00293 1 1.00001 1.00372 1.0027 0.00452689 0.00570835 0
430 9.77273 97.7273 0.50679 0.597643 0.514777 4.70776 4.67059 5.14216 1.25464 1.25096 1.07913 1.07913 1.07313 1.06557 0.288713 0.2592 1 0.0001 0.00297239 0.043091 54.264 20.488 2.89857 -23.3866 21.7671 7.05967 25.4311 -1.94518 0 0 0 0.517344 0.560332 -0.0028333 -0.00111426 -0.00268135 0.63137 0.589274 0.670383 0.0611979 0.058066 0.0640328 0.0761593 0.0722511 0.0796737 0 0 0 0 0 0 0.499302 0.576561 -2.06524e-05 0.374861 9.70796 0 3.44224 0 3.81026 0 0.50679 1.25483 1.07913 1.00294 1 1.00001 1.00374 1.00273 0.00443947 0.00559759 0
440 10 100 0.490847 0.579975 0.498693 4.52922 4.4895 4.97526 1.20402 1.20047 1.03589 1.03589 1.03011 1.0229 0.277208 0.258053 1 0.0001 0.00300318 0.043288 53.644 20.0749 2.83108 -22.906 21.3301 6.91549 24.9133 -1.88163 0 0 0 0.518165 0.560964 -0.00271704 -0.00124237 -0.00259478 0.621962 0.579707 0.6611 0.0629477 0.0596972 0.0658882 0.0783238 0.0742696 0.0819753 0 0 0 0 0 0 0.499302 0.576561 0.000105244 0.374564 9.51003 0 3.39063 0 3.75238 0 0.490847 1.2042 1.03589 1.00296 1 1.00001 1.00376 1.00276 0.00435406 0.00549183 0
450 10.2273 102.273 0.475531 0.562862 0.483227 4.35523 4.31304 4.81897 1.15542 1.152 0.994349 0.994349 0.988806 0.98194 0.266153 0.256552 1 0.0001 0.0030343 0.0434917 53.0449 19.6702 2.76703 -22.4373 20.9014 6.77517 24.4057 -1.81655 0 0 0 0.5184 0.561006 -0.00261602 -0.00137001 -0.00248835 0.612692 0.570319 0.651974 0.0646685 0.0612991 0.0677148 0.0804518 0.0762515 0.0842409 0 0 0 0 0 0 0.499302 0.576561 0.000205902 0.374633 9.31606 0 3.33624 0 3.6912 0 0.475531 1.15559 0.994349 1.00297 1 1.00001 1.00378 1.00279 0.00426714 0.00538171 0
460 10.4545 104.545 0.460828 0.546326 0.468371 4.1833 4.14033 4.65665 1.10874 1.10544 0.954527 0.954527 0.949203 0.94265 0.255575 0.255182 1 0.0001 0.00306578 0.0437035 52.4686 19.2732 2.70901 -21.9822 20.4804 6.63493 23.9111 -1.75409 0 0 0 0.51864 0.561159 -0.00253049 -0.0014751 -0.00240055 0.603579 0.561125 0.643026 0.0663611 0.0628722 0.0695128 0.082544 0.0781975 0.086471 0 0 0 0 0 0 0.499302 0.576561 0.000914566 0.373672 9.12586 0 3.28206 0 3.63112 0 0.460828 1.1089 0.954527 1.00299 1 1.00001 1.00379 1.00282 0.00418424 0.00527578 0
470 10.6818 106.818 0.446721 0.530361 0.454109 4.01625 3.9725 4.49574 1.06404 1.06086 0.916381 0.916381 0.911275 0.905026 0.245434 0.253839 1 0.0001 0.00309751 0.0439212 51.9125 18.8864 2.65113 -21.5375 20.069 6.49817 23.4274 -1.69025 0 0 0 0.519372 0.561877 -0.00245723 -0.0015495 -0.00231958 0.59465 0.552116 0.634256 0.0680258 0.0644174 0.0712829 0.0846009 0.0801083 0.0886663 0 0 0 0 0 0 0.499302 0.576561 0.00124168 0.372701 8.93998 0 3.22827 0 3.56791 0 0.446721 1.06419 0.916381 1.003 1 1.00001 1.00381 1.00285 0.00409973 0.00516873 0
480 10.9091 109.091 0.433189 0.514946 0.440415 3.85623 3.81072 4.34084 1.02121 1.01815 0.879863 0.879863 0.874961 0.868994 0.235736 0.252542 1 0.0001 0.00312951 0.0441451 51.3764 18.5088 2.59269 -21.1015 19.6674 6.36338 22.9547 -1.62717 0 0 0 0.520576 0.562935 -0.00238582 -0.00161433 -0.00224629 0.585903 0.543302 0.625646 0.0696633 0.0659351 0.0730255 0.0866231 0.0819846 0.0908274 0 0 0 0 0 0 0.499302 0.576561 0.00146856 0.372364 8.75815 0 3.1753 0 3.50816 0 0.433189 1.02135 0.879863 1.00301 1 1.00001 1.00382 1.00288 0.00401734 0.00506576 0
490 11.1364 111.364 0.420213 0.500073 0.427275 3.70015 3.65398 4.1882 0.980341 0.977392 0.844893 0.844893 0.840193 0.834501 0.226421 0.252134 1 0.0001 0.00316165 0.0443723 50.8568 18.1364 2.53996 -20.6763 19.2725 6.23326 22.4946 -1.5689 0 0 0 0.521838 0.564013 -0.00232027 -0.00166455 -0.00217398 0.577318 0.534685 0.617222 0.0712738 0.067426 0.074741 0.0886114 0.0838271 0.0929549 0 0 0 0 0 0 0.499302 0.576561 0.000680395 0.371744 8.58107 0 3.11963 0 3.44607 0 0.420213 0.980474 0.844893 1.00302 1 1 1.00383 1.00291 0.00393337 0.00496167 0
500 11.3636 113.636 0.407747 0.485742 0.41465 3.55532 3.51055 4.03565 0.941226 0.938387 0.811426 0.811426 0.806919 0.801484 0.217506 0.252027 1 0.0001 0.00319402 0.0446048 50.3548 17.7695 2.49296 -20.2625 18.8845 6.11142 22.0457 -1.51686 0 0 0 0.522301 0.564601 -0.00225341 -0.00170718 -0.00210992 0.568911 0.526259 0.608995 0.0728574 0.0688905 0.0764298 0.0905664 0.0856366 0.0950495 0 0 0 0 0 0 0.499302 0.576561 -0.000201559 0.371365 8.4081 0 3.06379 0 3.38493 0 0.407747 0.941352 0.811426 1.00303 1 1 1.00384 1.00294 0.00385186 0.00485942 0
510 11.5909 115.909 0.395786 0.471912 0.402529 3.41319 3.36822 3.89452 0.903708 0.900975 0.779416 0.779416 0.775094 0.769906 0.209 0.252975 1 0.0001 0.00322669 0.044845 49.8734 17.411 2.4479 -19.8589 18.5047 5.99173 21.6089 -1.45998 0 0 0 0.522867 0.565126 -0.00218739 -0.00173454 -0.00205483 0.56067 0.518011 0.600947 0.0744147 0.0703293 0.0780925 0.0924886 0.0874138 0.097112 0 0 0 0 0 0 0.499302 0.576561 0.000516432 0.370324 8.23879 0 3.01418 0 3.32912 0 0.395786 0.903825 0.779416 1.00303 1 1 1.00385 1.00296 0.00377117 0.00476054 0
520 11.8182 118.182 0.384312 0.458555 0.390894 3.27649 3.23102 3.76122 0.867819 0.865188 0.74876 0.74876 0.744614 0.739661 0.200847 0.253995 1 0.0001 0.00325956 0.0450906 49.4095 17.0616 2.40239 -19.4639 18.1343 5.87388 21.1817 -1.40576 0 0 0 0.524013 0.566099 -0.00213074 -0.00174769 -0.00201136 0.552584 0.509931 0.59307 0.0759465 0.0717427 0.0797297 0.0943788 0.0891592 0.0991429 0 0 0 0 0 0 0.499302 0.576561 -0.000530046 0.369972 8.07351 0 2.96282 0 3.27253 0 0.384312 0.867929 0.74876 1.00304 1 1 1.00386 1.00299 0.00369323 0.0046631 0
530 12.0455 120.455 0.373291 0.445685 0.379715 3.14789 3.10353 3.62431 0.833462 0.830931 0.719373 0.719373 0.715399 0.710672 0.193022 0.255191 1 0.0001 0.00329266 0.0453419 48.9625 16.7203 2.3573 -19.0776 17.7724 5.76173 20.7627 -1.36039 0 0 0 0.524877 0.566868 -0.00206851 -0.00175184 -0.0019564 0.544684 0.502025 0.585372 0.0774529 0.0731315 0.0813418 0.0962374 0.0908735 0.101143 0 0 0 0 0 0 0.499302 0.576561 -0.000588778 0.369599 7.91206 0 2.91241 0 3.21564 0 0.373291 0.833567 0.719373 1.00305 1 1 1.00387 1.00302 0.00361605 0.00456578 0
540 12.2727 122.727 0.362717 0.433267 0.368983 3.02224 2.97757 3.49694 0.800481 0.798045 0.691243 0.691243 0.687433 0.682918 0.18555 0.256318 1 0.0001 0.00332608 0.0456025 48.5369 16.3872 2.31378 -18.7009 17.4186 5.65066 20.3544 -1.30962 0 0 0 0.525342 0.567229 -0.00201972 -0.00177295 -0.00188671 0.536938 0.494283 0.577855 0.0789347 0.0744958 0.0829293 0.0980651 0.0925574 0.103112 0 0 0 0 0 0 0.499302 0.576561 -0.000213393 0.369011 7.75391 0 2.8637 0 3.15998 0 0.362717 0.800579 0.691243 1.00305 1 1 1.00388 1.00304 0.00354081 0.00447205 0
550 12.5 125 0.352581 0.421269 0.358683 2.90028 2.85448 3.3785 0.768873 0.766529 0.6643 0.6643 0.660647 0.656334 0.178399 0.257394 1 0.0001 0.00335976 0.0458715 48.1314 16.062 2.27018 -18.3322 17.073 5.54222 19.9553 -1.2577 0 0 0 0.525751 0.567557 -0.0019865 -0.0017955 -0.00181463 0.529333 0.486702 0.570497 0.0803923 0.075836 0.0844926 0.0998625 0.0942114 0.105052 0 0 0 0 0 0 0.499302 0.576561 0.000681135 0.368469 7.59926 0 2.81741 0 3.10671 0 0.352581 0.768966 0.6643 1.00306 1 1 1.00389 1.00307 0.00346869 0.00437977 0
560 12.7273 127.273 0.342862 0.409678 0.3488 2.78327 2.73664 3.26404 0.738638 0.736383 0.6385 0.6385 0.634998 0.630876 0.171542 0.258663 1 0.0001 0.00339364 0.0461473 47.7441 15.744 2.22711 -17.9711 16.7358 5.43509 19.5655 -1.21127 0 0 0 0.52619 0.568102 -0.00197645 -0.00179623 -0.0017387 0.521879 0.479265 0.563297 0.0818264 0.0771523 0.0860323 0.10163 0.0958361 0.106963 0 0 0 0 0 0 0.499302 0.576561 0.000983315 0.36839 7.44833 0 2.7682 0 3.05199 0 0.342862 0.738725 0.6385 1.00306 1 1 1.00389 1.00309 0.00339838 0.00428905 0
570 12.9545 129.545 0.333535 0.398489 0.339308 2.6729 2.6267 3.15076 0.709622 0.707453 0.613792 0.613792 0.610432 0.606495 0.16499 0.260041 1 0.0001 0.00342782 0.0464316 47.3753 15.4317 2.18706 -17.6188 16.4053 5.33207 19.1852 -1.17013 0 0 0 0.526604 0.568565 -0.0019636 -0.00178677 -0.00166832 0.514568 0.471985 0.556263 0.0832367 0.0784454 0.0875491 0.103368 0.0974321 0.108846 0 0 0 0 0 0 0.499302 0.576561 0.00125029 0.36779 7.30055 0 2.72148 0 3.00089 0 0.333535 0.709706 0.613792 1.00307 1 1 1.0039 1.00311 0.00333034 0.00420182 0
580 13.1818 131.818 0.324571 0.387706 0.330183 2.56945 2.52416 3.03656 0.681791 0.679704 0.59011 0.59011 0.586887 0.583121 0.158714 0.261397 1 0.0001 0.00346229 0.0467244 47.0243 15.1268 2.14773 -17.2746 16.0824 5.23027 18.8138 -1.12944 0 0 0 0.527278 0.569111 -0.00195139 -0.00177099 -0.00160233 0.507418 0.464889 0.549379 0.0846237 0.079716 0.0890431 0.105078 0.099 0.1107 0 0 0 0 0 0 0.499302 0.576561 0.00162602 0.367876 7.15594 0 2.6742 0 2.94877 0 0.324571 0.68187 0.59011 1.00307 1 1 1.0039 1.00314 0.00326225 0.00411623 0
590 13.4091 134.091 0.315959 0.377318 0.321417 2.46852 2.42509 2.92543 0.655153 0.653145 0.56743 0.56743 0.564338 0.560741 0.1527 0.262903 1 0.0001 0.00349696 0.0470241 46.6891 14.8295 2.10997 -16.9395 15.7673 5.12889 18.4511 -1.09087 0 0 0 0.528096 0.569603 -0.00194106 -0.00174857 -0.00153462 0.500434 0.45796 0.542654 0.0859878 0.0809651 0.0905148 0.10676 0.10054 0.112528 0 0 0 0 0 0 0.499302 0.576561 0.00080051 0.367526 7.01475 0 2.62576 0 2.8952 0 0.315959 0.655228 0.56743 1.00307 1 1 1.0039 1.00316 0.00319557 0.0040318 0
600 13.6364 136.364 0.307683 0.367314 0.312992 2.37247 2.33047 2.81705 0.629696 0.627766 0.545714 0.545714 0.542748 0.539311 0.146932 0.264485 1 0.0001 0.00353179 0.0473281 46.3664 14.5383 2.07481 -16.6131 15.459 5.03111 18.0974 -1.05403 0 0 0 0.52905 0.570223 -0.00192757 -0.00173275 -0.00146896 0.493609 0.451191 0.536101 0.0873294 0.0821929 0.0919644 0.108414 0.102054 0.114328 0 0 0 0 0 0 0.499302 0.576561 0.000521488 0.366993 6.87711 0 2.58195 0 2.84682 0 0.307683 0.62977 0.545714 1.00308 1 1 1.00391 1.00318 0.00313062 0.00394936 0
610 13.8636 138.636 0.299739 0.357654 0.304897 2.27955 2.23713 2.72022 0.605296 0.603439 0.524916 0.524916 0.522071 0.518785 0.141411 0.265898 1 0.0001 0.00356686 0.04764 46.0602 14.2535 2.04161 -16.2951 15.1571 4.93738 17.7521 -1.01536 0 0 0 0.529719 0.570626 -0.00190424 -0.00172113 -0.0014109 0.486926 0.444551 0.529703 0.0886496 0.0833994 0.0933929 0.110041 0.103541 0.116103 0 0 0 0 0 0 0.499302 0.576561 0.00106839 0.36625 6.74254 0 2.53694 0 2.79761 0 0.299739 0.605366 0.524916 1.00308 1 1 1.00391 1.0032 0.00306709 0.00386875 0
620 14.0909 140.909 0.292113 0.348324 0.297122 2.18946 2.14739 2.62722 0.581872 0.580085 0.504991 0.504991 0.502264 0.499124 0.136133 0.267657 1 0.0001 0.00360224 0.0479624 45.773 13.9754 2.00856 -15.984 14.8616 4.8435 17.416 -0.978614 0 0 0 0.53016 0.571089 -0.00186359 -0.00171303 -0.00136256 0.480377 0.438055 0.523445 0.0899487 0.0845849 0.0948003 0.111642 0.105002 0.117851 0 0 0 0 0 0 0.499302 0.576561 0.000505608 0.365397 6.61079 0 2.49371 0 2.75057 0 0.292113 0.58194 0.504991 1.00308 1 1 1.00391 1.00322 0.00300332 0.00378816 0
630 14.3182 143.182 0.284786 0.339318 0.289647 2.10514 2.06339 2.53621 0.559469 0.55775 0.485921 0.485921 0.483304 0.4803 0.131077 0.269047 1 0.0001 0.00363777 0.0482907 45.4993 13.7027 1.97659 -15.6793 14.5733 4.75406 17.0874 -0.94615 0 0 0 0.530521 0.571607 -0.00182668 -0.00169259 -0.00131975 0.473961 0.431706 0.517326 0.0912269 0.0857497 0.0961874 0.113216 0.106438 0.119575 0 0 0 0 0 0 0.499302 0.576561 0.000736305 0.364934 6.48227 0 2.45301 0 2.70511 0 0.284786 0.559534 0.485921 1.00308 1 1 1.00392 1.00324 0.00294284 0.00371131 0
640 14.5455 145.455 0.277741 0.330633 0.282457 2.02462 1.98376 2.44558 0.538081 0.536427 0.467658 0.467658 0.465151 0.462279 0.126221 0.270548 1 0.0001 0.0036734 0.0486227 45.2367 13.4363 1.9458 -15.3821 14.2912 4.6669 16.7672 -0.91374 0 0 0 0.530902 0.571866 -0.00178867 -0.00165932 -0.0012749 0.467693 0.425499 0.511352 0.0924847 0.0868945 0.0975547 0.114766 0.10785 0.121274 0 0 0 0 0 0 0.499302 0.576561 0.000442596 0.364599 6.35715 0 2.4096 0 2.65751 0 0.277741 0.538141 0.467658 1.00308 1 1 1.00392 1.00326 0.00288094 0.00363234 0
650 14.7727 147.727 0.270979 0.322266 0.275552 1.94435 1.90437 2.35633 0.517571 0.515979 0.450194 0.450194 0.44779 0.44504 0.12159 0.272264 1 0.0001 0.00370927 0.0489634 44.9902 13.1771 1.91471 -15.0918 14.0161 4.58334 16.4548 -0.881988 0 0 0 0.531332 0.572111 -0.00175252 -0.00161874 -0.00124737 0.46156 0.419449 0.505526 0.0937224 0.0880198 0.0989026 0.11629 0.109237 0.12295 0 0 0 0 0 0 0.499302 0.576561 0.000509771 0.364012 6.23481 0 2.3678 0 2.61054 0 0.270979 0.517627 0.450194 1.00308 1 1 1.00392 1.00328 0.00282158 0.00355755 0
660 15 150 0.264471 0.314205 0.268908 1.8711 1.83263 2.27005 0.49796 0.496429 0.433466 0.433466 0.431162 0.428533 0.117148 0.274242 1 0.0001 0.00374526 0.04931 44.7561 12.924 1.88518 -14.8092 13.7471 4.50225 16.15 -0.852504 0 0 0 0.531662 0.572462 -0.00172311 -0.001578 -0.0012208 0.45557 0.413544 0.499846 0.0949402 0.0891259 0.100232 0.117791 0.1106 0.124601 0 0 0 0 0 0 0.499302 0.576561 0.000167653 0.363634 6.11555 0 2.32593 0 2.56462 0 0.264471 0.498014 0.433466 1.00309 1 1 1.00392 1.0033 0.00276102 0.00348281 0
670 15.2273 152.273 0.258215 0.30643 0.262519 1.79902 1.7615 2.18944 0.479219 0.477745 0.417452 0.417452 0.415244 0.41273 0.112888 0.2757 1 0.0001 0.00378136 0.0496621 44.5345 12.6766 1.85809 -14.5347 13.4844 4.4231 15.853 -0.823792 0 0 0 0.532153 0.572946 -0.00169633 -0.00154191 -0.00120114 0.449722 0.40777 0.4943 0.0961387 0.0902133 0.101542 0.119267 0.11194 0.12623 0 0 0 0 0 0 0.499302 0.576561 0.00014048 0.363271 5.99936 0 2.28583 0 2.52023 0 0.258215 0.47927 0.417452 1.00309 1 1 1.00392 1.00331 0.00270258 0.00340979 0
680 15.4545 154.545 0.252194 0.298946 0.256368 1.73207 1.69553 2.10729 0.461281 0.459861 0.402127 0.402127 0.40001 0.397605 0.108813 0.277324 1 0.0001 0.0038176 0.0500197 44.324 12.4352 1.83099 -14.2662 13.228 4.3471 15.5633 -0.798532 0 0 0 0.53266 0.573351 -0.0016873 -0.00150598 -0.00117928 0.444015 0.402138 0.488905 0.0973186 0.091282 0.102835 0.12072 0.113258 0.127836 0 0 0 0 0 0 0.499302 0.576561 0.000549947 0.362491 5.886 0 2.24593 0 2.47627 0 0.252194 0.46133 0.402127 1.00309 1 1 1.00392 1.00333 0.0026468 0.0033394 0
690 15.6818 156.818 0.246396 0.291735 0.250444 1.66833 1.63273 2.03066 0.444149 0.442781 0.387458 0.387458 0.385431 0.383131 0.104905 0.278722 1 0.0001 0.00385389 0.0503799 44.1217 12.1997 1.8048 -14.0046 12.9781 4.27256 15.2807 -0.773381 0 0 0 0.532957 0.57352 -0.0016798 -0.00147024 -0.00114505 0.438449 0.396644 0.483638 0.0984802 0.0923329 0.104109 0.12215 0.114554 0.12942 0 0 0 0 0 0 0.499302 0.576561 0.000178169 0.361839 5.77566 0 2.20739 0 2.43356 0 0.246396 0.444195 0.387458 1.00309 1 1 1.00392 1.00335 0.00259091 0.00326861 0
700 15.9091 159.091 0.24081 0.284791 0.244738 1.60685 1.57299 1.95546 0.427725 0.426408 0.373424 0.373424 0.371479 0.369277 0.101172 0.280947 1 0.0001 0.00389037 0.0507461 43.9301 11.9696 1.77925 -13.7488 12.7343 4.20039 15.0054 -0.747331 0 0 0 0.533034 0.573437 -0.00167639 -0.00143735 -0.00110326 0.433009 0.391294 0.478512 0.0996237 0.0933665 0.105366 0.123558 0.115827 0.130983 0 0 0 0 0 0 0.499302 0.576561 -0.000104944 0.362107 5.66787 0 2.16818 0 2.39056 0 0.24081 0.427769 0.373424 1.00309 1 1 1.00392 1.00336 0.00253789 0.00320187 0
710 16.1364 161.364 0.23544 0.278089 0.239249 1.54566 1.51235 1.88733 0.412061 0.410793 0.359993 0.359993 0.358128 0.356019 0.0975879 0.282679 1 0.0001 0.00392682 0.0511147 43.747 11.7456 1.75456 -13.5001 12.497 4.12821 14.7372 -0.719978 0 0 0 0.533118 0.573449 -0.00168167 -0.0014117 -0.00106546 0.427693 0.386063 0.47351 0.10075 0.0943831 0.106606 0.124944 0.11708 0.132525 0 0 0 0 0 0 0.499302 0.576561 -0.000320857 0.361525 5.56312 0 2.13044 0 2.3495 0 0.23544 0.412103 0.359993 1.00309 1 1 1.00392 1.00338 0.00248644 0.00313548 0
720 16.3636 163.636 0.230279 0.271615 0.23397 1.48642 1.45337 1.82296 0.397066 0.395844 0.347142 0.347142 0.345353 0.343334 0.094161 0.284613 1 0.0001 0.00396338 0.0514904 43.5772 11.5272 1.73117 -13.2583 12.2653 4.05846 14.4761 -0.694741 0 0 0 0.533468 0.573571 -0.00168444 -0.0013889 -0.00102649 0.422493 0.380945 0.468627 0.101858 0.0953834 0.10783 0.126309 0.118312 0.134046 0 0 0 0 0 0 0.499302 0.576561 0.000298253 0.361122 5.46096 0 2.09508 0 2.31027 0 0.230279 0.397106 0.347142 1.00309 1 1 1.00392 1.00339 0.00243526 0.00307035 0
730 16.5909 165.909 0.22531 0.265358 0.228887 1.43153 1.39917 1.76204 0.382671 0.381493 0.334837 0.334837 0.333121 0.331184 0.0908873 0.2864 1 0.0001 0.00400014 0.0518749 43.4209 11.3148 1.70848 -13.0233 12.0401 3.98876 14.2213 -0.672869 0 0 0 0.533758 0.573686 -0.00169276 -0.00136409 -0.000986173 0.417403 0.375936 0.463857 0.10295 0.0963676 0.109038 0.127652 0.119524 0.135547 0 0 0 0 0 0 0.499302 0.576561 0.000377893 0.360792 5.36105 0 2.06071 0 2.27298 0 0.22531 0.382709 0.334837 1.00309 1 1 1.00392 1.00341 0.00238514 0.00300791 0
740 16.8182 168.182 0.220529 0.259314 0.223992 1.37827 1.34647 1.70195 0.368944 0.367808 0.323057 0.323057 0.32141 0.319554 0.0877415 0.288589 1 0.0001 0.00403684 0.0522601 43.2708 11.1078 1.68588 -12.7937 11.8203 3.92135 13.9732 -0.64963 0 0 0 0.534301 0.574129 -0.00170171 -0.00134244 -0.000946226 0.412422 0.371044 0.459198 0.104025 0.097336 0.110229 0.128976 0.120716 0.137029 0 0 0 0 0 0 0.499302 0.576561 0.000330264 0.360397 5.26402 0 2.02594 0 2.23519 0 0.220529 0.368979 0.323057 1.00309 1 1 1.00392 1.00342 0.00233676 0.00294663 0
750 17.0455 170.455 0.215928 0.253474 0.219279 1.32724 1.2956 1.64459 0.355848 0.354753 0.311785 0.311785 0.310207 0.308428 0.0847244 0.290929 1 0.0001 0.00407348 0.0526469 43.1279 10.9063 1.6636 -12.5699 11.6059 3.8572 13.7314 -0.628359 0 0 0 0.534634 0.574467 -0.00171061 -0.00131951 -0.000915592 0.407555 0.366265 0.454639 0.105083 0.0982892 0.111404 0.130279 0.121889 0.138491 0 0 0 0 0 0 0.499302 0.576561 0.00045666 0.359639 5.16976 0 1.99222 0 2.1983 0 0.215928 0.355882 0.311785 1.00309 1 1 1.00392 1.00343 0.0022882 0.00288517 0
760 17.2727 172.727 0.211494 0.247831 0.214736 1.27934 1.2486 1.58913 0.343263 0.342206 0.300989 0.300989 0.299474 0.297769 0.0818431 0.293529 1 0.0001 0.00411031 0.0530426 42.9975 10.7097 1.64193 -12.3517 11.3963 3.7964 13.4954 -0.60776 0 0 0 0.534686 0.574642 -0.00171829 -0.00129519 -0.000886544 0.402806 0.361599 0.450172 0.106125 0.099227 0.112564 0.131562 0.123043 0.139934 0 0 0 0 0 0 0.499302 0.576561 0.000848972 0.359844 5.07751 0 1.95819 0 2.1615 0 0.211494 0.343295 0.300989 1.00309 1 1 1.00392 1.00345 0.00224092 0.00282669 0
770 17.5 175 0.207218 0.242382 0.210356 1.23356 1.20399 1.53428 0.331234 0.330215 0.29064 0.29064 0.289188 0.287555 0.0790742 0.296053 1 0.0001 0.00414713 0.0534405 42.8737 10.5182 1.6202 -12.1384 11.1922 3.73694 13.2651 -0.589279 0 0 0 0.534614 0.574624 -0.00172305 -0.00126613 -0.000857741 0.398167 0.357044 0.445811 0.107151 0.10015 0.113709 0.132826 0.124178 0.141359 0 0 0 0 0 0 0.499302 0.576561 0.000942178 0.35939 4.98776 0 1.92622 0 2.12693 0 0.207218 0.331265 0.29064 1.00309 1 1 1.00392 1.00346 0.00219433 0.0027677 0
780 17.7273 177.273 0.203096 0.237115 0.206131 1.1897 1.16091 1.48338 0.319679 0.318695 0.280723 0.280723 0.279329 0.277764 0.0764265 0.298566 1 0.0001 0.0041841 0.053845 42.76 10.3312 1.59964 -11.9309 10.9931 3.67804 13.0408 -0.57022 0 0 0 0.534966 0.574861 -0.00172824 -0.00123439 -0.000819405 0.393628 0.352585 0.441555 0.108161 0.101058 0.114839 0.134071 0.125295 0.142765 0 0 0 0 0 0 0.499302 0.576561 0.000922995 0.358502 4.89999 0 1.89456 0 2.09224 0 0.203096 0.319708 0.280723 1.00309 1 1 1.00392 1.00347 0.00214878 0.00271139 0
790 17.9545 179.545 0.199119 0.232028 0.202056 1.14746 1.11983 1.43229 0.308622 0.307673 0.271217 0.271217 0.26988 0.268381 0.0738849 0.301089 1 0.0001 0.00422108 0.0542535 42.6542 10.1484 1.58079 -11.7292 10.7991 3.61894 12.8224 -0.552156 0 0 0 0.535449 0.57512 -0.00174363 -0.00120002 -0.00077929 0.389192 0.348233 0.437402 0.109157 0.101952 0.115955 0.135298 0.126394 0.144154 0 0 0 0 0 0 0.499302 0.576561 0.000473521 0.357849 4.81451 0 1.86238 0 2.05745 0 0.199119 0.308651 0.271217 1.00309 1 1 1.00392 1.00348 0.00210527 0.00265548 0
800 18.1818 181.818 0.195282 0.227119 0.198125 1.10707 1.08046 1.38254 0.298066 0.29715 0.262114 0.262114 0.260833 0.259398 0.0714446 0.303486 1 0.0001 0.00425797 0.0546635 42.5543 9.97027 1.56282 -11.5331 10.6099 3.56181 12.6096 -0.534955 0 0 0 0.535773 0.575367 -0.00176803 -0.0011662 -0.000738055 0.384861 0.343979 0.433356 0.110138 0.102832 0.117057 0.136507 0.127476 0.145525 0 0 0 0 0 0 0.499302 0.576561 0.000971571 0.35792 4.73146 0 1.83067 0 2.02253 0 0.195282 0.298094 0.262114 1.00308 1 1 1.00392 1.0035 0.00206078 0.00259953 0
810 18.4091 184.091 0.191581 0.222377 0.194331 1.06827 1.04217 1.33527 0.287913 0.287028 0.253392 0.253392 0.252163 0.250786 0.0691138 0.306088 1 0.0001 0.00429502 0.0550814 42.4653 9.79672 1.54533 -11.3421 10.4253 3.50602 12.4025 -0.518468 0 0 0 0.535967 0.575592 -0.0017949 -0.00113914 -0.000695806 0.380631 0.339821 0.429413 0.111104 0.103698 0.118144 0.137698 0.12854 0.146879 0 0 0 0 0 0 0.499302 0.576561 0.00100535 0.357794 4.65017 0 1.80097 0 1.98994 0 0.191581 0.28794 0.253392 1.00308 1 1 1.00392 1.00351 0.00201911 0.00254655 0
820 18.6364 186.364 0.188014 0.217793 0.190673 1.03014 1.00439 1.29077 0.278201 0.277346 0.245027 0.245027 0.24385 0.242532 0.0668739 0.308367 1 0.0001 0.00433202 0.0555024 42.3837 9.62733 1.52801 -11.1553 10.2455 3.45122 12.2003 -0.501713 0 0 0 0.536052 0.575673 -0.001816 -0.00110864 -0.000645307 0.376498 0.335757 0.425562 0.112056 0.104551 0.119219 0.138871 0.129589 0.148217 0 0 0 0 0 0 0.499302 0.576561 0.000903685 0.357596 4.57107 0 1.76999 0 1.95618 0 0.188014 0.278227 0.245027 1.00308 1 1 1.00392 1.00352 0.00197597 0.0024924 0
830 18.8636 188.636 0.184574 0.213365 0.187143 0.993899 0.968877 1.24695 0.26889 0.268064 0.237008 0.237008 0.23588 0.234619 0.0647264 0.310778 1 0.0001 0.00436904 0.055929 42.3108 9.46231 1.51083 -10.9731 10.0703 3.39692 12.0035 -0.485645 0 0 0 0.536195 0.575747 -0.00183923 -0.00107839 -0.000592985 0.372467 0.33179 0.421799 0.112994 0.10539 0.120281 0.140028 0.13062 0.149538 0 0 0 0 0 0 0.499302 0.576561 0.000589196 0.357032 4.49393 0 1.74045 0 1.924 0 0.184574 0.268915 0.237008 1.00308 1 1 1.00392 1.00353 0.00193533 0.00244042 0
840 19.0909 190.909 0.181254 0.209088 0.183737 0.959264 0.93485 1.20459 0.259935 0.259136 0.229316 0.229316 0.228233 0.227024 0.0626713 0.312942 1 0.0001 0.00440619 0.0563626 42.2473 9.30146 1.49408 -10.7955 9.8993 3.34486 11.8113 -0.470756 0 0 0 0.536509 0.575936 -0.00186307 -0.00104739 -0.000542925 0.368524 0.32792 0.418131 0.113918 0.106216 0.121329 0.141167 0.131636 0.150844 0 0 0 0 0 0 0.499302 0.576561 0.000622121 0.356748 4.41846 0 1.71142 0 1.8926 0 0.181254 0.259958 0.229316 1.00308 1 1 1.00392 1.00354 0.00189544 0.00239013 0
850 19.3182 193.182 0.17805 0.204954 0.18045 0.925644 0.902245 1.16416 0.25134 0.250568 0.221932 0.221932 0.220894 0.219734 0.0606983 0.314979 1 0.0001 0.00444339 0.0568008 42.1914 9.14449 1.47822 -10.6227 9.73228 3.29487 11.6237 -0.455456 0 0 0 0.537 0.576185 -0.00188891 -0.00102329 -0.000488386 0.364672 0.324144 0.41455 0.114828 0.107029 0.122365 0.142291 0.132636 0.152133 0 0 0 0 0 0 0.499302 0.576561 0.000499066 0.356963 4.3448 0 1.68251 0 1.86098 0 0.17805 0.251362 0.221932 1.00308 1 1 1.00391 1.00355 0.00185584 0.00234018 0
860 19.5455 195.455 0.17496 0.200956 0.17728 0.892736 0.870205 1.12574 0.243115 0.242368 0.21486 0.21486 0.213864 0.212753 0.0588068 0.317528 1 0.0001 0.0044805 0.0572418 42.1421 8.99195 1.46258 -10.4545 9.5695 3.24579 11.4413 -0.440619 0 0 0 0.537659 0.576593 -0.00192362 -0.00100437 -0.000437246 0.360909 0.32046 0.41105 0.115727 0.10783 0.123389 0.143399 0.133621 0.153408 0 0 0 0 0 0 0.499302 0.576561 -8.92309e-05 0.356853 4.27312 0 1.65448 0 1.83047 0 0.17496 0.243136 0.21486 1.00308 1 1 1.00391 1.00356 0.00181682 0.00229184 0
870 19.7727 197.727 0.171976 0.197087 0.174217 0.8623 0.840249 1.08949 0.235244 0.234522 0.208077 0.208077 0.207123 0.206057 0.0569895 0.319555 1 0.0001 0.00451751 0.0576862 42.0996 8.84332 1.44698 -10.2903 9.4114 3.19791 11.2631 -0.428118 0 0 0 0.538125 0.576877 -0.00195338 -0.000984536 -0.000391044 0.357225 0.316865 0.407628 0.116612 0.108618 0.1244 0.144491 0.134591 0.154668 0 0 0 0 0 0 0.499302 0.576561 4.93149e-05 0.356953 4.20338 0 1.62788 0 1.80192 0 0.171976 0.235265 0.208077 1.00308 1 1 1.00391 1.00357 0.00177893 0.00224402 0
880 20 200 0.169088 0.193347 0.171254 0.834432 0.813197 1.05315 0.227675 0.226976 0.201566 0.201566 0.200651 0.199629 0.0552475 0.321721 1 0.0001 0.0045546 0.0581358 42.0639 8.69839 1.43193 -10.1303 9.25714 3.15048 11.0895 -0.416026 0 0 0 0.538318 0.576974 -0.00198133 -0.000957997 -0.00034393 0.353623 0.313353 0.404295 0.117485 0.109395 0.1254 0.145568 0.135547 0.155912 0 0 0 0 0 0 0.499302 0.576561 0.000177659 0.356329 4.1352 0 1.60203 0 1.77357 0 0.169088 0.227694 0.201566 1.00308 1 1 1.00391 1.00357 0.00174097 0.00219738 0
890 20.2273 202.273 0.166297 0.189732 0.16839 0.806649 0.78596 1.01789 0.220387 0.219711 0.195319 0.195319 0.19444 0.193459 0.0535815 0.324 1 0.0001 0.00459179 0.0585914 42.036 8.55684 1.41805 -9.97488 9.10634 3.10384 10.9208 -0.403513 0 0 0 0.538293 0.576975 -0.00200225 -0.000933834 -0.00029646 0.3501 0.309931 0.401045 0.118346 0.110161 0.126388 0.146629 0.136488 0.157143 0 0 0 0 0 0 0.499302 0.576561 -0.000285431 0.355954 4.06848 0 1.57633 0 1.74544 0 0.166297 0.220405 0.195319 1.00308 1 1 1.00391 1.00358 0.00170477 0.00215312 0
900 20.4545 204.545 0.163605 0.186233 0.165624 0.778856 0.758245 0.98529 0.213412 0.212758 0.189329 0.189329 0.188486 0.187546 0.0519815 0.325504 1 0.0001 0.00462885 0.0590496 42.0141 8.41948 1.40343 -9.8229 8.96027 3.05895 10.7556 -0.388996 0 0 0 0.538507 0.57724 -0.00201971 -0.000908153 -0.000252735 0.346658 0.306585 0.39787 0.119195 0.110914 0.127365 0.147677 0.137415 0.15836 0 0 0 0 0 0 0.499302 0.576561 -0.000949618 0.355524 4.00359 0 1.55044 0 1.71677 0 0.163605 0.21343 0.189329 1.00308 1 1 1.00391 1.00359 0.00166967 0.00210852 0
910 20.6818 206.818 0.161004 0.182845 0.162952 0.752318 0.73236 0.954295 0.20672 0.206086 0.183586 0.183586 0.182777 0.181876 0.0504487 0.327884 1 0.0001 0.00466586 0.0595105 41.9979 8.28553 1.39008 -9.67561 8.81767 3.01464 10.5953 -0.378388 0 0 0 0.538806 0.577444 -0.00203445 -0.000882832 -0.00021321 0.34329 0.303312 0.394769 0.120031 0.111657 0.12833 0.148709 0.138329 0.159563 0 0 0 0 0 0 0.499302 0.576561 -0.000526786 0.35507 3.94032 0 1.5261 0 1.69025 0 0.161004 0.206738 0.183586 1.00308 1 1 1.00391 1.0036 0.00163639 0.0020662 0
920 20.9091 209.091 0.158486 0.179567 0.160367 0.728173 0.709113 0.922984 0.200295 0.19968 0.178072 0.178072 0.177296 0.176432 0.048977 0.32981 1 0.0001 0.00470284 0.0599754 41.9876 8.15505 1.37683 -9.53187 8.67887 2.9714 10.4388 -0.367615 0 0 0 0.539133 0.577655 -0.0020441 -0.00085967 -0.000176463 0.340003 0.300114 0.391744 0.120857 0.112388 0.129284 0.149728 0.13923 0.160752 0 0 0 0 0 0 0.499302 0.576561 -0.000334148 0.354754 3.8786 0 1.5015 0 1.66373 0 0.158486 0.200312 0.178072 1.00308 1 1 1.00391 1.00361 0.00160238 0.00202371 0
930 21.1364 211.364 0.156048 0.176397 0.157863 0.70496 0.686444 0.892695 0.194096 0.193501 0.172779 0.172779 0.172033 0.171202 0.0475698 0.331063 1 0.0001 0.00473994 0.0604476 41.9853 8.02802 1.36343 -9.39145 8.54373 2.93033 10.2857 -0.357496 0 0 0 0.539388 0.577854 -0.00204857 -0.00083526 -0.000139408 0.336793 0.296987 0.388798 0.121671 0.113109 0.130228 0.150733 0.140117 0.161928 0 0 0 0 0 0 0.499302 0.576561 -0.000739466 0.35429 3.81812 0 1.4778 0 1.63806 0 0.156048 0.194113 0.172779 1.00307 1 1 1.00391 1.00361 0.00157105 0.00198402 0
940 21.3636 213.636 0.15369 0.173326 0.155441 0.682019 0.663963 0.864736 0.188157 0.187581 0.167694 0.167694 0.166978 0.16618 0.0462153 0.332768 1 0.0001 0.00477691 0.0609201 41.9863 7.90413 1.35021 -9.25434 8.41203 2.8902 10.1366 -0.346601 0 0 0 0.539626 0.578115 -0.00205291 -0.000808421 -0.000104732 0.333654 0.29393 0.385918 0.122475 0.113819 0.131161 0.151724 0.140992 0.163092 0 0 0 0 0 0 0.499302 0.576561 -0.000644402 0.35437 3.75925 0 1.45468 0 1.61251 0 0.15369 0.188173 0.167694 1.00307 1 1 1.00391 1.00362 0.00153895 0.00194411 0
950 21.5909 215.909 0.151408 0.17035 0.153097 0.660243 0.64265 0.838105 0.182454 0.181895 0.162811 0.162811 0.162123 0.161356 0.0449144 0.334503 1 0.0001 0.00481381 0.0613946 41.9914 7.78286 1.33777 -9.12063 8.28315 2.85126 9.99149 -0.336792 0 0 0 0.5399 0.578513 -0.00205942 -0.00078094 -7.22814e-05 0.330584 0.29094 0.383103 0.123269 0.114519 0.132083 0.152703 0.141854 0.164243 0 0 0 0 0 0 0.499302 0.576561 -0.000534974 0.353902 3.70183 0 1.43322 0 1.58938 0 0.151408 0.182468 0.162811 1.00307 1 1 1.0039 1.00363 0.00150887 0.00190599 0
960 21.8182 218.182 0.149197 0.167468 0.150826 0.639505 0.622539 0.811669 0.176974 0.176431 0.158122 0.158122 0.15746 0.156723 0.0436656 0.336434 1 0.0001 0.00485064 0.0618724 42.0015 7.66456 1.32583 -8.99039 8.15762 2.81331 9.85002 -0.327347 0 0 0 0.5402 0.578966 -0.00207007 -0.000756801 -4.05105e-05 0.327585 0.288019 0.380353 0.124051 0.115209 0.132996 0.153668 0.142704 0.165382 0 0 0 0 0 0 0.499302 0.576561 5.42643e-05 0.353791 3.64582 0 1.41026 0 1.56464 0 0.149197 0.176988 0.158122 1.00307 1 1 1.0039 1.00364 0.00147885 0.0018686 0
970 22.0455 220.455 0.147056 0.164675 0.148625 0.619605 0.603078 0.786299 0.171717 0.171191 0.153616 0.153616 0.15298 0.152271 0.0424643 0.337976 1 0.0001 0.00488735 0.0623512 42.0152 7.54965 1.31351 -8.86317 8.03556 2.77694 9.71169 -0.318491 0 0 0 0.540457 0.579227 -0.00207353 -0.000738147 -9.43563e-06 0.324652 0.285162 0.37767 0.124824 0.115889 0.133899 0.15462 0.143542 0.166509 0 0 0 0 0 0 0.499302 0.576561 0.000401597 0.353908 3.59126 0 1.38869 0 1.54158 0 0.147056 0.17173 0.153616 1.00307 1 1 1.0039 1.00364 0.00145014 0.00183218 0
980 22.2727 222.727 0.144982 0.161971 0.146495 0.59999 0.584051 0.7616 0.166665 0.166155 0.149291 0.149291 0.148679 0.147997 0.0413117 0.339842 1 0.0001 0.00492397 0.0628319 42.033 7.43741 1.30207 -8.73948 7.91633 2.74133 9.57729 -0.308892 0 0 0 0.540869 0.579604 -0.00207897 -0.000723684 1.74948e-05 0.32179 0.282368 0.375048 0.125586 0.116559 0.134792 0.155561 0.144368 0.167623 0 0 0 0 0 0 0.499302 0.576561 0.000322587 0.353312 3.53804 0 1.3669 0 1.51738 0 0.144982 0.166678 0.149291 1.00307 1 1 1.0039 1.00365 0.00142212 0.00179677 0
990 22.5 225 0.142973 0.159351 0.144431 0.581014 0.565688 0.73761 0.161804 0.161309 0.145136 0.145136 0.144547 0.143891 0.0402064 0.341486 1 0.0001 0.00496053 0.0633162 42.0562 7.32812 1.29077 -8.61889 7.80015 2.70732 9.44616 -0.299413 0 0 0 0.541226 0.579887 -0.00208724 -0.000708199 4.49372e-05 0.318994 0.279638 0.372489 0.126338 0.11722 0.135675 0.156489 0.145182 0.168727 0 0 0 0 0 0 0.499302 0.576561 5.79535e-05 0.353295 3.48607 0 1.34604 0 1.4946 0 0.142973 0.161816 0.145136 1.00307 1 1 1.0039 1.00365 0.00139442 0.00176206 0
1000 22.7273 227.273 0.141029 0.156812 0.142434 0.562476 0.547497 0.71498 0.157128 0.156648 0.141144 0.141144 0.140577 0.139945 0.0391456 0.343045 1 0.0001 0.00499703 0.0638051 42.0858 7.22147 1.28023 -8.5017 7.68681 2.67454 9.3184 -0.290731 0 0 0 0.541423 0.580095 -0.00209328 -0.000689541 7.50238e-05 0.316261 0.276973 0.369986 0.12708 0.117872 0.13655 0.157405 0.145986 0.169819 0 0 0 0 0 0 0.499302 0.576561 -3.91757e-05 0.352901 3.43533 0 1.32505 0 1.47149 0 0.141029 0.15714 0.141144 1.00307 1 1 1.0039 1.00366 0.00136823 0.00172874 0
1010 22.9545 229.545 0.139145 0.154353 0.140499 0.544996 0.53038 0.692506 0.15265 0.152183 0.137307 0.137307 0.136762 0.136154 0.0381229 0.344751 1 0.0001 0.00503328 0.0642917 42.1165 7.11768 1.26979 -8.38747 7.57645 2.64182 9.19402 -0.282964 0 0 0 0.541531 0.580241 -0.00210014 -0.000666731 0.000104002 0.313591 0.274369 0.367544 0.127814 0.118514 0.137416 0.15831 0.146778 0.1709 0 0 0 0 0 0 0.499302 0.576561 0.000223299 0.352947 3.38603 0 1.30487 0 1.44905 0 0.139145 0.152661 0.137307 1.00307 1 1 1.0039 1.00367 0.00134147 0.00169515 0
1020 23.1818 231.818 0.137319 0.151969 0.138622 0.528361 0.51414 0.671318 0.148332 0.147879 0.133619 0.133619 0.133094 0.132508 0.0371423 0.346414 1 0.0001 0.00506951 0.0647816 42.1519 7.0168 1.25931 -8.27611 7.46894 2.61007 9.07275 -0.274952 0 0 0 0.54163 0.580409 -0.00210694 -0.000641021 0.000128288 0.310981 0.271821 0.365161 0.128537 0.119149 0.138273 0.159203 0.147559 0.17197 0 0 0 0 0 0 0.499302 0.576561 0.000518492 0.352789 3.3378 0 1.2857 0 1.42821 0 0.137319 0.148343 0.133619 1.00307 1 1 1.0039 1.00367 0.00131638 0.00166364 0
1030 23.4091 234.091 0.135549 0.149654 0.136803 0.512396 0.498563 0.652037 0.144195 0.143754 0.130074 0.130074 0.12957 0.129006 0.0361974 0.348244 1 0.0001 0.00510549 0.0652704 42.1891 6.91814 1.24964 -8.16779 7.36389 2.57847 8.95504 -0.267086 0 0 0 0.541688 0.580455 -0.00211297 -0.00062089 0.000152012 0.308427 0.269322 0.362831 0.129252 0.119774 0.139123 0.160085 0.14833 0.17303 0 0 0 0 0 0 0.499302 0.576561 0.000329226 0.353096 3.29092 0 1.26659 0 1.40758 0 0.135549 0.144205 0.130074 1.00307 1 1 1.0039 1.00368 0.00129083 0.00163158 0
1040 23.6364 236.364 0.13383 0.147409 0.135036 0.49744 0.484181 0.632197 0.140218 0.13979 0.126667 0.126667 0.126181 0.125638 0.0352893 0.349867 1 0.0001 0.00514131 0.0657589 42.2281 6.82212 1.24054 -8.06266 7.26166 2.54775 8.84027 -0.260338 0 0 0 0.541792 0.580474 -0.00211836 -0.000601508 0.00017116 0.305932 0.266881 0.360552 0.129958 0.120391 0.139963 0.160956 0.149091 0.17408 0 0 0 0 0 0 0.499302 0.576561 0.000124668 0.353183 3.24522 0 1.24731 0 1.38658 0 0.13383 0.140228 0.126667 1.00307 1 1 1.0039 1.00368 0.00126683 0.00160151 0
1050 23.8636 238.636 0.13216 0.145233 0.133321 0.482965 0.470144 0.612749 0.1364 0.135983 0.12339 0.12339 0.122922 0.1224 0.0344144 0.351437 1 0.0001 0.00517692 0.0662467 42.269 6.7287 1.23167 -7.96037 7.16235 2.51764 8.72817 -0.253255 0 0 0 0.541863 0.580497 -0.00212484 -0.000585472 0.000181905 0.303494 0.264493 0.35833 0.130654 0.121 0.140796 0.161817 0.149841 0.175119 0 0 0 0 0 0 0.499302 0.576561 -6.16322e-05 0.353056 3.20073 0 1.22897 0 1.36669 0 0.13216 0.136409 0.12339 1.00307 1 1 1.0039 1.00369 0.00124298 0.00157074 0
1060 24.0909 240.909 0.130539 0.143122 0.131657 0.468765 0.456392 0.594503 0.132713 0.132308 0.120237 0.120237 0.119787 0.119283 0.0335757 0.352798 1 0.0001 0.0052125 0.0667377 42.3141 6.63741 1.22332 -7.86072 7.06532 2.48844 8.61913 -0.247023 0 0 0 0.541658 0.580267 -0.00213057 -0.000571525 0.000190142 0.301113 0.262158 0.356156 0.131342 0.121601 0.141622 0.162667 0.150582 0.176149 0 0 0 0 0 0 0.499302 0.576561 -0.000160778 0.352951 3.15718 0 1.21118 0 1.34746 0 0.130539 0.132723 0.120237 1.00307 1 1 1.00389 1.00369 0.00122074 0.00154224 0
1070 24.3182 243.182 0.128964 0.141074 0.13004 0.455357 0.443499 0.576656 0.129173 0.128778 0.117202 0.117202 0.116768 0.116283 0.0327662 0.354008 1 0.0001 0.00524785 0.0672271 42.3603 6.54861 1.21471 -7.76332 6.97092 2.46041 8.51243 -0.240315 0 0 0 0.541405 0.57994 -0.0021385 -0.000562442 0.000192698 0.298789 0.259874 0.354032 0.132021 0.122194 0.142439 0.163506 0.151312 0.177168 0 0 0 0 0 0 0.499302 0.576561 -0.000130744 0.352804 3.11478 0 1.19349 0 1.32811 0 0.128964 0.129181 0.117202 1.00306 1 1 1.00389 1.0037 0.00119767 0.00151315 0
1080 24.5455 245.455 0.127436 0.139085 0.12847 0.441872 0.430269 0.559955 0.125757 0.125372 0.114282 0.114282 0.113863 0.113395 0.0319891 0.355572 1 0.0001 0.00528313 0.0677198 42.411 6.46197 1.20614 -7.66811 6.87863 2.43327 8.40866 -0.23361 0 0 0 0.541318 0.579721 -0.00214736 -0.000554408 0.000193162 0.296517 0.25764 0.351952 0.132693 0.122779 0.143249 0.164336 0.152034 0.178179 0 0 0 0 0 0 0.499302 0.576561 4.08977e-05 0.352479 3.07332 0 1.17648 0 1.30953 0 0.127436 0.125765 0.114282 1.00306 1 1 1.00389 1.0037 0.00117575 0.00148595 0
1090 24.7727 247.727 0.125954 0.137155 0.126947 0.428947 0.417577 0.54364 0.122481 0.122107 0.111471 0.111471 0.111068 0.110617 0.0312389 0.356985 1 0.0001 0.0053181 0.0682095 42.4625 6.37759 1.19793 -7.57551 6.78867 2.40682 8.30755 -0.226955 0 0 0 0.541195 0.579496 -0.00215727 -0.000544692 0.000193346 0.2943 0.255454 0.349915 0.133357 0.123356 0.144051 0.165156 0.152745 0.17918 0 0 0 0 0 0 0.499302 0.576561 1.07195e-05 0.352237 3.03303 0 1.15948 0 1.29071 0 0.125954 0.122489 0.111471 1.00306 1 1 1.00389 1.00371 0.00115344 0.00145837 0
1100 25 250 0.124513 0.13528 0.125467 0.416754 0.405619 0.527941 0.119329 0.118965 0.108765 0.108765 0.108376 0.10794 0.0305159 0.358205 1 0.0001 0.00535287 0.0686989 42.5161 6.29544 1.1897 -7.48513 6.70106 2.38087 8.20891 -0.221141 0 0 0 0.541207 0.57951 -0.00216541 -0.000530484 0.000193948 0.292133 0.253312 0.347925 0.134013 0.123926 0.144845 0.165966 0.153448 0.180172 0 0 0 0 0 0 0.499302 0.576561 6.58588e-05 0.352491 2.99375 0 1.14343 0 1.27328 0 0.124513 0.119337 0.108765 1.00306 1 1 1.00389 1.00371 0.00113253 0.00143213 0
1110 25.2273 252.273 0.123113 0.133461 0.124028 0.405152 0.394348 0.512276 0.116299 0.115944 0.106157 0.106157 0.105782 0.105363 0.029818 0.359549 1 0.0001 0.0053874 0.0691866 42.5708 6.21553 1.18178 -7.3973 6.61586 2.35523 8.11256 -0.215321 0 0 0 0.541374 0.579679 -0.00217151 -0.000516987 0.000195077 0.290014 0.251215 0.345984 0.134661 0.124488 0.145633 0.166767 0.154141 0.181155 0 0 0 0 0 0 0.499302 0.576561 0.000171764 0.352171 2.9555 0 1.12623 0 1.25465 0 0.123113 0.116307 0.106157 1.00306 1 1 1.00389 1.00371 0.00111119 0.00140529 0
1120 25.4545 254.545 0.121751 0.131696 0.12263 0.393784 0.383548 0.497111 0.113375 0.113029 0.103644 0.103644 0.103283 0.102878 0.0291467 0.360791 1 0.0001 0.0054218 0.0696756 42.6284 6.13771 1.17407 -7.31178 6.53276 2.3308 8.01851 -0.20999 0 0 0 0.541556 0.579855 -0.00217693 -0.000504581 0.000197855 0.287942 0.249163 0.344091 0.135302 0.125043 0.146413 0.167559 0.154826 0.182129 0 0 0 0 0 0 0.499302 0.576561 7.12219e-05 0.351769 2.91811 0 1.10985 0 1.23669 0 0.121751 0.113382 0.103644 1.00306 1 1 1.00389 1.00372 0.00109127 0.00138055 0
1130 25.6818 256.818 0.120425 0.129982 0.12127 0.383007 0.373254 0.482464 0.110565 0.110227 0.101225 0.101225 0.100877 0.100486 0.0284993 0.361896 1 0.0001 0.00545593 0.0701631 42.687 6.06153 1.1668 -7.22833 6.45167 2.30666 7.92703 -0.203906 0 0 0 0.541724 0.580004 -0.00218106 -0.00049304 0.000195688 0.285917 0.247159 0.342241 0.135935 0.125591 0.147187 0.168341 0.155502 0.183095 0 0 0 0 0 0 0.499302 0.576561 -9.99341e-06 0.351453 2.88172 0 1.09427 0 1.21969 0 0.120425 0.110572 0.101225 1.00306 1 1 1.00389 1.00372 0.00107135 0.00135546 0
1140 25.9091 259.091 0.119139 0.128315 0.119949 0.371986 0.362352 0.469516 0.107856 0.107527 0.0988955 0.0988955 0.0985598 0.0981828 0.0278763 0.363287 1 0.0001 0.00548987 0.0706496 42.747 5.98744 1.15962 -7.14706 6.37272 2.28276 7.83794 -0.198113 0 0 0 0.54188 0.580118 -0.00218607 -0.000480202 0.000194419 0.283939 0.245193 0.340425 0.136561 0.126133 0.147953 0.169115 0.15617 0.184053 0 0 0 0 0 0 0.499302 0.576561 -0.000181837 0.351508 2.8462 0 1.07858 0 1.2026 0 0.119139 0.107863 0.0988955 1.00306 1 1 1.00389 1.00373 0.00105212 0.001331 0
1150 26.1364 261.364 0.117888 0.126693 0.118665 0.361542 0.352193 0.45675 0.105242 0.104921 0.0966512 0.0966512 0.0963271 0.0959632 0.0272768 0.364288 1 0.0001 0.00552364 0.0711324 42.8064 5.91548 1.15214 -7.06762 6.29616 2.25946 7.75081 -0.192854 0 0 0 0.542072 0.580339 -0.00218817 -0.000466336 0.00019457 0.282006 0.243269 0.338643 0.13718 0.126668 0.148713 0.16988 0.15683 0.185002 0 0 0 0 0 0 0.499302 0.576561 -0.000114167 0.351236 2.81151 0 1.0639 0 1.18671 0 0.117888 0.105249 0.0966512 1.00306 1 1 1.00389 1.00373 0.00103366 0.00130764 0
1160 26.3636 263.636 0.116672 0.125115 0.117417 0.351432 0.342379 0.444326 0.102731 0.102418 0.0944865 0.0944865 0.0941738 0.0938227 0.0266968 0.365404 1 0.0001 0.00555709 0.0716131 42.8667 5.8452 1.14494 -6.99014 6.22136 2.23664 7.66593 -0.188274 0 0 0 0.54234 0.5806 -0.00218948 -0.000450412 0.000192437 0.280115 0.241384 0.336897 0.137792 0.127196 0.149466 0.170637 0.157481 0.185944 0 0 0 0 0 0 0.499302 0.576561 -0.000229476 0.351371 2.77776 0 1.04931 0 1.17068 0 0.116672 0.102738 0.0944865 1.00306 1 1 1.00389 1.00373 0.0010148 0.00128444 0
1170 26.5909 265.909 0.115487 0.123582 0.116202 0.342281 0.333595 0.431791 0.100316 0.10001 0.0923963 0.0923963 0.0920946 0.091756 0.0261348 0.366584 1 0.0001 0.00559024 0.0720917 42.9277 5.77661 1.13789 -6.9145 6.14826 2.21446 7.58304 -0.183109 0 0 0 0.54259 0.580838 -0.00218877 -0.000434301 0.000191557 0.278268 0.23954 0.335189 0.138397 0.127717 0.150213 0.171385 0.158125 0.186878 0 0 0 0 0 0 0.499302 0.576561 -0.000240214 0.351075 2.74491 0 1.03463 0 1.15458 0 0.115487 0.100322 0.0923963 1.00306 1 1 1.00389 1.00374 0.000997046 0.00126181 0
1180 26.8182 268.182 0.114334 0.12209 0.115018 0.333257 0.324887 0.4202 0.0979844 0.0976855 0.0903793 0.0903793 0.0900883 0.0897616 0.0255926 0.367547 1 0.0001 0.0056232 0.072571 42.9912 5.70994 1.13062 -6.84056 6.0772 2.19281 7.50195 -0.178694 0 0 0 0.542639 0.580882 -0.0021851 -0.00041891 0.000192701 0.27646 0.237735 0.333513 0.138996 0.128233 0.150952 0.172126 0.15876 0.187804 0 0 0 0 0 0 0.499302 0.576561 8.71969e-05 0.351137 2.71283 0 1.02123 0 1.14023 0 0.114334 0.0979906 0.0903793 1.00306 1 1 1.00389 1.00374 0.000979099 0.00123901 0
1190 27.0455 270.455 0.113211 0.120636 0.113867 0.32427 0.316125 0.409241 0.0957138 0.0954218 0.0884335 0.0884335 0.088152 0.0878357 0.0250739 0.368679 1 0.0001 0.00565625 0.0730564 43.0603 5.64479 1.12364 -6.76843 6.00773 2.17201 7.42289 -0.173652 0 0 0 0.542524 0.580796 -0.00218325 -0.000404417 0.000197138 0.274688 0.235969 0.33187 0.139588 0.128742 0.151686 0.172858 0.159388 0.188722 0 0 0 0 0 0 0.499302 0.576561 0.000133672 0.350901 2.68121 0 1.00698 0 1.12466 0 0.113211 0.0957197 0.0884335 1.00306 1 1 1.00389 1.00374 0.000963074 0.00121859 0
1200 27.2727 272.727 0.112119 0.119222 0.112746 0.315656 0.307651 0.398176 0.0935371 0.0932518 0.0865561 0.0865561 0.0862844 0.0859786 0.0245705 0.369778 1 0.0001 0.00568887 0.0735346 43.1271 5.58147 1.11658 -6.69805 5.94004 2.15162 7.34576 -0.169335 0 0 0 0.542327 0.580627 -0.00217961 -0.000392668 0.000204568 0.272955 0.234241 0.33026 0.140174 0.129245 0.152414 0.173582 0.160009 0.189633 0 0 0 0 0 0 0.499302 0.576561 7.06846e-06 0.35056 2.65055 0 0.993408 0 1.10945 0 0.112119 0.0935429 0.0865561 1.00306 1 1 1.00389 1.00375 0.000946318 0.00119728 0
1210 27.5 275 0.111054 0.117847 0.111653 0.307561 0.299699 0.3872 0.0914489 0.09117 0.0847462 0.0847462 0.0844839 0.0841886 0.0240832 0.370682 1 0.0001 0.00572107 0.0740064 43.1918 5.52018 1.10908 -6.62926 5.87449 2.13108 7.27049 -0.165296 0 0 0 0.542218 0.580575 -0.0021766 -0.000382995 0.000209281 0.271262 0.23255 0.328683 0.140753 0.129742 0.153136 0.174299 0.160622 0.190537 0 0 0 0 0 0 0.499302 0.576561 -7.67742e-05 0.350179 2.62079 0 0.980394 0 1.09534 0 0.111054 0.0914543 0.0847462 1.00306 1 1 1.00389 1.00375 0.000929728 0.00117638 0
1220 27.7273 277.273 0.110018 0.116508 0.11059 0.299525 0.291788 0.377227 0.0894233 0.0891507 0.0829986 0.0829986 0.0827449 0.0824591 0.0236145 0.372177 1 0.0001 0.0057532 0.0744804 43.2597 5.45998 1.10232 -6.5623 5.80993 2.11133 7.19741 -0.16078 0 0 0 0.542282 0.580702 -0.00217415 -0.0003718 0.00021413 0.269601 0.230897 0.327135 0.141327 0.130233 0.153852 0.175009 0.161229 0.191434 0 0 0 0 0 0 0.499302 0.576561 -7.17443e-05 0.350099 2.59161 0 0.966861 0 1.08071 0 0.110018 0.0894286 0.0829986 1.00306 1 1 1.00389 1.00375 0.000914205 0.0011568 0
1230 27.9545 279.545 0.109009 0.115206 0.109554 0.29178 0.284283 0.366583 0.0874813 0.0872145 0.0813131 0.0813131 0.081068 0.0807915 0.0231603 0.373304 1 0.0001 0.00578487 0.0749461 43.3245 5.40151 1.09542 -6.49694 5.74739 2.09255 7.12576 -0.156964 0 0 0 0.542403 0.580818 -0.00217055 -0.000360189 0.000220876 0.26798 0.22928 0.325622 0.141894 0.130719 0.154563 0.175711 0.161828 0.192324 0 0 0 0 0 0 0.499302 0.576561 2.75631e-05 0.34981 2.56331 0 0.953504 0 1.06609 0 0.109009 0.0874864 0.0813131 1.00306 1 1 1.00389 1.00375 0.000898426 0.00113692 0
1240 28.1818 281.818 0.108024 0.11394 0.108543 0.284524 0.277385 0.356625 0.0856099 0.0853489 0.0796861 0.0796861 0.079449 0.0791812 0.022721 0.374307 1 0.0001 0.00581622 0.0754062 43.3877 5.34477 1.08798 -6.43275 5.68675 2.07425 7.05562 -0.153567 0 0 0 0.5425 0.580871 -0.00216645 -0.00035069 0.000228211 0.266394 0.227696 0.324142 0.142456 0.131198 0.155268 0.176406 0.16242 0.193207 0 0 0 0 0 0 0.499302 0.576561 0.000159604 0.349855 2.53575 0 0.941268 0 1.05272 0 0.108024 0.0856148 0.0796861 1.00306 1 1 1.00389 1.00376 0.000883652 0.00111829 0
1250 28.4091 284.091 0.107062 0.112706 0.107558 0.277559 0.270703 0.34746 0.0838062 0.0835507 0.0781123 0.0781123 0.0778835 0.0776247 0.0222949 0.375712 1 0.0001 0.00584726 0.0758646 43.4517 5.28898 1.08123 -6.37021 5.62691 2.05671 6.98745 -0.149775 0 0 0 0.542556 0.58092 -0.00216026 -0.00034222 0.000233702 0.264842 0.226143 0.322691 0.143012 0.131673 0.155968 0.177093 0.163006 0.194084 0 0 0 0 0 0 0.499302 0.576561 0.000114499 0.349681 2.50889 0 0.929325 0 1.03978 0 0.107062 0.0838109 0.0781123 1.00306 1 1 1.00389 1.00376 0.000868204 0.00109861 0
1260 28.6364 286.364 0.106126 0.111503 0.106597 0.270459 0.263741 0.338748 0.0820487 0.0817986 0.0765928 0.0765928 0.076371 0.0761202 0.0218867 0.376989 1 0.0001 0.00587833 0.0763295 43.5216 5.23461 1.07467 -6.30928 5.56879 2.03939 6.92085 -0.146072 0 0 0 0.542565 0.580966 -0.00215323 -0.000332296 0.000238943 0.263321 0.224623 0.321266 0.143562 0.132142 0.156663 0.177774 0.163585 0.194954 0 0 0 0 0 0 0.499302 0.576561 0.000106335 0.34961 2.48245 0 0.917137 0 1.02646 0 0.106126 0.0820533 0.0765928 1.00306 1 1 1.00388 1.00376 0.000854921 0.00108142 0
1270 28.8636 288.636 0.105212 0.110331 0.10566 0.263907 0.257391 0.329917 0.0803564 0.0801115 0.0751241 0.0751241 0.0749096 0.0746667 0.0214908 0.378561 1 0.0001 0.00590904 0.076787 43.5885 5.1815 1.06831 -6.2498 5.51203 2.02238 6.8559 -0.142623 0 0 0 0.542506 0.580974 -0.00214708 -0.000319157 0.00024384 0.261835 0.223134 0.319868 0.144106 0.132606 0.157353 0.178449 0.164157 0.195818 0 0 0 0 0 0 0.499302 0.576561 -2.73427e-05 0.349493 2.45671 0 0.905542 0 1.01364 0 0.105212 0.0803609 0.0751241 1.00306 1 1 1.00388 1.00376 0.000840815 0.00106361 0
1280 29.0909 290.909 0.10432 0.109189 0.104746 0.257337 0.25098 0.321579 0.0787318 0.0784919 0.0737052 0.0737052 0.0734978 0.0732628 0.0211063 0.379667 1 0.0001 0.00593928 0.0772353 43.6518 5.12985 1.06188 -6.19173 5.45687 2.00547 6.79248 -0.138911 0 0 0 0.542537 0.581091 -0.00214164 -0.000304044 0.000248626 0.260384 0.221673 0.318496 0.144645 0.133065 0.158038 0.179116 0.164724 0.196676 0 0 0 0 0 0 0.499302 0.576561 -0.000146402 0.349335 2.43175 0 0.89346 0 1.00062 0 0.10432 0.0787362 0.0737052 1.00306 1 1 1.00388 1.00377 0.00082697 0.00104592 0
1290 29.3182 293.182 0.10345 0.108077 0.103854 0.251138 0.24495 0.313175 0.0771611 0.0769259 0.0723333 0.0723333 0.0721323 0.0719046 0.0207344 0.381039 1 0.0001 0.00596928 0.0776807 43.7151 5.07917 1.0559 -6.13507 5.40286 1.98878 6.73076 -0.136046 0 0 0 0.542579 0.581184 -0.00213963 -0.000288542 0.000251305 0.258962 0.220241 0.317154 0.145179 0.133519 0.158718 0.179777 0.165284 0.197527 0 0 0 0 0 0 0.499302 0.576561 -7.21478e-05 0.349072 2.40737 0 0.882353 0 0.988576 0 0.10345 0.0771653 0.0723333 1.00306 1 1 1.00388 1.00377 0.000813913 0.00102963 0
1300 29.5455 295.455 0.1026 0.106994 0.102983 0.245468 0.23952 0.304971 0.0756473 0.0754167 0.0710052 0.0710052 0.0708107 0.0705901 0.0203732 0.382427 1 0.0001 0.00599892 0.0781223 43.7777 5.02978 1.05 -6.07978 5.35011 1.97247 6.67042 -0.133007 0 0 0 0.542528 0.581143 -0.00213768 -0.000275292 0.000252582 0.257571 0.218839 0.31584 0.145708 0.133968 0.159392 0.180432 0.165838 0.198373 0 0 0 0 0 0 0.499302 0.576561 -7.83091e-05 0.348951 2.38364 0 0.871109 0 0.976168 0 0.1026 0.0756514 0.0710052 1.00306 1 1 1.00388 1.00377 0.000800736 0.00101259 0
