160 3.63636 36.3636 1.13763 1.15856 1.14738 0 0 0 3.11119 3.10622 2.73211 2.73211 2.71845 2.69478 0.744541 0.304186 1 0.001 0.00236628 0.0410049 77.5326 32.126 5.58931 -37.7154 34.0084 11.6447 40.9182 -0.108268 0 0 0 0.54853 0.58503 -0.00025252 0.000792555 -0.00229096 0.87917 0.843043 0.912941 0.00250246 0.00239856 0.00260076 0.00312451 0.00299625 0.0032443 0 0 0 0 0 0 0.499797 0.577191 0.000493847 0.395624 15.2976 0 1.50477 0 2.06757 0 1.13763 3.11238 2.73211 1.0016 1 1.00003 1.00203 1.0019 0.00651153 0.00820525 0
170 3.86364 38.6364 1.11311 1.1513 1.13151 4.47101 6.90719 2.04438 3.05327 3.0481 2.67879 2.67879 2.66525 2.64208 0.729421 0.301473 1 0.001 0.0023776 0.0409449 76.5709 31.8566 5.44932 -37.306 33.7302 11.4928 40.4784 -0.30469 0 0 0 0.536948 0.574987 -0.000258217 0.000787038 -0.00227082 0.876384 0.840177 0.910306 0.0049995 0.00479159 0.00519631 0.00624193 0.00598526 0.0064819 0 0 0 0 0 0 0.499797 0.577191 0.000373071 0.395183 15.1538 0 2.23475 0 2.68263 0 1.11311 3.05441 2.67879 1.0017 1 1.00003 1.00216 1.00191 0.00649011 0.00817546 0
180 4.09091 40.9091 1.0882 1.14136 1.1141 4.90159 7.01368 2.80046 2.99235 2.987 2.62263 2.62263 2.60924 2.58661 0.713485 0.298052 1 0.001 0.00238978 0.0408958 75.6102 31.5605 5.31551 -36.876 33.4235 11.3462 40.0156 -0.501616 0 0 0 0.524446 0.563483 -0.000272646 0.000783684 -0.00224707 0.872572 0.836219 0.90668 0.00748716 0.00717501 0.00778281 0.00934735 0.00896186 0.00970811 0 0 0 0 0 0 0.499797 0.577191 0.000318279 0.394826 15.0012 0 2.5918 0 3.02112 0 1.0882 2.99343 2.62263 1.00179 1 1.00003 1.00228 1.00192 0.00646349 0.00814289 0
190 4.31818 43.1818 1.06295 1.12905 1.09535 5.28137 7.10999 3.46599 2.9284 2.92291 2.56374 2.56374 2.55054 2.52857 0.696785 0.294163 1 0.001 0.00240288 0.040859 74.6531 31.2406 5.18706 -36.4276 33.0915 11.1901 39.5311 -0.713964 0 0 0 0.51324 0.55299 -0.000297613 0.000780072 -0.00222256 0.867835 0.831298 0.902166 0.0099627 0.00954583 0.0103576 0.0124373 0.0119224 0.0129196 0 0 0 0 0 0 0.499797 0.577191 0.000155761 0.393668 14.8393 0 2.86518 0 3.31099 0 1.06295 2.92942 2.56374 1.00188 1 1.00003 1.00239 1.00194 0.0064251 0.00809605 0
200 4.54545 45.4545 1.03733 1.11432 1.0752 5.67254 7.21387 4.14641 2.86059 2.85499 2.50194 2.50194 2.48897 2.46772 0.679412 0.290994 1 0.001 0.00241714 0.0408407 73.708 30.8985 5.06459 -35.9631 32.7331 11.0184 39.0238 -0.950537 0 0 0 0.503824 0.544108 -0.000334487 0.000768469 -0.0022017 0.862125 0.825399 0.896719 0.0124234 0.0119012 0.0129179 0.0155082 0.0148632 0.0161129 0 0 0 0 0 0 0.499797 0.577191 0.00020972 0.39261 14.6659 0 3.10473 0 3.57228 0 1.03733 2.86154 2.50194 1.00196 1 1.00003 1.00249 1.00196 0.00638011 0.00804284 0
210 4.77273 47.7273 1.01135 1.09722 1.05368 6.05917 7.31798 4.81527 2.78956 2.78388 2.43724 2.43724 2.42454 2.40406 0.661229 0.288388 1 0.001 0.00243252 0.0408373 72.7662 30.5309 4.94648 -35.4773 32.3473 10.8371 38.4907 -1.20084 0 0 0 0.496715 0.537371 -0.000387359 0.000735926 -0.00219359 0.855445 0.818506 0.890342 0.0148664 0.0142384 0.0154611 0.0185564 0.0177806 0.0192845 0 0 0 0 0 0 0.499797 0.577191 0.000311086 0.391583 14.4821 0 3.31454 0 3.80293 0 1.01135 2.79044 2.43724 1.00204 1 1.00003 1.00259 1.00199 0.006323 0.00797467 0
220 5 50 0.984999 1.07795 1.0309 6.41678 7.4191 5.42893 2.71514 2.70941 2.36979 2.36979 2.35737 2.33765 0.642347 0.286333 1 0.001 0.00244916 0.0408514 71.8306 30.134 4.83096 -34.965 31.9285 10.6618 37.9323 -1.44991 0 0 0 0.492084 0.533102 -0.000433466 0.000686409 -0.00220153 0.847853 0.810682 0.88308 0.017289 0.0165544 0.0179845 0.0215783 0.0206708 0.022431 0 0 0 0 0 0 0.499797 0.577191 0.000579892 0.390582 14.2871 0 3.49211 0 3.99611 0 0.984999 2.71595 2.36979 1.00211 1 1.00003 1.00269 1.00202 0.00626439 0.00789964 0
230 5.22727 52.2727 0.958371 1.05681 1.00704 6.71776 7.49852 5.95169 2.63836 2.63262 2.29999 2.29999 2.28788 2.26894 0.622762 0.284175 1 0.001 0.00246691 0.0408783 70.8936 29.713 4.7112 -34.4242 31.4834 10.4886 37.3477 -1.68637 0 0 0 0.489161 0.53051 -0.000468711 0.000624123 -0.00221275 0.839444 0.802051 0.875025 0.0196886 0.0188467 0.0204856 0.0245705 0.0235306 0.0255491 0 0 0 0 0 0 0.499797 0.577191 0.000798811 0.389501 14.0832 0 3.63865 0 4.15301 0 0.958371 2.63911 2.29999 1.00218 1 1.00002 1.00277 1.00205 0.00619465 0.00781329 0
240 5.45455 54.5455 0.931538 1.03416 0.982328 6.95924 7.55635 6.37821 2.56006 2.55431 2.22843 2.22843 2.21666 2.19853 0.60261 0.282206 1 0.001 0.00248569 0.0409145 69.95 29.2693 4.60136 -33.8707 31.0148 10.2997 36.7462 -1.90655 0 0 0 0.486775 0.528343 -0.000500003 0.000546744 -0.00223553 0.83033 0.792728 0.866288 0.0220628 0.0211131 0.0229622 0.0275302 0.0263571 0.0286359 0 0 0 0 0 0 0.499797 0.577191 0.000993331 0.388969 13.8722 0 3.75677 0 4.27586 0 0.931538 2.56074 2.22843 1.00225 1 1.00002 1.00286 1.00208 0.00612044 0.00771627 0
250 5.68182 56.8182 0.904596 1.01035 0.956981 7.13786 7.58685 6.7062 2.48028 2.47456 2.15579 2.15579 2.14437 2.12703 0.582217 0.280636 1 0.001 0.00250556 0.0409623 69.0059 28.8055 4.5003 -33.3058 30.5245 10.1102 36.13 -2.09936 0 0 0 0.485546 0.527266 -0.000530816 0.000465595 -0.00226692 0.820647 0.782836 0.85697 0.0244097 0.0233516 0.0254123 0.0304547 0.0291477 0.0316889 0 0 0 0 0 0 0.499797 0.577191 0.00101623 0.388006 13.6539 0 3.84768 0 4.36778 0 0.904596 2.48091 2.15579 1.00231 1 1.00002 1.00294 1.00211 0.00604036 0.00761305 0
260 5.90909 59.0909 0.877679 0.98569 0.931228 7.25193 7.57976 6.94306 2.39956 2.39388 2.08271 2.08271 2.07164 2.05507 0.561794 0.27881 1 0.001 0.00252648 0.0410219 68.0648 28.3261 4.3966 -32.7227 30.0205 9.92536 35.4991 -2.24953 0 0 0 0.484869 0.526734 -0.000555658 0.000373528 -0.00229894 0.810497 0.772497 0.847185 0.0267277 0.0255606 0.0278343 0.033342 0.0319004 0.034706 0 0 0 0 0 0 0.499797 0.577191 0.00122824 0.387145 13.4295 0 3.91452 0 4.43112 0 0.877679 2.40013 2.08271 1.00237 1 1.00002 1.00301 1.00214 0.00595401 0.00750395 0
270 6.13636 61.3636 0.850958 0.960484 0.905295 7.30292 7.52464 7.09812 2.3184 2.31279 2.00983 2.00983 1.99911 1.98329 0.541558 0.276993 1 0.001 0.00254841 0.041094 67.1332 27.8437 4.28922 -32.133 29.5105 9.73452 34.8585 -2.3712 0 0 0 0.484156 0.526148 -0.000576832 0.000272032 -0.00232537 0.800008 0.761789 0.837038 0.0290154 0.0277388 0.0302267 0.0361906 0.0346137 0.0376856 0 0 0 0 0 0 0.499797 0.577191 0.0008204 0.386385 13.2 0 3.96013 0 4.4701 0 0.850958 2.31893 2.00983 1.00243 1 1.00002 1.00308 1.00218 0.0058664 0.00739234 0
280 6.36364 63.6364 0.824537 0.934989 0.879361 7.3028 7.44018 7.17942 2.23737 2.23185 1.93759 1.93759 1.92723 1.9121 0.521618 0.27535 1 0.001 0.00257127 0.0411772 66.2113 27.3524 4.1838 -31.5362 28.993 9.5471 34.2132 -2.46262 0 0 0 0.484032 0.526193 -0.000603751 0.000155825 -0.00234213 0.789272 0.750823 0.826615 0.0312718 0.0298852 0.0325886 0.038999 0.0372861 0.0406263 0 0 0 0 0 0 0.499797 0.577191 0.000947055 0.385591 12.967 0 3.98868 0 4.49098 0 0.824537 2.23786 1.93759 1.00248 1 1.00002 1.00315 1.00221 0.00577637 0.00727951 0
290 6.59091 65.9091 0.798503 0.909408 0.853578 7.26071 7.33123 7.20336 2.15736 2.15192 1.86639 1.86639 1.85637 1.84193 0.501994 0.273551 1 0.001 0.00259489 0.0412667 65.2942 26.8542 4.08497 -30.9391 28.469 9.35838 33.5689 -2.52802 0 0 0 0.483899 0.526217 -0.000629225 4.80991e-05 -0.00234295 0.778363 0.739685 0.815987 0.0334962 0.0319991 0.0349189 0.0417665 0.039917 0.0435271 0 0 0 0 0 0 0.499797 0.577191 0.000825539 0.384629 12.7327 0 4.00172 0 4.49545 0 0.798503 2.15781 1.86639 1.00252 1 1.00002 1.00321 1.00225 0.00568746 0.00716505 0
300 6.81818 68.1818 0.772939 0.883914 0.828073 7.1821 7.1986 7.17923 2.07867 2.07334 1.79652 1.79652 1.78684 1.77307 0.482776 0.271997 1 0.001 0.00261919 0.0413622 64.3845 26.3547 3.99125 -30.346 27.9431 9.16869 32.9268 -2.56546 0 0 0 0.483489 0.525993 -0.000657174 -6.35405e-05 -0.00233464 0.767348 0.728435 0.805225 0.0356881 0.03408 0.0372172 0.0444925 0.0425055 0.0463873 0 0 0 0 0 0 0.499797 0.577191 0.000702446 0.38364 12.4981 0 4.00038 0 4.48449 0 0.772939 2.07909 1.79652 1.00257 1 1.00002 1.00326 1.00228 0.00559548 0.0070486 0
310 7.04545 70.4545 0.747933 0.858654 0.802962 7.07118 7.04176 7.11309 2.00137 1.99616 1.72821 1.72821 1.71887 1.70573 0.46406 0.270441 1 0.001 0.0026442 0.0414656 63.4882 25.8564 3.89253 -29.749 27.4177 8.99182 32.2848 -2.58085 0 0 0 0.483765 0.526482 -0.000690872 -0.000192595 -0.00231962 0.756295 0.717125 0.794392 0.037847 0.0361275 0.039483 0.0471765 0.0450513 0.0492062 0 0 0 0 0 0 0.499797 0.577191 0.00104583 0.382734 12.2632 0 3.98953 0 4.46371 0 0.747933 2.00177 1.72821 1.00261 1 1.00001 1.00332 1.00232 0.00550576 0.00693418 0
320 7.27273 72.7273 0.723533 0.833704 0.778306 6.94307 6.87099 7.02611 1.92613 1.92104 1.66162 1.66162 1.65261 1.64008 0.445791 0.268727 1 0.001 0.00266973 0.0415721 62.6001 25.3631 3.79325 -29.1563 26.8974 8.81039 31.6464 -2.57871 0 0 0 0.483863 0.526836 -0.000714744 -0.000334192 -0.00229184 0.745228 0.7058 0.783511 0.0399728 0.0381413 0.041716 0.0498183 0.0475542 0.0519837 0 0 0 0 0 0 0.499797 0.577191 0.00101311 0.382036 12.0303 0 3.97155 0 4.43677 0 0.723533 1.9265 1.66162 1.00265 1 1.00001 1.00337 1.00236 0.00541173 0.00681563 0
330 7.5 75 0.699795 0.809154 0.754181 6.79376 6.6846 6.91331 1.85295 1.84798 1.59692 1.59692 1.58823 1.57628 0.428058 0.267644 1 0.001 0.00269579 0.0416834 61.7254 24.8723 3.6982 -28.5705 26.3805 8.63035 31.015 -2.56201 0 0 0 0.484011 0.527138 -0.000718725 -0.000474511 -0.00225104 0.734193 0.694493 0.772624 0.0420654 0.0401214 0.0439161 0.0524179 0.0500142 0.0547194 0 0 0 0 0 0 0.499797 0.577191 0.000899268 0.381319 11.7993 0 3.9459 0 4.40085 0 0.699795 1.85329 1.59692 1.00269 1 1.00001 1.00341 1.00239 0.00531846 0.00669789 0
340 7.72727 77.2727 0.676733 0.785083 0.730634 6.63079 6.49434 6.77825 1.78164 1.77681 1.53414 1.53414 1.52576 1.51436 0.410911 0.267548 1 0.001 0.00272243 0.0418021 60.8686 24.3835 3.60664 -27.9901 25.8663 8.45804 30.3906 -2.53375 0 0 0 0.484266 0.527588 -0.000708641 -0.000623239 -0.0021972 0.723227 0.683236 0.761773 0.0441249 0.0420677 0.0460831 0.0549754 0.0524313 0.0574134 0 0 0 0 0 0 0.499797 0.577191 0.000803015 0.380256 11.5698 0 3.91479 0 4.35977 0 0.676733 1.78197 1.53414 1.00272 1 1.00001 1.00346 1.00243 0.00522622 0.0065811 0
350 7.95455 79.5455 0.654372 0.761536 0.707699 6.45843 6.29674 6.63099 1.71233 1.70763 1.47327 1.47327 1.4652 1.45434 0.394327 0.267843 1 0.001 0.00274964 0.0419281 60.031 23.9 3.51772 -27.4177 25.3579 8.2852 29.7734 -2.49632 0 0 0 0.484497 0.527948 -0.000693402 -0.000797725 -0.00213583 0.712335 0.672062 0.750988 0.0461514 0.0439804 0.0482172 0.057491 0.0548057 0.0600657 0 0 0 0 0 0 0.499797 0.577191 0.000759452 0.379682 11.3424 0 3.87676 0 4.31217 0 0.654372 1.71263 1.47327 1.00275 1 1.00001 1.0035 1.00246 0.00513297 0.00646339 0
360 8.18182 81.8182 0.632725 0.738549 0.685399 6.27962 6.09601 6.47304 1.64478 1.64022 1.4143 1.4143 1.40653 1.39617 0.378334 0.268247 1 0.001 0.00277751 0.0420654 59.2192 23.4215 3.42719 -26.8487 24.8554 8.11661 29.1623 -2.45254 0 0 0 0.484649 0.528379 -0.000673297 -0.000978312 -0.00207048 0.701539 0.661006 0.740279 0.0481452 0.0458596 0.0503183 0.059965 0.0571377 0.0626766 0 0 0 0 0 0 0.499797 0.577191 0.000594463 0.379019 11.1162 0 3.83668 0 4.26363 0 0.632725 1.64506 1.4143 1.00278 1 1.00001 1.00353 1.0025 0.00503947 0.00634521 0
370 8.40909 84.0909 0.611801 0.716158 0.663759 6.09405 5.89205 6.30537 1.57892 1.5745 1.35722 1.35722 1.34975 1.33987 0.362954 0.267971 1 0.001 0.00280608 0.0422162 58.4369 22.9506 3.3366 -26.2872 24.361 7.94573 28.5583 -2.40212 0 0 0 0.485079 0.528972 -0.000652505 -0.00115396 -0.00199989 0.690853 0.650077 0.729683 0.0501064 0.0477057 0.0523867 0.0623977 0.0594278 0.0652463 0 0 0 0 0 0 0.499797 0.577191 0.000458455 0.378402 10.8913 0 3.79194 0 4.20999 0 0.611801 1.57919 1.35722 1.00281 1 1.00001 1.00357 1.00253 0.00494608 0.00622876 0
380 8.63636 86.3636 0.591602 0.694397 0.642794 5.90377 5.68801 6.12794 1.51511 1.51083 1.30208 1.30208 1.29489 1.28548 0.348132 0.267424 1 0.001 0.00283522 0.0423767 57.6786 22.4865 3.25011 -25.7366 23.872 7.77552 27.9642 -2.34521 0 0 0 0.485559 0.529629 -0.000621197 -0.00132542 -0.00191907 0.680302 0.639294 0.719226 0.0520353 0.049519 0.0544226 0.0647894 0.0616763 0.0677752 0 0 0 0 0 0 0.499797 0.577191 0.00088157 0.377645 10.6688 0 3.74459 0 4.15379 0 0.591602 1.51536 1.30208 1.00283 1 1.00001 1.0036 1.00257 0.004852 0.0061118 0
390 8.86364 88.6364 0.572133 0.673261 0.622505 5.71335 5.48268 5.95165 1.45345 1.44931 1.24891 1.24891 1.242 1.23304 0.333871 0.266456 1 0.001 0.00286488 0.0425465 56.9449 22.0289 3.1676 -25.1965 23.3884 7.60948 27.3809 -2.28394 0 0 0 0.48566 0.530026 -0.000587045 -0.00149557 -0.00183306 0.669893 0.628661 0.708909 0.0539323 0.0512998 0.0564264 0.0671407 0.0638839 0.0702639 0 0 0 0 0 0 0.499797 0.577191 0.000771822 0.377133 10.4493 0 3.69527 0 4.09525 0 0.572133 1.45369 1.24891 1.00285 1 1.00001 1.00363 1.0026 0.00475981 0.00599538 0
400 9.09091 90.9091 0.553375 0.652762 0.602889 5.52377 5.28203 5.77263 1.39392 1.38992 1.19772 1.19772 1.19108 1.18255 0.320174 0.26501 1 0.001 0.00289503 0.0427258 56.236 21.5774 3.0872 -24.6646 22.9113 7.44932 26.808 -2.22231 0 0 0 0.486069 0.530612 -0.000551409 -0.00165904 -0.00174932 0.659633 0.618196 0.698743 0.0557976 0.0530485 0.0583983 0.0694521 0.066051 0.0727127 0 0 0 0 0 0 0.499797 0.577191 0.000656794 0.376754 10.233 0 3.64552 0 4.03698 0 0.553375 1.39414 1.19772 1.00288 1 1.00001 1.00365 1.00264 0.00466711 0.0058801 0
410 9.31818 93.1818 0.535317 0.632893 0.583936 5.33728 5.08527 5.59516 1.3365 1.33264 1.14847 1.14847 1.14209 1.13395 0.30702 0.263533 1 0.001 0.00292568 0.0429145 55.5514 21.1311 3.01235 -24.1435 22.4415 7.2892 26.2468 -2.15848 0 0 0 0.486785 0.531445 -0.000514216 -0.00180605 -0.00166634 0.649538 0.607896 0.688729 0.0576317 0.0547657 0.0603387 0.071724 0.0681782 0.0751222 0 0 0 0 0 0 0.499797 0.577191 0.000659714 0.376042 10.0199 0 3.59385 0 3.97734 0 0.535317 1.33671 1.14847 1.00289 1 1.00001 1.00368 1.00267 0.00457438 0.00576572 0
420 9.54545 95.4545 0.517941 0.613659 0.56564 5.15196 4.89308 5.41633 1.28121 1.27749 1.10109 1.10109 1.09497 1.08722 0.294383 0.262387 1 0.001 0.00295678 0.0431117 54.8898 20.6918 2.93976 -23.6316 21.9788 7.1329 25.6963 -2.09582 0 0 0 0.48732 0.53211 -0.000468243 -0.00194603 -0.001585 0.639618 0.597773 0.678877 0.0594351 0.0564517 0.0622481 0.0739571 0.0702663 0.0774929 0 0 0 0 0 0 0.499797 0.577191 0.000555409 0.375402 9.81039 0 3.54098 0 3.91651 0 0.517941 1.2814 1.10109 1.00291 1 1.00001 1.0037 1.0027 0.00448148 0.00565117 0
430 9.77273 97.7273 0.501235 0.595057 0.547995 4.96891 4.70441 5.23836 1.228 1.22442 1.05557 1.05557 1.04969 1.04231 0.282255 0.26155 1 0.001 0.00298834 0.043318 54.2519 20.2591 2.87274 -23.1318 21.5228 6.9833 25.1567 -2.03057 0 0 0 0.488279 0.533193 -0.000408948 -0.00207219 -0.0015046 0.629873 0.587837 0.669194 0.0612084 0.0581069 0.0641268 0.076152 0.0723157 0.0798255 0 0 0 0 0 0 0.499797 0.577191 0.00053489 0.374714 9.60443 0 3.48727 0 3.85505 0 0.501235 1.22818 1.05557 1.00293 1 1.00001 1.00372 1.00273 0.00439021 0.00553732 0
440 10 100 0.485189 0.57708 0.53099 4.78852 4.51855 5.0623 1.17683 1.17338 1.01188 1.01188 1.00624 0.999207 0.270637 0.260843 1 0.001 0.00302034 0.0435336 53.6381 19.8358 2.80783 -22.6436 21.0749 6.83808 24.6282 -1.96708 0 0 0 0.489393 0.534393 -0.000340367 -0.00218292 -0.00142865 0.6203 0.578097 0.659691 0.0629517 0.0597321 0.0659753 0.0783094 0.0743272 0.0821204 0 0 0 0 0 0 0.499797 0.577191 0.000336142 0.374478 9.40213 0 3.43251 0 3.79297 0 0.485189 1.177 1.01188 1.00294 1 1.00001 1.00374 1.00277 0.00430213 0.00542571 0
450 10.2273 102.273 0.469776 0.559713 0.514609 4.61307 4.34017 4.89048 1.12776 1.12444 0.969972 0.969972 0.964571 0.957877 0.259493 0.260069 1 0.001 0.0030527 0.0437561 53.0451 19.4213 2.74656 -22.1679 20.6356 6.69297 24.1116 -1.8999 0 0 0 0.490191 0.535397 -0.000273317 -0.0022741 -0.00135793 0.61089 0.568552 0.650375 0.0646656 0.0613274 0.0677942 0.0804297 0.0763015 0.0843785 0 0 0 0 0 0 0.499797 0.577191 0.000511535 0.3736 9.20396 0 3.37726 0 3.73028 0 0.469776 1.12792 0.969972 1.00296 1 1.00001 1.00375 1.0028 0.00421345 0.00531407 0
460 10.4545 104.545 0.454979 0.542938 0.498832 4.44267 4.1668 4.72393 1.0807 1.0775 0.929798 0.929798 0.924623 0.91825 0.248813 0.259236 1 0.001 0.00308543 0.0439865 52.4738 19.0138 2.68836 -21.7022 20.2038 6.55377 23.6065 -1.83461 0 0 0 0.491 0.536306 -0.000211627 -0.00235141 -0.00129737 0.601648 0.559201 0.64124 0.0663505 0.0628937 0.0695838 0.0825135 0.0782392 0.0866003 0 0 0 0 0 0 0.499797 0.577191 0.00062704 0.372813 9.00981 0 3.32304 0 3.66883 0 0.454979 1.08085 0.929798 1.00297 1 1.00001 1.00377 1.00283 0.00412517 0.00520361 0
470 10.6818 106.818 0.440785 0.526748 0.483648 4.27592 3.99718 4.55893 1.03555 1.03248 0.89132 0.89132 0.886361 0.880287 0.238597 0.25848 1 0.001 0.00311855 0.0442255 51.9254 18.6169 2.63195 -21.2488 19.7824 6.41247 23.1131 -1.7722 0 0 0 0.491813 0.537128 -0.000145084 -0.0024165 -0.0012396 0.592583 0.550051 0.632286 0.0680068 0.0644314 0.0713448 0.0845616 0.0801412 0.0887865 0 0 0 0 0 0 0.499797 0.577191 0.000634813 0.372037 8.81958 0 3.26719 0 3.60585 0 0.440785 1.0357 0.89132 1.00298 1 1.00001 1.00378 1.00286 0.00403959 0.0050957 0
480 10.9091 109.091 0.427166 0.511137 0.469039 4.11398 3.83497 4.39619 0.99233 0.989374 0.854478 0.854478 0.849727 0.843941 0.228815 0.257867 1 0.001 0.00315199 0.0444715 51.3969 18.2301 2.57597 -20.8061 19.3713 6.26926 22.631 -1.7113 0 0 0 0.492891 0.538198 -7.73676e-05 -0.00247971 -0.00118196 0.583696 0.541114 0.623513 0.0696352 0.0659411 0.0730774 0.0865745 0.0820081 0.0909377 0 0 0 0 0 0 0.499797 0.577191 0.000515569 0.371681 8.63351 0 3.21218 0 3.54386 0 0.427166 0.992463 0.854478 1.00299 1 1.00001 1.0038 1.00289 0.00395468 0.00498915 0
490 11.1364 111.364 0.414103 0.496088 0.454988 3.95655 3.67862 4.23779 0.95106 0.948219 0.81922 0.81922 0.81467 0.809158 0.219436 0.257553 1 0.001 0.00318566 0.0447224 50.8859 17.8483 2.52287 -20.3711 18.967 6.1384 22.1595 -1.65026 0 0 0 0.493805 0.539088 -9.7547e-06 -0.00253262 -0.00112681 0.574985 0.532376 0.614934 0.071236 0.0674236 0.0747822 0.0885528 0.0838407 0.0930546 0 0 0 0 0 0 0.499797 0.577191 0.000527037 0.371247 8.45204 0 3.15756 0 3.48172 0 0.414103 0.951185 0.81922 1.003 1 1 1.00381 1.00291 0.00387072 0.00488372 0
500 11.3636 113.636 0.401573 0.481592 0.441481 3.80361 3.52855 4.08193 0.911592 0.908862 0.785489 0.785489 0.781133 0.775881 0.21046 0.257706 1 0.001 0.00321962 0.04498 50.3943 17.4729 2.47155 -19.9445 18.57 6.01671 21.6988 -1.59133 0 0 0 0.494956 0.540372 5.65798e-05 -0.00257219 -0.00107268 0.566461 0.523833 0.606552 0.0728098 0.0688792 0.0764599 0.0904972 0.0856397 0.0951379 0 0 0 0 0 0 0.499797 0.577191 0.000375479 0.370866 8.27477 0 3.102 0 3.41997 0 0.401573 0.911709 0.785489 1.003 1 1 1.00382 1.00294 0.00378825 0.00477931 0
510 11.5909 115.909 0.389564 0.467621 0.428496 3.65676 3.38174 3.93441 0.873725 0.871102 0.753221 0.753221 0.74905 0.744043 0.201896 0.258294 1 0.001 0.00325397 0.0452482 49.9265 17.1055 2.42278 -19.5282 18.1814 5.89753 21.2495 -1.53126 0 0 0 0.495989 0.54145 0.000122632 -0.00259893 -0.00101985 0.558115 0.515479 0.598356 0.074357 0.0703086 0.078111 0.0924084 0.0874059 0.0971884 0 0 0 0 0 0 0.499797 0.577191 0.000338226 0.370114 8.10105 0 3.04813 0 3.36002 0 0.389564 0.873834 0.753221 1.00301 1 1 1.00383 1.00297 0.00370833 0.00467847 0
520 11.8182 118.182 0.378057 0.45415 0.416011 3.51551 3.24017 3.79348 0.83755 0.83503 0.722359 0.722359 0.718366 0.713596 0.193696 0.258954 1 0.001 0.00328856 0.0455233 49.4782 16.7469 2.37597 -19.1229 17.802 5.77905 20.8111 -1.47435 0 0 0 0.49714 0.542506 0.000181741 -0.0026181 -0.000966048 0.549939 0.507307 0.590344 0.0758783 0.0717124 0.079736 0.094287 0.0891399 0.0992066 0 0 0 0 0 0 0.499797 0.577191 0.000126056 0.369445 7.93155 0 2.99471 0 3.3005 0 0.378057 0.837653 0.722359 1.00302 1 1 1.00383 1.003 0.00362788 0.00457772 0
530 12.0455 120.455 0.36703 0.441167 0.404012 3.37909 3.10525 3.65583 0.802932 0.800512 0.692831 0.692831 0.689012 0.684467 0.185854 0.259431 1 0.001 0.00332346 0.0458068 49.0503 16.3993 2.32749 -18.7267 17.433 5.66067 20.3821 -1.4213 0 0 0 0.497961 0.543264 0.000236653 -0.00263506 -0.000909849 0.541936 0.499311 0.582518 0.077374 0.0730909 0.0813355 0.0961337 0.0908423 0.101193 0 0 0 0 0 0 0.499797 0.577191 0.000145483 0.368855 7.76588 0 2.94235 0 3.24223 0 0.36703 0.80303 0.692831 1.00302 1 1 1.00384 1.00302 0.00354786 0.00447846 0
540 12.2727 122.727 0.356456 0.428662 0.392477 3.24825 2.97773 3.52144 0.769743 0.767419 0.664581 0.664581 0.660925 0.656594 0.178363 0.259859 1 0.001 0.00335874 0.0461006 48.644 16.0606 2.27832 -18.3389 17.0726 5.54463 19.9632 -1.37092 0 0 0 0.499084 0.544412 0.000289502 -0.00265184 -0.000852701 0.534109 0.491494 0.574879 0.0788446 0.0744448 0.08291 0.0979489 0.0925139 0.103149 0 0 0 0 0 0 0.499797 0.577191 -4.71995e-05 0.368338 7.60367 0 2.89006 0 3.18464 0 0.356456 0.769835 0.664581 1.00303 1 1 1.00385 1.00305 0.00347163 0.00438222 0
550 12.5 125 0.346319 0.416614 0.381388 3.12269 2.85457 3.39267 0.737981 0.73575 0.637543 0.637543 0.634044 0.629913 0.171194 0.260287 1 0.001 0.00339432 0.0464033 48.2576 15.7282 2.23253 -17.9607 16.719 5.43327 19.5544 -1.31886 0 0 0 0.500244 0.545534 0.000340478 -0.00267112 -0.000796999 0.526458 0.483852 0.567413 0.0802907 0.0757746 0.08446 0.0997335 0.0941553 0.105075 0 0 0 0 0 0 0.499797 0.577191 -3.93185e-05 0.367989 7.44513 0 2.83986 0 3.12869 0 0.346319 0.738067 0.637543 1.00303 1 1 1.00385 1.00307 0.00339752 0.00428778 0
560 12.7273 127.273 0.336607 0.404996 0.370726 3.00232 2.73477 3.27163 0.7076 0.705457 0.61168 0.61168 0.608331 0.60439 0.164336 0.260546 1 0.001 0.00343019 0.0467153 47.8912 15.4031 2.18853 -17.5917 16.3742 5.3243 19.1548 -1.27043 0 0 0 0.501546 0.546704 0.000384338 -0.00268523 -0.000744419 0.518969 0.476376 0.560115 0.0817126 0.0770806 0.0859861 0.101488 0.095767 0.106971 0 0 0 0 0 0 0.499797 0.577191 -1.95248e-05 0.367426 7.29025 0 2.79067 0 3.07385 0 0.336607 0.707682 0.61168 1.00304 1 1 1.00386 1.00309 0.00332508 0.00419556 0
570 12.9545 129.545 0.327296 0.393807 0.360479 2.88548 2.62207 3.1508 0.678537 0.67648 0.58695 0.58695 0.583746 0.579991 0.157783 0.260905 1 0.001 0.00346635 0.0470361 47.5436 15.0843 2.14648 -17.2308 16.0367 5.22078 18.7648 -1.22384 0 0 0 0.502576 0.547716 0.000426551 -0.00269657 -0.000689577 0.511649 0.46907 0.552995 0.0831107 0.0783635 0.0874887 0.103213 0.0973497 0.108838 0 0 0 0 0 0 0.499797 0.577191 0.000126613 0.366734 7.13895 0 2.74021 0 3.01756 0 0.327296 0.678614 0.58695 1.00304 1 1 1.00386 1.00312 0.00325495 0.00410498 0
580 13.1818 131.818 0.318364 0.383031 0.350628 2.77406 2.51523 3.03463 0.650703 0.648729 0.563305 0.563305 0.560236 0.556652 0.151525 0.261459 1 0.001 0.00350285 0.0473668 47.2152 14.7726 2.1067 -16.8793 15.7062 5.12092 18.3847 -1.1806 0 0 0 0.503428 0.54843 0.000462554 -0.00270297 -0.000633755 0.504491 0.461933 0.546048 0.0844856 0.0796237 0.0889684 0.104909 0.0989041 0.110677 0 0 0 0 0 0 0.499797 0.577191 0.000437524 0.3663 6.99099 0 2.69152 0 2.9638 0 0.318364 0.650777 0.563305 1.00304 1 1 1.00387 1.00314 0.00318598 0.00401756 0
590 13.4091 134.091 0.309794 0.372652 0.341157 2.66713 2.41328 2.92278 0.624108 0.622213 0.540697 0.540697 0.537758 0.534337 0.145539 0.262222 1 0.001 0.00353959 0.0477055 46.9035 14.4694 2.06751 -16.5369 15.3841 5.02017 18.0143 -1.13738 0 0 0 0.504741 0.549612 0.000492871 -0.00270695 -0.00057413 0.497496 0.454958 0.539272 0.0858377 0.0808617 0.0904256 0.106577 0.100431 0.112488 0 0 0 0 0 0 0.499797 0.577191 0.000296991 0.36583 6.84663 0 2.64384 0 2.91123 0 0.309794 0.624179 0.540697 1.00305 1 1 1.00387 1.00316 0.00311873 0.00393165 0
600 13.6364 136.364 0.301576 0.36265 0.332051 2.56437 2.31418 2.81648 0.598744 0.596925 0.519094 0.519094 0.516282 0.51302 0.139809 0.26321 1 0.001 0.0035765 0.0480502 46.6065 14.1734 2.03083 -16.2042 15.0697 4.91937 17.6539 -1.09727 0 0 0 0.50597 0.550723 0.000517138 -0.00270565 -0.000518002 0.490653 0.448147 0.532657 0.0871674 0.0820779 0.0918608 0.108217 0.10193 0.114272 0 0 0 0 0 0 0.499797 0.577191 0.000174604 0.36548 6.70605 0 2.59762 0 2.86037 0 0.301576 0.598811 0.519094 1.00305 1 1 1.00387 1.00318 0.00305074 0.0038465 0
610 13.8636 138.636 0.293688 0.353009 0.323289 2.4672 2.22135 2.71487 0.574468 0.572722 0.498438 0.498438 0.495747 0.492634 0.134335 0.26468 1 0.001 0.0036137 0.0484036 46.3259 13.8834 1.99682 -15.8802 14.7619 4.82051 17.3033 -1.05921 0 0 0 0.506793 0.551556 0.000537553 -0.00270426 -0.000467077 0.483957 0.441491 0.526203 0.0884752 0.0832728 0.0932747 0.109831 0.103403 0.116029 0 0 0 0 0 0 0.499797 0.577191 0.000368766 0.36522 6.56869 0 2.55209 0 2.8104 0 0.293688 0.574532 0.498438 1.00305 1 1 1.00387 1.0032 0.00298398 0.00376337 0
620 14.0909 140.909 0.286115 0.343721 0.314862 2.37318 2.13255 2.61567 0.551246 0.549569 0.478687 0.478687 0.476113 0.473143 0.129103 0.266389 1 0.001 0.00365118 0.0487663 46.0621 13.5992 1.96402 -15.5633 14.4609 4.72614 16.9612 -1.02124 0 0 0 0.507743 0.552422 0.000557452 -0.00269947 -0.000418996 0.477413 0.434991 0.519905 0.0897614 0.0844468 0.0946677 0.111417 0.10485 0.117761 0 0 0 0 0 0 0.499797 0.577191 0.000350536 0.364812 6.43455 0 2.50684 0 2.76029 0 0.286115 0.551306 0.478687 1.00305 1 1 1.00388 1.00322 0.0029196 0.00368149 0
630 14.3182 143.182 0.278848 0.334772 0.306756 2.28245 2.04654 2.51981 0.52909 0.52748 0.459818 0.459818 0.457355 0.454521 0.124099 0.268182 1 0.001 0.00368882 0.0491353 45.8122 13.3218 1.9319 -15.2537 14.1673 4.63588 16.6274 -0.98607 0 0 0 0.508556 0.553115 0.000575568 -0.00269018 -0.000375145 0.471022 0.428637 0.513764 0.0910265 0.0856004 0.09604 0.112978 0.106272 0.119467 0 0 0 0 0 0 0.499797 0.577191 0.000363913 0.364332 6.30391 0 2.46224 0 2.71137 0 0.278848 0.529147 0.459818 1.00305 1 1 1.00388 1.00324 0.00285544 0.00360116 0
640 14.5455 145.455 0.271871 0.326151 0.29896 2.19557 1.96471 2.42768 0.507948 0.506402 0.441787 0.441787 0.439433 0.436728 0.119311 0.269855 1 0.001 0.00372662 0.0495106 45.5756 13.0517 1.9015 -14.9532 13.881 4.54671 16.3023 -0.950397 0 0 0 0.509302 0.553666 0.000589874 -0.00267907 -0.000333011 0.464779 0.422433 0.507773 0.0922711 0.0867341 0.0973924 0.114513 0.107669 0.121149 0 0 0 0 0 0 0.499797 0.577191 0.00040638 0.364085 6.17668 0 2.41851 0 2.66321 0 0.271871 0.508002 0.441787 1.00305 1 1 1.00388 1.00326 0.00279109 0.00352143 0
650 14.7727 147.727 0.265174 0.317843 0.29146 2.11203 1.88569 2.33966 0.487715 0.48623 0.424558 0.424558 0.422307 0.419724 0.114742 0.271538 1 0.001 0.00376469 0.0498955 45.3554 12.7887 1.87179 -14.6605 13.6018 4.45925 15.9856 -0.917423 0 0 0 0.510231 0.554496 0.000603242 -0.00266548 -0.000291288 0.458681 0.416373 0.501927 0.0934955 0.0878482 0.0987252 0.116023 0.109041 0.122806 0 0 0 0 0 0 0.499797 0.577191 0.000348497 0.363563 6.05241 0 2.37632 0 2.61668 0 0.265174 0.487765 0.424558 1.00305 1 1 1.00388 1.00328 0.00272905 0.00344423 0
660 15 150 0.258745 0.309836 0.284244 2.03202 1.8106 2.25476 0.468379 0.466953 0.40809 0.40809 0.405937 0.403472 0.110374 0.273171 1 0.001 0.00380295 0.0502884 45.1497 12.5323 1.84271 -14.375 13.3294 4.37335 15.6772 -0.885944 0 0 0 0.511036 0.555226 0.000609202 -0.00265224 -0.000248928 0.452726 0.410456 0.496222 0.0947002 0.0889433 0.100039 0.117508 0.11039 0.124439 0 0 0 0 0 0 0.499797 0.577191 0.000261743 0.363061 5.93122 0 2.33479 0 2.57109 0 0.258745 0.468427 0.40809 1.00305 1 1 1.00388 1.0033 0.00266814 0.00336819 0
670 15.2273 152.273 0.252567 0.302119 0.277299 1.95572 1.73961 2.17305 0.449893 0.448524 0.392347 0.392347 0.390288 0.387937 0.106199 0.274529 1 0.001 0.00384143 0.0506894 44.958 12.2826 1.81446 -14.097 13.0639 4.28815 15.3769 -0.855552 0 0 0 0.511749 0.555853 0.000610128 -0.00263754 -0.000207304 0.446911 0.404682 0.490654 0.0958854 0.0900197 0.101333 0.11897 0.111715 0.126049 0 0 0 0 0 0 0.499797 0.577191 0.000379206 0.362471 5.81299 0 2.29322 0 2.5254 0 0.252567 0.449939 0.392347 1.00305 1 1 1.00388 1.00331 0.00260968 0.00329414 0
680 15.4545 154.545 0.246632 0.294682 0.270614 1.88223 1.6712 2.09433 0.432215 0.430899 0.3773 0.3773 0.375331 0.373087 0.102211 0.275613 1 0.001 0.00388012 0.0510988 44.7802 12.0388 1.78604 -13.8248 12.8052 4.20719 15.0834 -0.826288 0 0 0 0.512627 0.556677 0.00060688 -0.00261611 -0.00016637 0.441232 0.399042 0.485225 0.0970517 0.0910777 0.102609 0.120409 0.113018 0.127637 0 0 0 0 0 0 0.499797 0.577191 5.56659e-05 0.362393 5.69764 0 2.25351 0 2.4818 0 0.246632 0.43226 0.3773 1.00305 1 1 1.00388 1.00333 0.00255227 0.00322207 0
690 15.6818 156.818 0.240931 0.287513 0.264181 1.81178 1.60549 2.01886 0.415323 0.414059 0.362917 0.362917 0.361034 0.358892 0.0983973 0.276701 1 0.001 0.00391899 0.0515159 44.6156 11.7997 1.75928 -13.559 12.5519 4.13133 14.7975 -0.797997 0 0 0 0.513542 0.557512 0.000598068 -0.00259318 -0.000127921 0.435686 0.393534 0.479931 0.0981995 0.0921178 0.103868 0.121824 0.114298 0.129202 0 0 0 0 0 0 0.499797 0.577191 5.52037e-05 0.361995 5.58519 0 2.21393 0 2.43829 0 0.240931 0.415365 0.362917 1.00305 1 1 1.00388 1.00335 0.00249613 0.0031511 0
700 15.9091 159.091 0.235449 0.2806 0.257985 1.7447 1.54371 1.94652 0.399159 0.397944 0.349167 0.349167 0.347365 0.345318 0.0947546 0.27813 1 0.001 0.00395808 0.0519413 44.4638 11.5656 1.73522 -13.3009 12.3041 4.05801 14.5196 -0.771686 0 0 0 0.514092 0.557956 0.000585003 -0.00257152 -8.77189e-05 0.430269 0.388157 0.474767 0.0993293 0.0931402 0.105108 0.123217 0.115557 0.130746 0 0 0 0 0 0 0.499797 0.577191 0.000170264 0.36157 5.47542 0 2.17586 0 2.39675 0 0.235449 0.399198 0.349167 1.00305 1 1 1.00388 1.00336 0.00244262 0.00308298 0
710 16.1364 161.364 0.230177 0.273935 0.252018 1.68024 1.48456 1.87681 0.38374 0.382572 0.336022 0.336022 0.334298 0.332343 0.0912653 0.279714 1 0.001 0.00399725 0.0523714 44.3215 11.3375 1.71285 -13.0504 12.0623 3.98573 14.249 -0.745189 0 0 0 0.514412 0.558107 0.000572187 -0.00255014 -4.74481e-05 0.42498 0.382906 0.469729 0.100441 0.0941455 0.106331 0.124589 0.116794 0.132268 0 0 0 0 0 0 0.499797 0.577191 7.74066e-06 0.361295 5.36863 0 2.13815 0 2.35506 0 0.230177 0.383777 0.336022 1.00305 1 1 1.00388 1.00338 0.00238936 0.00301523 0
720 16.3636 163.636 0.225109 0.267507 0.246271 1.6183 1.42709 1.81035 0.368992 0.367869 0.323461 0.323461 0.321811 0.319941 0.0879337 0.281351 1 0.001 0.0040366 0.0528098 44.192 11.1156 1.69101 -12.8066 11.8269 3.91415 13.9858 -0.719867 0 0 0 0.515303 0.55889 0.000559604 -0.00252812 -7.52143e-06 0.419819 0.377778 0.464811 0.101536 0.0951339 0.107538 0.125938 0.118011 0.13377 0 0 0 0 0 0 0.499797 0.577191 0.000195313 0.361064 5.26446 0 2.10125 0 2.31453 0 0.225109 0.369028 0.323461 1.00305 1 1 1.00388 1.00339 0.00233813 0.00294973 0
730 16.5909 165.909 0.220237 0.261304 0.240735 1.55894 1.37199 1.74656 0.354883 0.353803 0.311453 0.311453 0.309874 0.308087 0.0847514 0.282947 1 0.001 0.00407614 0.0532567 44.0753 10.8995 1.66998 -12.5695 11.5977 3.84472 13.7291 -0.695346 0 0 0 0.516022 0.559516 0.000547797 -0.00250234 3.2e-05 0.414774 0.372771 0.460014 0.102613 0.096106 0.108728 0.127267 0.119207 0.135251 0 0 0 0 0 0 0.499797 0.577191 0.000305762 0.360624 5.16283 0 2.06523 0 2.2751 0 0.220237 0.354917 0.311453 1.00305 1 1 1.00388 1.0034 0.00228872 0.00288617 0
740 16.8182 168.182 0.215552 0.255318 0.2354 1.50232 1.31937 1.68578 0.341413 0.340375 0.299969 0.299969 0.298458 0.296749 0.0817029 0.28466 1 0.001 0.00411576 0.0537089 43.9682 10.6889 1.64956 -12.3384 11.3743 3.77754 13.4788 -0.672094 0 0 0 0.516816 0.560152 0.000534604 -0.00247625 7.06469e-05 0.409843 0.367881 0.455333 0.103674 0.0970621 0.109901 0.128576 0.120383 0.136712 0 0 0 0 0 0 0.499797 0.577191 0.000176522 0.360186 5.06391 0 2.03006 0 2.23687 0 0.215552 0.341446 0.299969 1.00305 1 1 1.00388 1.00342 0.00223917 0.00282394 0
750 17.0455 170.455 0.211044 0.249541 0.230259 1.44788 1.2695 1.62687 0.328563 0.327564 0.288988 0.288988 0.287542 0.285908 0.078782 0.28646 1 0.001 0.00415542 0.0541659 43.8701 10.484 1.62903 -12.1131 11.1569 3.71182 13.2348 -0.649947 0 0 0 0.517737 0.560852 0.000519385 -0.00244959 0.000113335 0.405024 0.363108 0.450765 0.104719 0.0980023 0.111059 0.129864 0.12154 0.138154 0 0 0 0 0 0 0.499797 0.577191 8.25396e-05 0.359717 4.9677 0 1.99494 0 2.19833 0 0.211044 0.328594 0.288988 1.00305 1 1 1.00388 1.00343 0.00218988 0.00276287 0
760 17.2727 172.727 0.206702 0.243969 0.225303 1.39552 1.22273 1.56901 0.316276 0.315314 0.278485 0.278485 0.2771 0.275537 0.0759876 0.288612 1 0.001 0.0041952 0.0546297 43.7823 10.2844 1.60888 -11.8932 10.9447 3.64781 12.9973 -0.628777 0 0 0 0.518487 0.561561 0.000503026 -0.00242479 0.000157282 0.400319 0.358451 0.446314 0.105747 0.0989273 0.112201 0.131132 0.122678 0.139577 0 0 0 0 0 0 0.499797 0.577191 0.000146194 0.359291 4.87393 0 1.96108 0 2.16106 0 0.206702 0.316305 0.278485 1.00305 1 1 1.00388 1.00344 0.00214247 0.00270344 0
770 17.5 175 0.202522 0.238592 0.220526 1.34529 1.17708 1.51403 0.304535 0.303609 0.268438 0.268438 0.267112 0.265617 0.0733121 0.290823 1 0.001 0.00423506 0.0550995 43.7041 10.0895 1.58986 -11.6793 10.7376 3.58658 12.7659 -0.608077 0 0 0 0.519037 0.562047 0.000484188 -0.00240059 0.000199825 0.395725 0.353906 0.441969 0.10676 0.0998371 0.113328 0.132382 0.123797 0.140981 0 0 0 0 0 0 0.499797 0.577191 0.00015611 0.359101 4.78261 0 1.92733 0 2.12428 0 0.202522 0.304563 0.268438 1.00305 1 1 1.00387 1.00345 0.00209568 0.00264526 0
780 17.7273 177.273 0.198497 0.233403 0.215919 1.29713 1.13337 1.46136 0.293308 0.292417 0.258828 0.258828 0.257558 0.256129 0.070752 0.293124 1 0.001 0.00427502 0.0555758 43.6356 9.89956 1.57177 -11.4713 10.5357 3.5276 12.5403 -0.58864 0 0 0 0.519758 0.562714 0.000465467 -0.00237269 0.000243181 0.391242 0.349471 0.437728 0.107758 0.100732 0.114441 0.133612 0.124898 0.142367 0 0 0 0 0 0 0.499797 0.577191 0.000111536 0.35884 4.69362 0 1.89481 0 2.08876 0 0.198497 0.293335 0.258828 1.00305 1 1 1.00387 1.00347 0.00205026 0.00258817 0
790 17.9545 179.545 0.194619 0.228393 0.211476 1.25122 1.09218 1.41079 0.282556 0.281698 0.249635 0.249635 0.248419 0.247052 0.0683057 0.295588 1 0.001 0.00431511 0.0560596 43.5772 9.71508 1.55378 -11.2689 10.3392 3.4694 12.3207 -0.569939 0 0 0 0.52028 0.563183 0.000445267 -0.0023426 0.000287129 0.386866 0.345139 0.43359 0.108741 0.101613 0.115539 0.134824 0.125981 0.143735 0 0 0 0 0 0 0.499797 0.577191 6.91995e-06 0.35851 4.60679 0 1.8628 0 2.05416 0 0.194619 0.282582 0.249635 1.00305 1 1 1.00387 1.00348 0.00200685 0.00253316 0
800 18.1818 181.818 0.190882 0.223555 0.20719 1.20704 1.05228 1.3623 0.272307 0.27148 0.240839 0.240839 0.239676 0.238367 0.0659577 0.297969 1 0.001 0.00435515 0.056546 43.5253 9.53562 1.53597 -11.0716 10.1482 3.41249 12.1065 -0.551521 0 0 0 0.520762 0.563529 0.000425037 -0.00231216 0.000329247 0.382593 0.340907 0.429552 0.109709 0.102479 0.116623 0.136018 0.127047 0.145086 0 0 0 0 0 0 0.499797 0.577191 -0.000121502 0.3582 4.52247 0 1.83112 0 2.01941 0 0.190882 0.272332 0.240839 1.00305 1 1 1.00387 1.00349 0.00196309 0.00247833 0
810 18.4091 184.091 0.187281 0.218884 0.203055 1.16445 1.01406 1.31531 0.262517 0.26172 0.232425 0.232425 0.231312 0.230059 0.0637085 0.300483 1 0.001 0.0043952 0.0570373 43.4813 9.36072 1.51852 -10.8792 9.9622 3.3566 11.8979 -0.5339 0 0 0 0.521211 0.563797 0.000404407 -0.00228482 0.000369117 0.378421 0.336774 0.425617 0.110663 0.103332 0.117693 0.137195 0.128096 0.146419 0 0 0 0 0 0 0.499797 0.577191 -0.000141755 0.357986 4.44044 0 1.80048 0 1.98596 0 0.187281 0.262541 0.232425 1.00305 1 1 1.00387 1.0035 0.00191941 0.00242458 0
820 18.6364 186.364 0.183811 0.214374 0.199065 1.12347 0.977103 1.27022 0.253144 0.252375 0.224378 0.224378 0.223312 0.222115 0.0615595 0.303078 1 0.001 0.00443533 0.0575357 43.447 9.19024 1.50141 -10.6917 9.78106 3.30234 11.6949 -0.517167 0 0 0 0.521722 0.564257 0.000382312 -0.00225927 0.000410053 0.374348 0.332741 0.421776 0.111603 0.104171 0.118749 0.138354 0.129128 0.147736 0 0 0 0 0 0 0.499797 0.577191 -0.000279646 0.35779 4.36044 0 1.77023 0 1.95289 0 0.183811 0.253166 0.224378 1.00304 1 1 1.00387 1.00351 0.0018779 0.00237185 0
830 18.8636 188.636 0.180466 0.210017 0.195215 1.0843 0.942062 1.22685 0.244163 0.243422 0.21668 0.21668 0.215659 0.214514 0.0595065 0.305449 1 0.001 0.00447556 0.0580412 43.422 9.02435 1.48442 -10.5088 9.6049 3.24925 11.4972 -0.501035 0 0 0 0.522244 0.564734 0.000359604 -0.00223423 0.000452078 0.370372 0.328802 0.418028 0.112529 0.104996 0.119793 0.139496 0.130143 0.149037 0 0 0 0 0 0 0.499797 0.577191 -0.000284073 0.357453 4.2824 0 1.7409 0 1.92092 0 0.180466 0.244185 0.21668 1.00304 1 1 1.00387 1.00352 0.00183745 0.00232111 0
840 19.0909 190.909 0.17724 0.205806 0.191497 1.04689 0.908326 1.18577 0.235585 0.23487 0.209312 0.209312 0.208336 0.207241 0.0575384 0.307838 1 0.001 0.00451575 0.0585501 43.4034 8.86267 1.46802 -10.3307 9.43336 3.19751 11.3046 -0.485195 0 0 0 0.522886 0.565283 0.000336467 -0.00220726 0.000495771 0.366487 0.324956 0.414371 0.113442 0.105809 0.120823 0.140622 0.131143 0.150322 0 0 0 0 0 0 0.499797 0.577191 -0.000268216 0.35714 4.2065 0 1.71198 0 1.88954 0 0.17724 0.235606 0.209312 1.00304 1 1 1.00387 1.00353 0.00179684 0.00227023 0
850 19.3182 193.182 0.174129 0.201738 0.187908 1.01063 0.876136 1.14557 0.227369 0.22668 0.202263 0.202263 0.201329 0.20028 0.0556566 0.310335 1 0.001 0.004556 0.0590651 43.3929 8.70541 1.45173 -10.1571 9.26637 3.14744 11.1171 -0.469648 0 0 0 0.523463 0.565758 0.000312575 -0.00217853 0.000537974 0.362694 0.3212 0.410804 0.114342 0.106609 0.12184 0.141731 0.132127 0.151591 0 0 0 0 0 0 0.499797 0.577191 -0.000235344 0.35692 4.13251 0 1.68351 0 1.8583 0 0.174129 0.227389 0.202263 1.00304 1 1 1.00386 1.00354 0.00175811 0.0022211 0
860 19.5455 195.455 0.171128 0.197807 0.184443 0.975819 0.845118 1.10711 0.219513 0.218848 0.195518 0.195518 0.194623 0.19362 0.0538552 0.31311 1 0.001 0.00459622 0.0595847 43.3896 8.55224 1.43606 -9.98831 9.10351 3.09939 10.9347 -0.455363 0 0 0 0.523839 0.566003 0.00028579 -0.00215187 0.000579513 0.358991 0.317533 0.407322 0.115228 0.107397 0.122845 0.142825 0.133096 0.152844 0 0 0 0 0 0 0.499797 0.577191 -0.000265754 0.356563 4.06049 0 1.65604 0 1.82824 0 0.171128 0.219532 0.195518 1.00304 1 1 1.00386 1.00355 0.00172 0.00217301 0
870 19.7727 197.727 0.168231 0.194006 0.181095 0.942834 0.815784 1.07037 0.212002 0.211359 0.189058 0.189058 0.188202 0.187242 0.0521276 0.31573 1 0.001 0.0046364 0.0601085 43.393 8.40323 1.42066 -9.82389 8.94524 3.05286 10.7566 -0.441175 0 0 0 0.524385 0.56647 0.000258424 -0.00212587 0.000619944 0.355374 0.313952 0.403924 0.116102 0.108172 0.123838 0.143903 0.13405 0.154083 0 0 0 0 0 0 0.499797 0.577191 -0.000319586 0.356291 3.99041 0 1.62882 0 1.7986 0 0.168231 0.21202 0.189058 1.00304 1 1 1.00386 1.00355 0.00168288 0.00212566 0
880 20 200 0.165434 0.19033 0.17786 0.911002 0.787428 1.03499 0.204813 0.204193 0.18287 0.18287 0.182052 0.181132 0.0504713 0.318439 1 0.001 0.00467656 0.0606369 43.403 8.25754 1.40616 -9.6637 8.79079 3.00819 10.5832 -0.427912 0 0 0 0.524822 0.566838 0.000231329 -0.00210076 0.000659783 0.351844 0.310455 0.400605 0.116964 0.108936 0.124819 0.144966 0.134989 0.155307 0 0 0 0 0 0 0.499797 0.577191 -0.000458806 0.355949 3.92218 0 1.60256 0 1.77 0 0.165434 0.20483 0.18287 1.00304 1 1 1.00386 1.00356 0.0016464 0.00207924 0
890 20.2273 202.273 0.162733 0.186776 0.174733 0.880497 0.760552 1.00083 0.197913 0.197313 0.176943 0.176943 0.176159 0.175279 0.0488876 0.321483 1 0.001 0.00471679 0.0611713 43.4205 8.11549 1.39202 -9.50751 8.63995 2.96501 10.4146 -0.414988 0 0 0 0.525384 0.567351 0.000204233 -0.00207715 0.000701003 0.348397 0.307039 0.397365 0.117814 0.109688 0.125789 0.146014 0.135914 0.156517 0 0 0 0 0 0 0.499797 0.577191 -0.000461733 0.355765 3.85554 0 1.57655 0 1.74176 0 0.162733 0.197929 0.176943 1.00304 1 1 1.00386 1.00357 0.00161066 0.0020343 0
900 20.4545 204.545 0.160125 0.183338 0.17171 0.851109 0.734452 0.968122 0.191298 0.190718 0.171265 0.171265 0.170515 0.169672 0.0473719 0.324165 1 0.001 0.00475705 0.061711 43.4447 7.9776 1.37791 -9.3555 8.49345 2.92223 10.2502 -0.402087 0 0 0 0.525964 0.567856 0.000178884 -0.00205325 0.000741682 0.345029 0.303703 0.394203 0.118651 0.110428 0.126747 0.147047 0.136825 0.157713 0 0 0 0 0 0 0.499797 0.577191 -0.00049375 0.355515 3.79056 0 1.55113 0 1.71417 0 0.160125 0.191314 0.171265 1.00304 1 1 1.00386 1.00358 0.00157591 0.00199046 0
910 20.6818 206.818 0.157605 0.180012 0.168788 0.82298 0.709596 0.936629 0.184969 0.18441 0.165823 0.165823 0.165105 0.164299 0.0459165 0.326725 1 0.001 0.00479722 0.0622535 43.4738 7.84357 1.36413 -9.2077 8.351 2.88019 10.09 -0.390425 0 0 0 0.526361 0.568111 0.000155286 -0.0020296 0.000782071 0.341737 0.300446 0.391116 0.119477 0.111158 0.127694 0.148067 0.137722 0.158895 0 0 0 0 0 0 0.499797 0.577191 -0.00067601 0.355404 3.72734 0 1.52653 0 1.68728 0 0.157605 0.184985 0.165823 1.00304 1 1 1.00386 1.00359 0.00154142 0.00194707 0
920 20.9091 209.091 0.15517 0.176794 0.165962 0.79585 0.685772 0.906145 0.178898 0.178357 0.160608 0.160608 0.15992 0.159149 0.0445231 0.329067 1 0.001 0.00483741 0.0628013 43.5097 7.71302 1.35093 -9.06395 8.21248 2.8387 9.93398 -0.378628 0 0 0 0.526527 0.568216 0.000132728 -0.00200727 0.000822161 0.338519 0.297267 0.388105 0.120292 0.111876 0.128631 0.149072 0.138606 0.160064 0 0 0 0 0 0 0.499797 0.577191 -0.000592374 0.355143 3.66566 0 1.50197 0 1.66046 0 0.15517 0.178913 0.160608 1.00304 1 1 1.00386 1.00359 0.00150781 0.00190528 0
930 21.1364 211.364 0.152816 0.173681 0.163229 0.769676 0.662918 0.876702 0.173076 0.172552 0.155609 0.155609 0.154951 0.154212 0.0431884 0.330997 1 0.001 0.00487759 0.0633542 43.5519 7.58597 1.33805 -8.92402 8.07769 2.79857 9.78188 -0.367505 0 0 0 0.526817 0.568386 0.000112214 -0.00198509 0.000860719 0.335375 0.294164 0.385166 0.121096 0.112583 0.129556 0.150064 0.139477 0.161219 0 0 0 0 0 0 0.499797 0.577191 -0.000515502 0.354965 3.60552 0 1.47813 0 1.63442 0 0.152816 0.173091 0.155609 1.00303 1 1 1.00386 1.0036 0.00147475 0.00186436 0
940 21.3636 213.636 0.150539 0.170668 0.160584 0.744696 0.641165 0.848526 0.167492 0.166985 0.150817 0.150817 0.150186 0.149478 0.0419091 0.332926 1 0.001 0.00491774 0.0639113 43.5998 7.46233 1.32516 -8.7875 7.94649 2.75975 9.63359 -0.357052 0 0 0 0.526989 0.56858 9.31227e-05 -0.00196262 0.000897301 0.332303 0.291132 0.382299 0.121889 0.11328 0.130471 0.151042 0.140335 0.162362 0 0 0 0 0 0 0.499797 0.577191 -0.000402047 0.354727 3.54688 0 1.45521 0 1.60963 0 0.150539 0.167506 0.150817 1.00303 1 1 1.00385 1.00361 0.0014436 0.00182476 0
950 21.5909 215.909 0.148336 0.16775 0.158024 0.720836 0.620396 0.821509 0.162142 0.161652 0.14622 0.14622 0.145616 0.144938 0.0406805 0.335088 1 0.001 0.00495781 0.0644706 43.6516 7.34171 1.31254 -8.65425 7.81851 2.72181 9.48926 -0.346988 0 0 0 0.527099 0.568657 7.48824e-05 -0.00194104 0.000932633 0.3293 0.28817 0.3795 0.122671 0.113967 0.131376 0.152008 0.14118 0.163492 0 0 0 0 0 0 0.499797 0.577191 -0.000580156 0.35457 3.48977 0 1.43237 0 1.58489 0 0.148336 0.162155 0.14622 1.00303 1 1 1.00385 1.00361 0.00141286 0.00178585 0
960 21.8182 218.182 0.146204 0.164926 0.155546 0.697759 0.600417 0.79532 0.157014 0.156539 0.14181 0.14181 0.141231 0.140581 0.0395013 0.337022 1 0.001 0.0049978 0.0650327 43.7079 7.22429 1.30017 -8.52447 7.69402 2.68491 9.34849 -0.337132 0 0 0 0.527389 0.568856 5.71961e-05 -0.00192035 0.000966325 0.326368 0.285278 0.376766 0.123442 0.114644 0.132271 0.15296 0.142013 0.16461 0 0 0 0 0 0 0.499797 0.577191 -0.000428616 0.354488 3.43415 0 1.41025 0 1.56073 0 0.146204 0.157027 0.14181 1.00303 1 1 1.00385 1.00362 0.00138318 0.00174845 0
970 22.0455 220.455 0.14414 0.162192 0.153148 0.675538 0.581293 0.770022 0.152106 0.151647 0.13758 0.13758 0.137025 0.136401 0.0383677 0.338735 1 0.001 0.00503763 0.065596 43.7675 7.11002 1.28827 -8.39829 7.57289 2.6493 9.21118 -0.32755 0 0 0 0.527708 0.569136 3.97286e-05 -0.00189942 0.00100073 0.323506 0.282452 0.374096 0.124204 0.115311 0.133156 0.1539 0.142834 0.165715 0 0 0 0 0 0 0.499797 0.577191 -0.000414745 0.354291 3.38005 0 1.38832 0 1.53682 0 0.14414 0.152119 0.13758 1.00303 1 1 1.00385 1.00363 0.0013537 0.00171143 0
980 22.2727 222.727 0.142141 0.159544 0.150825 0.654015 0.562781 0.74553 0.147397 0.146952 0.133523 0.133523 0.132991 0.132392 0.0372809 0.340722 1 0.001 0.00507739 0.0661622 43.8316 6.9988 1.27657 -8.27537 7.45492 2.61437 9.07758 -0.318282 0 0 0 0.528144 0.569505 2.25766e-05 -0.001879 0.00103458 0.320713 0.279691 0.37149 0.124955 0.115969 0.134031 0.154828 0.143643 0.166809 0 0 0 0 0 0 0.499797 0.577191 -0.000476308 0.354168 3.32732 0 1.36644 0 1.51309 0 0.142141 0.147409 0.133523 1.00303 1 1 1.00385 1.00363 0.00132518 0.00167571 0
990 22.5 225 0.140206 0.15698 0.148576 0.633295 0.544869 0.722058 0.142873 0.142442 0.12963 0.12963 0.12912 0.128545 0.0362392 0.342926 1 0.001 0.00511711 0.0667331 43.9015 6.89076 1.26492 -8.15567 7.3401 2.57968 8.94761 -0.30906 0 0 0 0.528606 0.569894 6.50946e-06 -0.00185881 0.00106778 0.317986 0.276993 0.368945 0.125697 0.116617 0.134897 0.155743 0.144441 0.167892 0 0 0 0 0 0 0.499797 0.577191 -0.000447798 0.354 3.27586 0 1.34533 0 1.49007 0 0.140206 0.142884 0.12963 1.00303 1 1 1.00385 1.00364 0.00129811 0.00164111 0
1000 22.7273 227.273 0.138333 0.154496 0.146398 0.61336 0.527598 0.699472 0.138539 0.138121 0.125895 0.125895 0.125406 0.124855 0.0352389 0.34495 1 0.001 0.00515667 0.0673055 43.975 6.78563 1.25356 -8.03919 7.22836 2.54582 8.82106 -0.300375 0 0 0 0.529036 0.57026 -8.49481e-06 -0.00183945 0.00110004 0.315323 0.274357 0.366459 0.126429 0.117256 0.135753 0.156647 0.145227 0.168963 0 0 0 0 0 0 0.499797 0.577191 -0.000548058 0.353852 3.22579 0 1.32448 0 1.46744 0 0.138333 0.138549 0.125895 1.00303 1 1 1.00385 1.00364 0.00127126 0.00160727 0
1010 22.9545 229.545 0.136517 0.15209 0.144288 0.594299 0.511177 0.677685 0.134391 0.133985 0.122311 0.122311 0.121842 0.121312 0.0342762 0.347037 1 0.001 0.005196 0.0678765 44.0498 6.68335 1.24252 -7.92587 7.11962 2.51252 8.69783 -0.292199 0 0 0 0.529462 0.570599 -2.29213e-05 -0.00182048 0.00113102 0.312723 0.271779 0.364032 0.127151 0.117886 0.136601 0.15754 0.146003 0.170023 0 0 0 0 0 0 0.499797 0.577191 -0.000486039 0.353778 3.17714 0 1.30466 0 1.4458 0 0.136517 0.134401 0.122311 1.00303 1 1 1.00385 1.00365 0.00124513 0.00157413 0
1020 23.1818 231.818 0.134758 0.149757 0.142242 0.575964 0.495373 0.65676 0.130413 0.13002 0.118871 0.118871 0.118421 0.117912 0.0333519 0.349232 1 0.001 0.00523518 0.0684487 44.1277 6.58391 1.23169 -7.81561 7.01399 2.48018 8.57765 -0.283991 0 0 0 0.529778 0.570892 -3.6817e-05 -0.00180148 0.00116099 0.310183 0.269261 0.361663 0.127865 0.118507 0.13744 0.158421 0.146768 0.171072 0 0 0 0 0 0 0.499797 0.577191 -0.000455985 0.35352 3.12976 0 1.28486 0 1.42419 0 0.134758 0.130423 0.118871 1.00303 1 1 1.00385 1.00365 0.00121967 0.00154186 0
1030 23.4091 234.091 0.133053 0.147496 0.140259 0.558346 0.480238 0.636728 0.126596 0.126214 0.115568 0.115568 0.115136 0.114648 0.0324641 0.35122 1 0.001 0.0052742 0.0690222 44.2087 6.48699 1.22128 -7.70827 6.91088 2.44899 8.46073 -0.276046 0 0 0 0.530097 0.571155 -5.03375e-05 -0.00178155 0.00118961 0.3077 0.266798 0.35935 0.128569 0.119119 0.13827 0.159291 0.147522 0.172111 0 0 0 0 0 0 0.499797 0.577191 -0.000526713 0.353236 3.08362 0 1.26578 0 1.40336 0 0.133053 0.126605 0.115568 1.00303 1 1 1.00384 1.00366 0.00119485 0.00151058 0
1040 23.6364 236.364 0.1314 0.145304 0.138337 0.541374 0.465514 0.617433 0.12294 0.122569 0.112396 0.112396 0.111981 0.111513 0.0316091 0.353085 1 0.001 0.00531298 0.069594 44.2908 6.39253 1.21112 -7.60365 6.81031 2.419 8.3468 -0.268538 0 0 0 0.53035 0.571416 -6.23019e-05 -0.00176243 0.00121543 0.305274 0.26439 0.357089 0.129265 0.119723 0.139092 0.16015 0.148265 0.173139 0 0 0 0 0 0 0.499797 0.577191 -0.000556387 0.353138 3.03876 0 1.24685 0 1.38283 0 0.1314 0.122949 0.112396 1.00303 1 1 1.00384 1.00366 0.00117013 0.0014798 0
1050 23.8636 238.636 0.129797 0.143177 0.136472 0.525102 0.45147 0.598749 0.119428 0.119067 0.109347 0.109347 0.108949 0.108499 0.0307872 0.35516 1 0.001 0.00535162 0.0701672 44.3758 6.3009 1.20074 -7.50163 6.71256 2.38963 8.23564 -0.261325 0 0 0 0.530588 0.571624 -7.35339e-05 -0.00174396 0.00123952 0.302905 0.262037 0.35488 0.129952 0.120318 0.139906 0.160999 0.148999 0.174158 0 0 0 0 0 0 0.499797 0.577191 -0.000662931 0.352968 2.99505 0 1.22827 0 1.36279 0 0.129797 0.119436 0.109347 1.00303 1 1 1.00384 1.00367 0.00114619 0.00144979 0
1060 24.0909 240.909 0.128241 0.141115 0.134663 0.50941 0.437986 0.580826 0.116052 0.115702 0.106418 0.106418 0.106036 0.105603 0.0299979 0.357096 1 0.001 0.00539012 0.0707418 44.4637 6.21171 1.19054 -7.40225 6.61744 2.3611 8.12728 -0.254203 0 0 0 0.530855 0.571825 -8.52353e-05 -0.00172534 0.00126177 0.30059 0.259737 0.352721 0.130631 0.120906 0.140712 0.161837 0.149723 0.175166 0 0 0 0 0 0 0.499797 0.577191 -0.000565843 0.352863 2.95241 0 1.21015 0 1.34302 0 0.128241 0.11606 0.106418 1.00302 1 1 1.00384 1.00367 0.00112261 0.00142063 0
1070 24.3182 243.182 0.126732 0.139114 0.132908 0.494213 0.425067 0.56342 0.112808 0.112468 0.103603 0.103603 0.103236 0.10282 0.0292391 0.358671 1 0.001 0.00542845 0.0713162 44.5536 6.12476 1.18032 -7.30509 6.52492 2.33387 8.02144 -0.247523 0 0 0 0.531076 0.572021 -9.70701e-05 -0.00170708 0.00128264 0.298329 0.257489 0.35061 0.131302 0.121485 0.14151 0.162665 0.150436 0.176165 0 0 0 0 0 0 0.499797 0.577191 -0.000614362 0.352706 2.91086 0 1.19247 0 1.32381 0 0.126732 0.112816 0.103603 1.00302 1 1 1.00384 1.00367 0.00109957 0.00139186 0
1080 24.5455 245.455 0.125267 0.137173 0.131205 0.47958 0.412617 0.546579 0.109688 0.109358 0.100898 0.100898 0.100545 0.100145 0.0285106 0.360571 1 0.001 0.00546664 0.0718938 44.6476 6.03993 1.17054 -7.21047 6.43469 2.30717 7.91854 -0.241056 0 0 0 0.531322 0.572261 -0.000107509 -0.00169012 0.00130279 0.296119 0.255291 0.348549 0.131964 0.122057 0.1423 0.163483 0.151141 0.177154 0 0 0 0 0 0 0.499797 0.577191 -0.000610743 0.352482 2.87033 0 1.17503 0 1.30487 0 0.125267 0.109696 0.100898 1.00302 1 1 1.00384 1.00368 0.00107774 0.00136435 0
1090 24.7727 247.727 0.123844 0.13529 0.129552 0.4655 0.400701 0.530339 0.106697 0.106376 0.0982981 0.0982981 0.0979595 0.0975747 0.0278087 0.362424 1 0.001 0.00550455 0.072469 44.742 5.95727 1.16133 -7.1186 6.34667 2.28076 7.81855 -0.234629 0 0 0 0.531478 0.572436 -0.000116606 -0.00167343 0.00132248 0.293958 0.253143 0.346535 0.132619 0.122621 0.143083 0.164292 0.151836 0.178134 0 0 0 0 0 0 0.499797 0.577191 -0.000582706 0.352207 2.83093 0 1.15788 0 1.28627 0 0.123844 0.106705 0.0982981 1.00302 1 1 1.00384 1.00368 0.00105591 0.00133694 0
1100 25 250 0.122461 0.133462 0.127947 0.452019 0.389276 0.514804 0.103824 0.103511 0.0957973 0.0957973 0.095472 0.0951021 0.0271331 0.364213 1 0.001 0.00554225 0.0730418 44.8367 5.87699 1.15256 -7.02955 6.26101 2.25443 7.72121 -0.228701 0 0 0 0.531507 0.572449 -0.000124691 -0.00165704 0.00134185 0.291845 0.251042 0.344568 0.133266 0.123177 0.143858 0.165091 0.152522 0.179105 0 0 0 0 0 0 0.499797 0.577191 -0.000554376 0.351926 2.79255 0 1.14121 0 1.26823 0 0.122461 0.103831 0.0957973 1.00302 1 1 1.00384 1.00369 0.00103522 0.0013102 0
1110 25.2273 252.273 0.121118 0.131687 0.126388 0.439061 0.378346 0.499858 0.10106 0.100755 0.0933917 0.0933917 0.0930792 0.0927234 0.0264831 0.365735 1 0.001 0.00557976 0.073615 44.9335 5.79881 1.14396 -6.94277 6.17757 2.22919 7.62622 -0.222616 0 0 0 0.531703 0.572594 -0.000132294 -0.0016414 0.00136008 0.28978 0.248987 0.342646 0.133905 0.123727 0.144626 0.16588 0.153199 0.180067 0 0 0 0 0 0 0.499797 0.577191 -0.000528992 0.351751 2.75512 0 1.12491 0 1.25057 0 0.121118 0.101067 0.0933917 1.00302 1 1 1.00384 1.00369 0.00101451 0.00128422 0
1120 25.4545 254.545 0.119812 0.129963 0.124874 0.426366 0.367658 0.485279 0.0984083 0.0981119 0.0910794 0.0910794 0.090779 0.0904366 0.0258573 0.3671 1 0.001 0.00561697 0.0741863 45.0312 5.72262 1.13574 -6.85836 6.0962 2.20516 7.5337 -0.21683 0 0 0 0.531962 0.572765 -0.000138381 -0.00162567 0.00137763 0.287759 0.246978 0.340769 0.134537 0.124269 0.145387 0.166661 0.153868 0.18102 0 0 0 0 0 0 0.499797 0.577191 -0.000537264 0.351513 2.71874 0 1.10883 0 1.23292 0 0.119812 0.0984149 0.0910794 1.00302 1 1 1.00384 1.00369 0.000994357 0.00125901 0
1130 25.6818 256.818 0.118542 0.12829 0.123403 0.414151 0.357509 0.471083 0.0958644 0.0955757 0.0888555 0.0888555 0.088567 0.0882378 0.0252542 0.368537 1 0.001 0.00565387 0.0747548 45.129 5.64848 1.12779 -6.77627 6.01701 2.18153 7.44363 -0.211289 0 0 0 0.532175 0.572898 -0.000143409 -0.00161078 0.00139434 0.285784 0.245013 0.338935 0.135162 0.124804 0.146142 0.167432 0.154527 0.181965 0 0 0 0 0 0 0.499797 0.577191 -0.00036408 0.351288 2.68337 0 1.09298 0 1.2157 0 0.118542 0.0958707 0.0888555 1.00302 1 1 1.00384 1.0037 0.000974518 0.00123386 0
1140 25.9091 259.091 0.117309 0.126666 0.121974 0.402395 0.347469 0.457552 0.0934139 0.0931326 0.0867167 0.0867167 0.0864394 0.0861225 0.0246749 0.370012 1 0.001 0.00569058 0.0753227 45.2282 5.57629 1.12017 -6.69646 5.93982 2.15838 7.35605 -0.205686 0 0 0 0.53236 0.572999 -0.000148649 -0.00159702 0.00140969 0.283853 0.24309 0.337143 0.135779 0.125332 0.146889 0.168195 0.155179 0.182901 0 0 0 0 0 0 0.499797 0.577191 -0.000341402 0.351043 2.64885 0 1.07737 0 1.19882 0 0.117309 0.0934201 0.0867167 1.00302 1 1 1.00384 1.0037 0.000955446 0.00120979 0
1150 26.1364 261.364 0.116109 0.125087 0.120585 0.391151 0.33788 0.444632 0.0910548 0.0907807 0.0846593 0.0846593 0.0843925 0.0840874 0.0241181 0.371338 1 0.001 0.00572709 0.0758895 45.3286 5.50606 1.11287 -6.61892 5.86477 2.13558 7.27075 -0.200378 0 0 0 0.532533 0.573131 -0.000153275 -0.00158433 0.00142602 0.281964 0.24121 0.335391 0.13639 0.125854 0.14763 0.16895 0.155822 0.183829 0 0 0 0 0 0 0.499797 0.577191 -0.000321614 0.350923 2.61519 0 1.06241 0 1.18256 0 0.116109 0.0910608 0.0846593 1.00302 1 1 1.00384 1.0037 0.000936867 0.00118643 0
1160 26.3636 263.636 0.114942 0.123552 0.119234 0.380323 0.328525 0.432277 0.08879 0.0885228 0.0826789 0.0826789 0.0824224 0.0821287 0.0235809 0.372576 1 0.001 0.00576326 0.0764536 45.4293 5.43761 1.10592 -6.54354 5.79169 2.11322 7.18769 -0.195107 0 0 0 0.532619 0.573202 -0.000157405 -0.0015716 0.00144171 0.280117 0.239371 0.333675 0.136994 0.126369 0.148364 0.169695 0.156457 0.18475 0 0 0 0 0 0 0.499797 0.577191 -0.000397225 0.350815 2.58247 0 1.04762 0 1.16642 0 0.114942 0.0887959 0.0826789 1.00302 1 1 1.00384 1.00371 0.000918509 0.00116336 0
1170 26.5909 265.909 0.113808 0.12206 0.117922 0.369707 0.319457 0.420089 0.0866149 0.0863542 0.0807727 0.0807727 0.0805259 0.0802431 0.0230628 0.37371 1 0.001 0.00579911 0.0770143 45.53 5.37094 1.09938 -6.47032 5.72049 2.09125 7.10686 -0.190218 0 0 0 0.532691 0.573312 -0.000160659 -0.00155882 0.00145709 0.278312 0.237572 0.331996 0.137591 0.126878 0.149092 0.170433 0.157085 0.185662 0 0 0 0 0 0 0.499797 0.577191 -0.000420943 0.350684 2.55064 0 1.0329 0 1.15045 0 0.113808 0.0866206 0.0807727 1.00302 1 1 1.00384 1.00371 0.000900806 0.0011409 0
1180 26.8182 268.182 0.112703 0.120609 0.116644 0.359646 0.311032 0.408463 0.0845192 0.0842648 0.0789363 0.0789363 0.078699 0.0784268 0.0225638 0.374982 1 0.001 0.00583472 0.0775741 45.6318 5.30583 1.09295 -6.39879 5.65098 2.07019 7.02808 -0.185629 0 0 0 0.532724 0.573364 -0.000164226 -0.00154595 0.00147177 0.276545 0.235812 0.330354 0.138182 0.12738 0.149814 0.171163 0.157704 0.186567 0 0 0 0 0 0 0.499797 0.577191 -0.000369822 0.350518 2.51959 0 1.01925 0 1.13558 0 0.112703 0.0845247 0.0789363 1.00302 1 1 1.00384 1.00371 0.000883017 0.00111872 0
1190 27.0455 270.455 0.111627 0.119199 0.115402 0.349998 0.302935 0.397249 0.0824933 0.082245 0.0771671 0.0771671 0.0769385 0.076676 0.0220844 0.375913 1 0.001 0.00587022 0.0781345 45.7356 5.24248 1.08647 -6.32895 5.58338 2.04994 6.95112 -0.181039 0 0 0 0.532889 0.57352 -0.000166475 -0.00153313 0.00148576 0.274816 0.23409 0.328748 0.138767 0.127876 0.150529 0.171884 0.158317 0.187465 0 0 0 0 0 0 0.499797 0.577191 -0.000362587 0.350314 2.48921 0 1.00533 0 1.12051 0 0.111627 0.0824987 0.0771671 1.00302 1 1 1.00383 1.00372 0.000866562 0.00109792 0
1200 27.2727 272.727 0.110581 0.117827 0.114192 0.3405 0.294746 0.386346 0.0805493 0.0803069 0.0754629 0.0754629 0.075243 0.0749901 0.0216212 0.377208 1 0.001 0.00590532 0.0786897 45.8383 5.18078 1.08006 -6.26084 5.51746 2.03027 6.87617 -0.176438 0 0 0 0.53302 0.573653 -0.000167504 -0.00152168 0.00150034 0.273125 0.232405 0.327176 0.139345 0.128366 0.151239 0.172598 0.158921 0.188355 0 0 0 0 0 0 0.499797 0.577191 -0.000359823 0.350197 2.45971 0 0.991574 0 1.10552 0 0.110581 0.0805544 0.0754629 1.00302 1 1 1.00383 1.00372 0.000849986 0.00107692 0
1210 27.5 275 0.109561 0.116492 0.113016 0.331377 0.287081 0.375757 0.0786793 0.0784425 0.0738216 0.0738216 0.0736099 0.0733659 0.0211745 0.378329 1 0.001 0.0059401 0.079242 45.9408 5.1208 1.0738 -6.1946 5.45331 2.01099 6.8032 -0.172145 0 0 0 0.533232 0.573853 -0.000169129 -0.00151135 0.00151451 0.271471 0.230754 0.325639 0.139917 0.128851 0.151943 0.173305 0.159519 0.189238 0 0 0 0 0 0 0.499797 0.577191 -0.000357741 0.350041 2.43099 0 0.978153 0 1.09089 0 0.109561 0.0786842 0.0738216 1.00302 1 1 1.00383 1.00372 0.000833875 0.00105669 0
1220 27.7273 277.273 0.108568 0.115195 0.11187 0.322521 0.279776 0.365408 0.0768788 0.0766475 0.0722404 0.0722404 0.0720365 0.0718011 0.020744 0.379476 1 0.001 0.00597458 0.07979 46.0425 5.06225 1.068 -6.13025 5.39066 1.99196 6.73232 -0.167981 0 0 0 0.533372 0.573977 -0.000170565 -0.00150135 0.00152939 0.269855 0.22914 0.324134 0.140483 0.129329 0.152641 0.174004 0.160109 0.190114 0 0 0 0 0 0 0.499797 0.577191 -0.000385917 0.349898 2.40301 0 0.964961 0 1.07644 0 0.108568 0.0768836 0.0722404 1.00302 1 1 1.00383 1.00372 0.000818041 0.00103684 0
1230 27.9545 279.545 0.1076 0.113932 0.110755 0.31397 0.272588 0.355493 0.0751431 0.0749171 0.0707169 0.0707169 0.0705204 0.0702931 0.0203294 0.380601 1 0.001 0.00600878 0.0803347 46.1439 5.00543 1.06208 -6.06751 5.32994 1.97342 6.66306 -0.163837 0 0 0 0.533395 0.574013 -0.000171436 -0.00149191 0.00154521 0.268274 0.227561 0.32266 0.141043 0.129802 0.153333 0.174695 0.160693 0.190984 0 0 0 0 0 0 0.499797 0.577191 -0.000464921 0.349692 2.37573 0 0.952072 0 1.06238 0 0.1076 0.0751477 0.0707169 1.00302 1 1 1.00383 1.00373 0.000802938 0.00101778 0
1240 28.1818 281.818 0.106657 0.112704 0.10967 0.305682 0.265535 0.345931 0.0734765 0.0732555 0.0692485 0.0692485 0.0690593 0.0688398 0.0199286 0.381942 1 0.001 0.00604257 0.0808747 46.2445 4.95017 1.05606 -6.00622 5.27083 1.95535 6.59557 -0.159768 0 0 0 0.533448 0.574063 -0.000172476 -0.00148412 0.00156093 0.266729 0.226015 0.321217 0.141597 0.13027 0.15402 0.17538 0.161269 0.191846 0 0 0 0 0 0 0.499797 0.577191 -0.000422178 0.349493 2.34924 0 0.939275 0 1.04846 0 0.106657 0.0734809 0.0692485 1.00302 1 1 1.00383 1.00373 0.000787759 0.000998883 0
1250 28.4091 284.091 0.105738 0.111508 0.108613 0.297687 0.258763 0.336698 0.0718708 0.0716547 0.0678326 0.0678326 0.0676503 0.0674386 0.0195418 0.38326 1 0.001 0.00607604 0.0814117 46.3451 4.89638 1.05013 -5.94651 5.21317 1.93772 6.52985 -0.155938 0 0 0 0.533567 0.574148 -0.000173124 -0.001476 0.00157599 0.265217 0.224502 0.319804 0.142146 0.130732 0.154702 0.176058 0.161839 0.192702 0 0 0 0 0 0 0.499797 0.577191 -0.000394322 0.349236 2.32343 0 0.926935 0 1.03502 0 0.105738 0.0718752 0.0678326 1.00302 1 1 1.00383 1.00373 0.000772921 0.000980267 0
1260 28.6364 286.364 0.104842 0.110343 0.107583 0.290027 0.252207 0.327949 0.0703157 0.0701042 0.0664671 0.0664671 0.0662913 0.0660868 0.0191701 0.384256 1 0.001 0.00610936 0.0819477 46.4466 4.84401 1.04435 -5.88835 5.15711 1.92056 6.46572 -0.152082 0 0 0 0.533671 0.574247 -0.000172445 -0.00146755 0.00159085 0.263736 0.22302 0.318421 0.142689 0.131188 0.155378 0.176729 0.162403 0.193552 0 0 0 0 0 0 0.499797 0.577191 -0.000351214 0.349107 2.29815 0 0.914886 0 1.022 0 0.104842 0.0703199 0.0664671 1.00302 1 1 1.00383 1.00373 0.000758949 0.000962649 0
1270 28.8636 288.636 0.103969 0.109209 0.106579 0.282673 0.245953 0.319513 0.0688148 0.0686079 0.0651495 0.0651495 0.06498 0.0647825 0.0188115 0.385311 1 0.001 0.0061424 0.0824798 46.5473 4.793 1.03858 -5.83158 5.10246 1.90396 6.40318 -0.148496 0 0 0 0.533775 0.574335 -0.000171291 -0.0014599 0.00160607 0.262286 0.221568 0.317067 0.143226 0.13164 0.156049 0.177393 0.16296 0.194395 0 0 0 0 0 0 0.499797 0.577191 -0.000342819 0.349008 2.2735 0 0.903062 0 1.00912 0 0.103969 0.0688189 0.0651495 1.00302 1 1 1.00383 1.00373 0.000745038 0.000945377 0
1280 29.0909 290.909 0.103117 0.108104 0.105601 0.275472 0.239883 0.311144 0.0673733 0.0671707 0.0638787 0.0638787 0.0637153 0.0635248 0.0184644 0.386448 1 0.001 0.00617499 0.0830053 46.6459 4.74337 1.03293 -5.77629 5.04929 1.88773 6.34221 -0.145011 0 0 0 0.533954 0.574453 -0.000169411 -0.00145292 0.0016204 0.260865 0.220147 0.315741 0.143759 0.132087 0.156716 0.178051 0.163511 0.195232 0 0 0 0 0 0 0.499797 0.577191 -0.000436505 0.348972 2.24956 0 0.891408 0 0.996337 0 0.103117 0.0673773 0.0638787 1.00302 1 1 1.00383 1.00374 0.000731001 0.000927926 0
1290 29.3182 293.182 0.102286 0.107028 0.104647 0.268531 0.234093 0.303029 0.0659773 0.0657789 0.0626525 0.0626525 0.0624948 0.0623107 0.0181305 0.387419 1 0.001 0.0062074 0.08353 46.7457 4.69504 1.02747 -5.7225 4.99756 1.87167 6.28283 -0.141556 0 0 0 0.534152 0.574612 -0.000167584 -0.00144527 0.0016352 0.259475 0.218755 0.314443 0.144286 0.132528 0.157378 0.178702 0.164056 0.196064 0 0 0 0 0 0 0.499797 0.577191 -0.000450434 0.348917 2.22613 0 0.879987 0 0.983923 0 0.102286 0.0659811 0.0626525 1.00302 1 1 1.00383 1.00374 0.000717709 0.000911491 0
1300 29.5455 295.455 0.101474 0.10598 0.103717 0.261845 0.228566 0.295185 0.0646313 0.0644369 0.0614684 0.0614684 0.0613162 0.061138 0.0178077 0.388373 1 0.001 0.00623947 0.0840507 46.8447 4.6479 1.02223 -5.67013 4.94703 1.85599 6.22501 -0.138332 0 0 0 0.534281 0.574751 -0.000165205 -0.00143804 0.00164977 0.258115 0.217393 0.313171 0.144808 0.132965 0.158035 0.179347 0.164594 0.196889 0 0 0 0 0 0 0.499797 0.577191 -0.000440755 0.348733 2.2033 0 0.868702 0 0.971673 0 0.101474 0.064635 0.0614684 1.00302 1 1 1.00383 1.00374 0.000704892 0.000895608 0
