160 3.63636 36.3636 1.13768 1.16367 1.13679 0 0 0 3.11132 3.10635 2.73221 2.73221 2.71854 2.69487 0.744567 0.304157 1 2e-05 0.00236625 0.041005 77.5342 32.1268 5.58924 -37.7161 34.0091 11.6449 40.9189 -0.0797089 0 0 0 0.556374 0.591588 -0.00203477 0.0078318 0.00324721 0.88379 0.846795 0.910605 0.00250689 0.00242004 0.00260111 0.00314078 0.00300966 0.00323592 0 0 0 0 0 0 0.502866 0.580401 0.00143998 0.39286 15.2979 0 1.48235 0 2.03516 0 1.13768 3.11251 2.73221 1.0016 1 1.00003 1.00203 1.00189 0.00651307 0.00820779 0
170 3.86364 38.6364 1.11334 1.15639 1.11282 6.74862 6.85257 2.05107 3.05405 3.04888 2.67935 2.67935 2.6658 2.64261 0.72955 0.301415 1 2e-05 0.00237745 0.0409442 76.578 31.8613 5.44817 -37.3095 33.735 11.4938 40.4817 -0.226048 0 0 0 0.555379 0.591164 -0.00199902 0.00768226 0.00331635 0.881075 0.843836 0.907981 0.00500857 0.00483436 0.00519696 0.00627473 0.00601185 0.00646525 0 0 0 0 0 0 0.502866 0.580401 -0.000749809 0.393519 15.1557 0 2.20686 0 2.65084 0 1.11334 3.05519 2.67935 1.0017 1 1.00003 1.00216 1.00189 0.00649477 0.00818137 0
180 4.09091 40.9091 1.08878 1.14651 1.08859 6.82459 6.91672 2.78264 2.9944 2.98905 2.62423 2.62423 2.61081 2.58815 0.713875 0.297879 1 2e-05 0.00238937 0.040893 75.6255 31.5729 5.31321 -36.8861 33.4366 11.3474 40.026 -0.348419 0 0 0 0.552999 0.589668 -0.00193975 0.00754817 0.00334445 0.877367 0.839818 0.904407 0.00750106 0.0072389 0.0077836 0.009397 0.00900136 0.00968332 0 0 0 0 0 0 0.502866 0.580401 -0.000319562 0.393004 15.0063 0 2.5445 0 2.96819 0 1.08878 2.99549 2.62423 1.00179 1 1.00003 1.00228 1.00191 0.00646888 0.00815028 0
190 4.31818 43.1818 1.06406 1.13439 1.06416 6.87953 6.963 3.41172 2.93237 2.92686 2.56717 2.56717 2.55392 2.53189 0.697713 0.294175 1 2e-05 0.00240206 0.0408529 74.6811 31.2659 5.18465 -36.4505 33.1178 11.1931 39.5553 -0.547484 0 0 0 0.549709 0.587362 -0.00196306 0.00735813 0.00330731 0.872769 0.834898 0.900005 0.00998166 0.00963085 0.0103585 0.0125042 0.0119746 0.0128869 0 0 0 0 0 0 0.502866 0.580401 0.000919121 0.391132 14.8494 0 2.7875 0 3.22245 0 1.06406 2.93339 2.56717 1.00188 1 1.00003 1.00239 1.00192 0.00643759 0.00811116 0
200 4.54545 45.4545 1.03905 1.12015 1.03942 6.96725 7.04229 4.01162 2.8673 2.86168 2.5077 2.5077 2.49466 2.47334 0.680958 0.291089 1 2e-05 0.00241573 0.0408271 73.7446 30.9392 5.06242 -36.0016 32.7761 11.0259 39.0654 -0.741528 0 0 0 0.545728 0.584004 -0.00197554 0.00712906 0.00324298 0.867368 0.829142 0.894703 0.012448 0.0120076 0.0129192 0.0155932 0.0149285 0.0160729 0 0 0 0 0 0 0.502866 0.580401 0.000805896 0.390404 14.6831 0 3.00333 0 3.45325 0 1.03905 2.86826 2.5077 1.00196 1 1.00003 1.0025 1.00194 0.00639419 0.00806151 0
210 4.77273 47.7273 1.01391 1.10367 1.01449 7.01801 7.078 4.64005 2.80016 2.79445 2.44627 2.44627 2.43348 2.4129 0.663633 0.288773 1 2e-05 0.00243023 0.0408122 72.814 30.5925 4.94588 -35.5383 32.4137 10.8499 38.5582 -0.891446 0 0 0 0.541245 0.58018 -0.00189963 0.00685806 0.00314219 0.860992 0.822507 0.888547 0.0148975 0.0143666 0.0154631 0.0186608 0.0178598 0.0192378 0 0 0 0 0 0 0.502866 0.580401 0.00144919 0.389364 14.5096 0 3.19157 0 3.66759 0 1.01391 2.80105 2.44627 1.00204 1 1.00003 1.0026 1.00197 0.00634354 0.00799967 0
220 5 50 0.988627 1.08523 0.989389 7.06934 7.12054 5.19428 2.73019 2.72442 2.38292 2.38292 2.37038 2.35051 0.645908 0.286697 1 2e-05 0.00244578 0.0408141 71.8972 30.2228 4.83253 -35.0553 32.0242 10.6866 38.0321 -1.089 0 0 0 0.537526 0.577059 -0.00185491 0.00662214 0.00305997 0.853792 0.814975 0.881649 0.0173275 0.0167052 0.017988 0.0217032 0.020765 0.0223787 0 0 0 0 0 0 0.502866 0.580401 -0.00132952 0.388331 14.3266 0 3.33703 0 3.82531 0 0.988627 2.73102 2.38292 1.00212 1 1.00003 1.00269 1.002 0.00629249 0.00793439 0
230 5.22727 52.2727 0.963201 1.06513 0.96412 7.11572 7.15996 5.65878 2.65873 2.65292 2.31794 2.31794 2.30568 2.28655 0.627677 0.284771 1 2e-05 0.00246219 0.0408245 70.9786 29.8357 4.71528 -34.551 31.6158 10.5213 37.487 -1.2744 0 0 0 0.535202 0.575185 -0.00183147 0.00645203 0.00299649 0.845856 0.806717 0.874068 0.0197359 0.019021 0.0204916 0.0247178 0.0236411 0.0254929 0 0 0 0 0 0 0.502866 0.580401 -0.000682309 0.387411 14.1374 0 3.47984 0 3.97893 0 0.963201 2.65949 2.31794 1.00219 1 1.00002 1.00278 1.00203 0.00623448 0.00786097 0
240 5.45455 54.5455 0.937759 1.04351 0.93881 7.12734 7.16436 6.08814 2.58671 2.58088 2.25197 2.25197 2.24002 2.22164 0.609065 0.282734 1 2e-05 0.00247927 0.0408393 70.0541 29.4337 4.60638 -34.04 31.1903 10.3451 36.9316 -1.43418 0 0 0 0.53381 0.574187 -0.00179562 0.00623145 0.00291529 0.837303 0.797753 0.865756 0.0221206 0.021312 0.022972 0.0277018 0.0264853 0.0285776 0 0 0 0 0 0 0.502866 0.580401 -0.000448956 0.386874 13.9441 0 3.57948 0 4.07616 0 0.937759 2.58742 2.25197 1.00226 1 1.00002 1.00287 1.00206 0.00616544 0.00777359 0
250 5.68182 56.8182 0.912351 1.02101 0.913518 7.12224 7.15486 6.33697 2.51422 2.5084 2.18578 2.18578 2.17413 2.15648 0.590441 0.28088 1 2e-05 0.00249707 0.0408593 69.1263 29.0155 4.51029 -33.5258 30.7492 10.1744 36.3706 -1.58406 0 0 0 0.532897 0.573538 -0.00177218 0.00602283 0.00280317 0.82831 0.788361 0.856973 0.02448 0.0235765 0.0254273 0.0306531 0.0292954 0.0316304 0 0 0 0 0 0 0.502866 0.580401 0.00112646 0.385198 13.7469 0 3.64643 0 4.14841 0 0.912351 2.51488 2.18578 1.00232 1 1.00002 1.00295 1.00209 0.00609853 0.00768479 0
260 5.90909 59.0909 0.88704 0.997834 0.888308 7.09907 7.12774 6.52533 2.44101 2.43521 2.11946 2.11946 2.10811 2.09114 0.571896 0.278714 1 2e-05 0.00251571 0.0408885 68.2035 28.5861 4.41275 -32.9988 30.2987 10.0037 35.8004 -1.68598 0 0 0 0.532298 0.572977 -0.00177838 0.00580138 0.00272376 0.81895 0.778654 0.847754 0.0268127 0.025813 0.0278561 0.0335702 0.03207 0.0346496 0 0 0 0 0 0 0.502866 0.580401 0.00111006 0.385334 13.5449 0 3.70438 0 4.20297 0 0.88704 2.44162 2.11946 1.00238 1 1.00002 1.00303 1.00212 0.00602311 0.00759228 0
270 6.13636 61.3636 0.862025 0.974131 0.863372 7.02201 7.04423 6.67498 2.36846 2.3627 2.05376 2.05376 2.04274 2.02645 0.553527 0.2768 1 2e-05 0.00253486 0.0409208 67.2823 28.1574 4.31154 -32.4689 29.8468 9.82874 35.2266 -1.78191 0 0 0 0.531094 0.571921 -0.00178424 0.00560582 0.00273786 0.809195 0.768641 0.838246 0.0291177 0.0280204 0.0302572 0.0364515 0.0348077 0.0376336 0 0 0 0 0 0 0.502866 0.580401 0.00208186 0.384879 13.3417 0 3.74234 0 4.23087 0 0.862025 2.36903 2.05376 1.00244 1 1.00002 1.0031 1.00215 0.00594229 0.00749096 0
280 6.36364 63.6364 0.837265 0.950236 0.838679 6.95364 6.97236 6.72862 2.29627 2.29056 1.98888 1.98888 1.97816 1.9625 0.535499 0.274934 1 2e-05 0.00255466 0.040958 66.3639 27.7217 4.2151 -31.9368 29.3891 9.65949 34.6531 -1.86665 0 0 0 0.530902 0.572082 -0.00179131 0.00545442 0.00276932 0.799221 0.75845 0.828537 0.0313942 0.0301979 0.03263 0.0392959 0.0375076 0.0405816 0 0 0 0 0 0 0.502866 0.580401 0.00191425 0.382791 13.1364 0 3.7682 0 4.25417 0 0.837265 2.2968 1.98888 1.00249 1 1.00002 1.00317 1.00219 0.00586754 0.0073966 0
290 6.59091 65.9091 0.812822 0.9262 0.814286 6.86914 6.883 6.76853 2.22514 2.21949 1.92478 1.92478 1.91438 1.89937 0.517654 0.273719 1 2e-05 0.00257493 0.0409957 65.4431 27.2792 4.12349 -31.4026 28.9239 9.49395 34.0808 -1.92618 0 0 0 0.531617 0.572513 -0.00183078 0.00534387 0.00283229 0.788916 0.748104 0.818751 0.0336414 0.0323454 0.0349732 0.0421022 0.040169 0.0434928 0 0 0 0 0 0 0.502866 0.580401 0.0032686 0.381382 12.9311 0 3.77567 0 4.25828 0 0.812822 2.22564 1.92478 1.00255 1 1.00002 1.00323 1.00222 0.00578875 0.00729221 0
300 6.81818 68.1818 0.788851 0.902068 0.790353 6.73951 6.7503 6.79577 2.15489 2.14931 1.86193 1.86193 1.85184 1.83743 0.50026 0.272511 1 2e-05 0.00259576 0.0410395 64.5349 26.8392 4.03334 -30.8726 28.4596 9.32989 33.5105 -1.94952 0 0 0 0.532722 0.573389 -0.00192434 0.00515867 0.00291317 0.778332 0.737583 0.808891 0.0358582 0.0344627 0.037287 0.0448691 0.0427911 0.0463669 0 0 0 0 0 0 0.502866 0.580401 0.00325272 0.380752 12.725 0 3.7771 0 4.25387 0 0.788851 2.15536 1.86193 1.00259 1 1.00002 1.0033 1.00225 0.00570937 0.00719073 0
310 7.04545 70.4545 0.76539 0.878042 0.766917 6.59943 6.60666 6.76561 2.08525 2.07976 1.80031 1.80031 1.79051 1.77669 0.483355 0.27111 1 2e-05 0.00261726 0.0410937 63.6473 26.3993 3.94584 -30.3451 27.9952 9.17495 32.9412 -1.9775 0 0 0 0.53304 0.573583 -0.00203547 0.00493065 0.00293302 0.767702 0.726902 0.798957 0.0380441 0.0365492 0.0395709 0.047596 0.0453735 0.0492034 0 0 0 0 0 0 0.502866 0.580401 4.35931e-05 0.380039 12.5174 0 3.77539 0 4.24559 0 0.76539 2.08569 1.80031 1.00264 1 1.00002 1.00335 1.00229 0.00563332 0.00709202 0
320 7.27273 72.7273 0.742455 0.854195 0.744003 6.45262 6.45847 6.71523 2.01705 2.01165 1.73985 1.73985 1.73036 1.71711 0.46674 0.269577 1 2e-05 0.00263919 0.0411517 62.7705 25.9605 3.85808 -29.8185 27.532 9.02108 32.3725 -1.98715 0 0 0 0.532683 0.573326 -0.00210419 0.00463356 0.00294802 0.757019 0.716165 0.788936 0.040199 0.0386041 0.0418249 0.0502827 0.0479155 0.052002 0 0 0 0 0 0 0.502866 0.580401 0.00139224 0.378105 12.3107 0 3.76554 0 4.22398 0 0.742455 2.01746 1.73985 1.00268 1 1.00001 1.00341 1.00232 0.00554564 0.00698001 0
330 7.5 75 0.720085 0.830771 0.721647 6.29546 6.29928 6.59621 1.95008 1.94478 1.68097 1.68097 1.67179 1.65909 0.450685 0.268761 1 2e-05 0.00266164 0.0412165 61.911 25.5264 3.76999 -29.2964 27.0738 8.8652 31.8097 -1.98298 0 0 0 0.532286 0.573139 -0.00222378 0.00432696 0.00292737 0.74639 0.705468 0.778947 0.0423227 0.040627 0.0440488 0.0529289 0.0504171 0.0547625 0 0 0 0 0 0 0.502866 0.580401 -0.000334596 0.37741 12.1044 0 3.73519 0 4.18632 0 0.720085 1.95047 1.68097 1.00272 1 1.00001 1.00346 1.00236 0.00546255 0.00687654 0
340 7.72727 77.2727 0.698281 0.807801 0.699867 6.13317 6.14018 6.46848 1.88452 1.87934 1.62374 1.62374 1.61484 1.60266 0.43516 0.269251 1 2e-05 0.00268457 0.0412871 61.0669 25.0937 3.68818 -28.7819 26.6173 8.71104 31.2559 -1.96701 0 0 0 0.531767 0.572809 -0.00233767 0.00404123 0.00294235 0.735949 0.694821 0.768898 0.0444157 0.0426181 0.0462424 0.0555352 0.0528785 0.0574849 0 0 0 0 0 0 0.502866 0.580401 0.000489903 0.376929 11.899 0 3.71058 0 4.15504 0 0.698281 1.88489 1.62374 1.00276 1 1.00001 1.00351 1.00239 0.00537997 0.00677378 0
350 7.95455 79.5455 0.677053 0.785153 0.678651 5.97455 5.97781 6.37753 1.82065 1.81558 1.56808 1.56808 1.55947 1.54782 0.420087 0.269184 1 2e-05 0.00270788 0.0413604 60.2342 24.6686 3.60527 -28.2739 26.1675 8.55517 30.7073 -1.95828 0 0 0 0.531276 0.572286 -0.00245847 0.00374 0.00301864 0.725571 0.684167 0.758794 0.0464785 0.0445772 0.0484053 0.0581019 0.0552996 0.0601687 0 0 0 0 0 0 0.502866 0.580401 -0.000531393 0.3762 11.6954 0 3.68858 0 4.12837 0 0.677053 1.82101 1.56808 1.0028 1 1.00001 1.00355 1.00243 0.00529313 0.00666572 0
360 8.18182 81.8182 0.656454 0.762958 0.658061 5.79809 5.80062 6.2503 1.7581 1.75314 1.51405 1.51405 1.50571 1.49455 0.405571 0.269235 1 2e-05 0.00273172 0.0414437 59.4266 24.2456 3.52917 -27.7748 25.7218 8.39968 30.167 -1.89621 0 0 0 0.531212 0.572276 -0.00261745 0.00344282 0.0031186 0.715249 0.673614 0.748718 0.0485105 0.0465045 0.0505378 0.0606292 0.0576806 0.0628139 0 0 0 0 0 0 0.502866 0.580401 -0.00266665 0.376251 11.4925 0 3.65243 0 4.08194 0 0.656454 1.75844 1.51405 1.00283 1 1.00001 1.00359 1.00246 0.00521482 0.0065635 0
370 8.40909 84.0909 0.636514 0.741366 0.638126 5.61371 5.61495 6.08021 1.69711 1.69228 1.46173 1.46173 1.45365 1.44294 0.391594 0.268848 1 2e-05 0.002756 0.0415353 58.643 23.8276 3.4561 -27.2837 25.2828 8.24731 29.6342 -1.87634 0 0 0 0.531436 0.572711 -0.00272929 0.00317022 0.00324573 0.705085 0.663186 0.738764 0.0505118 0.0484 0.0526398 0.0631174 0.0600219 0.0654207 0 0 0 0 0 0 0.502866 0.580401 -0.00162663 0.375947 11.2913 0 3.60692 0 4.02676 0 0.636514 1.69743 1.46173 1.00286 1 1.00001 1.00363 1.0025 0.00513568 0.00646537 0
380 8.63636 86.3636 0.617196 0.720332 0.618793 5.44425 5.4401 5.92313 1.63843 1.63371 1.41098 1.41098 1.40318 1.39293 0.377947 0.267862 1 2e-05 0.00278042 0.0416246 57.8664 23.417 3.37614 -26.7931 24.8519 8.09519 29.1065 -1.8537 0 0 0 0.531812 0.573119 -0.00272292 0.00287636 0.00332676 0.695002 0.652924 0.728922 0.0524833 0.0502637 0.0547114 0.0655669 0.0623241 0.0679895 0 0 0 0 0 0 0.502866 0.580401 -0.00327579 0.376683 11.0941 0 3.56893 0 3.9816 0 0.617196 1.63873 1.41098 1.00289 1 1.00001 1.00367 1.00253 0.00504884 0.00635657 0
390 8.86364 88.6364 0.598463 0.699873 0.600036 5.28184 5.27524 5.76132 1.58127 1.57667 1.36176 1.36176 1.35421 1.34437 0.364756 0.266149 1 2e-05 0.00280527 0.0417213 57.1101 23.0124 3.29637 -26.3087 24.4276 7.94619 28.5845 -1.82714 0 0 0 0.532157 0.573222 -0.0026838 0.0025891 0.00340108 0.685074 0.64276 0.719222 0.0544248 0.0520966 0.056753 0.067978 0.0645875 0.0705207 0 0 0 0 0 0 0.502866 0.580401 -0.00351575 0.377381 10.8988 0 3.52026 0 3.92811 0 0.598463 1.58156 1.36176 1.00292 1 1.00001 1.00371 1.00256 0.00496895 0.00625966 0
400 9.09091 90.9091 0.580329 0.67998 0.581895 5.10861 5.10661 5.60179 1.52598 1.52151 1.31407 1.31407 1.30676 1.29731 0.351956 0.264255 1 2e-05 0.00283039 0.0418208 56.3685 22.6116 3.21952 -25.8312 24.0072 7.79869 28.0714 -1.76485 0 0 0 0.532475 0.57325 -0.00261989 0.00235914 0.00346402 0.675313 0.632731 0.709622 0.0563366 0.053899 0.0587649 0.0703513 0.0668126 0.0730148 0 0 0 0 0 0 0.502866 0.580401 -0.00406277 0.376276 10.7064 0 3.47589 0 3.87622 0 0.580329 1.52625 1.31407 1.00294 1 1.00001 1.00374 1.0026 0.00488864 0.00616176 0
410 9.31818 93.1818 0.562837 0.660632 0.564391 4.92918 4.92574 5.44835 1.4727 1.46834 1.2679 1.2679 1.26084 1.25178 0.339516 0.261975 1 2e-05 0.00285571 0.0419232 55.6451 22.214 3.14848 -25.3625 23.5905 7.65767 27.5665 -1.71892 0 0 0 0.532986 0.57364 -0.00258475 0.00216093 0.00351714 0.665686 0.622872 0.700113 0.0582191 0.0556714 0.0607469 0.0726875 0.069 0.075472 0 0 0 0 0 0 0.502866 0.580401 -0.0022311 0.375835 10.5177 0 3.42394 0 3.81644 0 0.562837 1.47295 1.2679 1.00297 1 1.00001 1.00377 1.00263 0.00480512 0.00605618 0
420 9.54545 95.4545 0.545959 0.641883 0.547498 4.75704 4.75282 5.27999 1.42082 1.41658 1.22324 1.22324 1.21642 1.20772 0.327562 0.259913 1 2e-05 0.00288147 0.0420356 54.9478 21.8234 3.07812 -24.9015 23.1801 7.51595 27.0703 -1.66448 0 0 0 0.533459 0.57426 -0.00255305 0.00203507 0.00355417 0.656245 0.613149 0.690765 0.060073 0.0574146 0.0626997 0.0749869 0.0711501 0.0778927 0 0 0 0 0 0 0.502866 0.580401 -0.00191023 0.374857 10.3307 0 3.37556 0 3.76284 0 0.545959 1.42106 1.22324 1.00299 1 1.00001 1.0038 1.00266 0.00472925 0.00595936 0
430 9.77273 97.7273 0.529707 0.623729 0.531233 4.58012 4.5766 5.11197 1.37098 1.36687 1.18013 1.18013 1.17354 1.16521 0.315962 0.257892 1 2e-05 0.00290735 0.0421497 54.2673 21.4412 3.00935 -24.4505 22.7772 7.37457 26.5828 -1.61356 0 0 0 0.533853 0.574679 -0.00253527 0.0019254 0.00358654 0.64696 0.603663 0.681537 0.0618984 0.0591284 0.0646236 0.0772502 0.0732637 0.0802776 0 0 0 0 0 0 0.502866 0.580401 -0.00019561 0.37363 10.1478 0 3.32115 0 3.70244 0 0.529707 1.37121 1.18013 1.00301 1 1.00001 1.00382 1.0027 0.00464586 0.00585672 0
440 10 100 0.514037 0.60615 0.515546 4.41744 4.4125 4.95044 1.3229 1.31891 1.13851 1.13851 1.13214 1.12415 0.304762 0.256464 1 2e-05 0.00293346 0.042268 53.605 21.0645 2.94705 -24.0115 22.3786 7.23508 26.1061 -1.56381 0 0 0 0.535188 0.575804 -0.0025236 0.00182611 0.00363182 0.637849 0.594358 0.672448 0.0636954 0.0608136 0.0665187 0.0794781 0.0753415 0.082627 0 0 0 0 0 0 0.502866 0.580401 0.000919871 0.3728 9.96815 0 3.26616 0 3.64116 0 0.514037 1.32312 1.13851 1.00303 1 1.00001 1.00385 1.00273 0.0045687 0.00575824 0
450 10.2273 102.273 0.498888 0.589166 0.500375 4.2722 4.26613 4.78249 1.27634 1.27246 1.09831 1.09831 1.09217 1.08451 0.293969 0.255216 1 2e-05 0.0029599 0.0423906 52.9585 20.6914 2.88936 -23.5808 21.9843 7.09972 25.6388 -1.54027 0 0 0 0.536317 0.57671 -0.00252931 0.00174276 0.00368193 0.62891 0.585255 0.663536 0.0654643 0.0624706 0.0683854 0.0816711 0.0773841 0.0849415 0 0 0 0 0 0 0.502866 0.580401 -0.00121012 0.372426 9.79105 0 3.22821 0 3.59625 0 0.498888 1.27654 1.09831 1.00304 1 1.00001 1.00387 1.00276 0.00449071 0.00565887 0
460 10.4545 104.545 0.484269 0.572689 0.48574 4.12137 4.11654 4.64008 1.23128 1.22752 1.05956 1.05956 1.05363 1.04628 0.283598 0.254543 1 2e-05 0.00298664 0.04252 52.3326 20.3262 2.83158 -23.1578 21.5962 6.97041 25.1801 -1.47712 0 0 0 0.536551 0.576993 -0.00251969 0.00169975 0.00372121 0.620136 0.576307 0.654736 0.0672065 0.0640998 0.0702248 0.0838299 0.0793922 0.0872216 0 0 0 0 0 0 0.502866 0.580401 -0.000384461 0.371808 9.61661 0 3.17849 0 3.53883 0 0.484269 1.23147 1.05956 1.00306 1 1.00001 1.00389 1.00279 0.00441156 0.00556136 0
470 10.6818 106.818 0.470257 0.556696 0.471706 3.95193 3.94589 4.50352 1.18785 1.18421 1.02233 1.02233 1.01661 1.00956 0.273664 0.253427 1 2e-05 0.00301361 0.0426569 51.7325 19.9706 2.77327 -22.7439 21.2186 6.8412 24.7307 -1.40984 0 0 0 0.536315 0.576793 -0.00249666 0.00170815 0.00375244 0.61149 0.567503 0.646074 0.0689221 0.0657015 0.0720373 0.085955 0.0813663 0.0894678 0 0 0 0 0 0 0.502866 0.580401 -0.000418309 0.370217 9.44543 0 3.13082 0 3.48527 0 0.470257 1.18803 1.02233 1.00308 1 1.00001 1.00391 1.00282 0.00433529 0.00546695 0
480 10.9091 109.091 0.456801 0.541198 0.458216 3.79867 3.78908 4.36435 1.1461 1.14257 0.986473 0.986473 0.98095 0.974188 0.26408 0.25324 1 2e-05 0.00304072 0.0427982 51.1521 19.6204 2.71754 -22.338 20.8466 6.71634 24.291 -1.3603 0 0 0 0.536645 0.57705 -0.00245032 0.00171622 0.00378111 0.602922 0.55885 0.637625 0.0706118 0.0672762 0.0738235 0.0880468 0.083307 0.0916806 0 0 0 0 0 0 0.502866 0.580401 -9.64665e-05 0.370214 9.27786 0 3.08304 0 3.42884 0 0.456801 1.14627 0.986473 1.00309 1 1.00001 1.00393 1.00285 0.00425817 0.00537093 0
490 11.1364 111.364 0.443856 0.526278 0.445235 3.65545 3.6455 4.20132 1.1061 1.10267 0.952029 0.952029 0.946699 0.940201 0.254854 0.252784 1 2e-05 0.00306788 0.0429407 50.5865 19.2774 2.66347 -21.9408 20.4824 6.60038 23.8597 -1.31077 0 0 0 0.537068 0.57759 -0.0024384 0.00168642 0.00381755 0.59457 0.550398 0.629369 0.0722763 0.0688244 0.0755841 0.0901059 0.0852148 0.0938609 0 0 0 0 0 0 0.502866 0.580401 -0.00146486 0.369279 9.11445 0 3.02666 0 3.36381 0 0.443856 1.10626 0.952029 1.0031 1 1.00001 1.00394 1.00288 0.00418213 0.0052779 0
500 11.3636 113.636 0.431396 0.511881 0.432748 3.51635 3.50872 4.05431 1.0677 1.06439 0.918922 0.918922 0.913782 0.907543 0.245971 0.252612 1 2e-05 0.00309512 0.0430855 50.036 18.9421 2.60898 -21.5511 20.1264 6.48659 23.4377 -1.26591 0 0 0 0.537366 0.578063 -0.00243371 0.00166101 0.0038514 0.5864 0.542097 0.621312 0.073915 0.0703468 0.0773193 0.092133 0.0870905 0.0960094 0 0 0 0 0 0 0.502866 0.580401 -0.000732058 0.369304 8.95483 0 2.97414 0 3.30462 0 0.431396 1.06786 0.918922 1.00311 1 1.00001 1.00396 1.00291 0.00410679 0.0051839 0
510 11.5909 115.909 0.419395 0.49796 0.420723 3.38623 3.37925 3.92001 1.03057 1.02735 0.887107 0.887107 0.882145 0.876149 0.237486 0.252637 1 2e-05 0.00312266 0.043237 49.5047 18.6133 2.55825 -21.1715 19.7768 6.37552 23.026 -1.22225 0 0 0 0.538035 0.578539 -0.0024443 0.00162426 0.00389891 0.578395 0.533967 0.6134 0.0755285 0.0718434 0.0790292 0.0941288 0.0889347 0.0981267 0 0 0 0 0 0 0.502866 0.580401 -0.00233961 0.368543 8.79766 0 2.9345 0 3.25858 0 0.419395 1.03071 0.887107 1.00313 1 1.00001 1.00397 1.00294 0.00403751 0.00509555 0
520 11.8182 118.182 0.407835 0.48444 0.409139 3.26211 3.25547 3.80733 0.994983 0.991873 0.856475 0.856475 0.85169 0.845941 0.229285 0.25335 1 2e-05 0.00315024 0.0433897 48.9862 18.2901 2.5095 -20.7996 19.432 6.27089 22.6232 -1.18476 0 0 0 0.538814 0.578882 -0.00248669 0.00163124 0.00391732 0.570529 0.525995 0.605562 0.0771174 0.073315 0.0807143 0.0960938 0.0907479 0.100213 0 0 0 0 0 0 0.502866 0.580401 -0.00308329 0.368494 8.64441 0 2.89572 0 3.21508 0 0.407835 0.995119 0.856475 1.00314 1 1 1.00398 1.00297 0.00396722 0.00500452 0
530 12.0455 120.455 0.396681 0.471374 0.397962 3.14749 3.14084 3.67935 0.960693 0.957681 0.826988 0.826988 0.822374 0.816862 0.221397 0.254076 1 2e-05 0.003178 0.043546 48.482 17.9729 2.46277 -20.4356 19.0954 6.16679 22.2282 -1.14598 0 0 0 0.53968 0.579515 -0.00254777 0.00170617 0.00390815 0.562811 0.518202 0.597879 0.0786826 0.074762 0.0823739 0.0980286 0.0925307 0.102269 0 0 0 0 0 0 0.502866 0.580401 -0.00246849 0.367266 8.4941 0 2.84589 0 3.15745 0 0.396681 0.960823 0.826988 1.00314 1 1 1.004 1.00299 0.00389722 0.00491498 0
540 12.2727 122.727 0.385958 0.45876 0.387212 3.02706 3.01976 3.55222 0.927469 0.924553 0.798605 0.798605 0.79415 0.788851 0.213847 0.255663 1 2e-05 0.00320611 0.0437133 48.0025 17.6594 2.42235 -20.0817 18.7622 6.06253 21.8449 -1.10519 0 0 0 0.539985 0.579508 -0.00264827 0.00176505 0.00388663 0.555211 0.510543 0.590429 0.0802241 0.0761851 0.084009 0.0999335 0.0942837 0.104296 0 0 0 0 0 0 0.502866 0.580401 -0.00169485 0.367346 8.3459 0 2.80229 0 3.11129 0 0.385958 0.927593 0.798605 1.00315 1 1 1.00401 1.00302 0.00382964 0.00483077 0
550 12.5 125 0.375628 0.446543 0.376852 2.91752 2.90887 3.44023 0.895579 0.892757 0.77121 0.77121 0.766919 0.761838 0.206525 0.257658 1 2e-05 0.00323429 0.0438829 47.5362 17.3511 2.38448 -19.7356 18.4355 5.95738 21.4687 -1.07139 0 0 0 0.539691 0.579138 -0.00274482 0.00181919 0.00388639 0.547719 0.503048 0.583123 0.0817421 0.0775845 0.0856205 0.101809 0.0960074 0.106293 0 0 0 0 0 0 0.502866 0.580401 -0.00179455 0.366636 8.20113 0 2.76031 0 3.06528 0 0.375628 0.895699 0.77121 1.00316 1 1 1.00402 1.00305 0.0037596 0.00474187 0
560 12.7273 127.273 0.365707 0.434726 0.366898 2.8031 2.79384 3.32773 0.864906 0.862174 0.744864 0.744864 0.74073 0.735845 0.199481 0.260199 1 2e-05 0.00326261 0.0440577 47.0875 17.0482 2.34927 -19.3975 18.1143 5.85508 21.1018 -1.01659 0 0 0 0.539294 0.578717 -0.0028162 0.00191672 0.00387541 0.540406 0.495684 0.575943 0.0832369 0.0789604 0.0872086 0.103656 0.0977025 0.108262 0 0 0 0 0 0 0.502866 0.580401 -0.00160675 0.367698 8.05944 0 2.70906 0 3.00626 0 0.365707 0.865019 0.744864 1.00317 1 1 1.00403 1.00307 0.00368991 0.00465516 0
570 12.9545 129.545 0.356175 0.423337 0.357338 2.69207 2.68404 3.20698 0.835429 0.832785 0.719616 0.719616 0.715629 0.71094 0.19275 0.262709 1 2e-05 0.00329103 0.044237 46.6553 16.7542 2.31438 -19.0686 17.8009 5.75353 20.7445 -0.981619 0 0 0 0.539118 0.578503 -0.00286609 0.00203056 0.00387854 0.533296 0.488495 0.568896 0.0847098 0.0803135 0.0887744 0.105474 0.0993694 0.110203 0 0 0 0 0 0 0.502866 0.580401 -0.00170173 0.367694 7.92088 0 2.66377 0 2.95413 0 0.356175 0.835537 0.719616 1.00317 1 1 1.00403 1.0031 0.0036251 0.00457232 0
580 13.1818 131.818 0.347006 0.412327 0.348139 2.59032 2.5819 3.10063 0.807055 0.804496 0.695381 0.695381 0.691534 0.687025 0.186306 0.26474 1 2e-05 0.0033196 0.0444206 46.2382 16.4676 2.27723 -18.7449 17.4957 5.65753 20.3941 -0.939903 0 0 0 0.53934 0.578624 -0.00292093 0.00210463 0.00387886 0.526314 0.481468 0.561993 0.0861607 0.081644 0.0903174 0.107265 0.101009 0.112117 0 0 0 0 0 0 0.502866 0.580401 -0.000922764 0.366806 7.78518 0 2.61942 0 2.90213 0 0.347006 0.807157 0.695381 1.00318 1 1 1.00404 1.00312 0.00356054 0.00449161 0
590 13.4091 134.091 0.33819 0.401734 0.339294 2.49092 2.48273 2.9828 0.779977 0.7775 0.672188 0.672188 0.66848 0.664146 0.180124 0.266085 1 2e-05 0.00334806 0.0446043 45.8322 16.189 2.24129 -18.4303 17.1987 5.56232 20.0534 -0.905528 0 0 0 0.539704 0.578801 -0.00294864 0.00214548 0.00390904 0.519492 0.474612 0.555283 0.0875899 0.0829525 0.0918381 0.109028 0.102622 0.114003 0 0 0 0 0 0 0.502866 0.580401 -0.00077048 0.366347 7.65345 0 2.56553 0 2.84524 0 0.33819 0.780076 0.672188 1.00319 1 1 1.00405 1.00315 0.00349593 0.0044104 0
600 13.6364 136.364 0.329696 0.39152 0.330773 2.39947 2.3918 2.87638 0.753938 0.75154 0.649899 0.649899 0.646325 0.642166 0.174186 0.267023 1 2e-05 0.00337661 0.0447909 45.4386 15.9155 2.20832 -18.1238 16.9088 5.46838 19.7204 -0.883301 0 0 0 0.540317 0.579189 -0.00295842 0.002161 0.0039448 0.512775 0.467931 0.548764 0.0889981 0.0842403 0.0933375 0.110765 0.104208 0.115864 0 0 0 0 0 0 0.502866 0.580401 0.00117889 0.366422 7.52459 0 2.5229 0 2.79962 0 0.329696 0.754034 0.649899 1.00319 1 1 1.00405 1.00317 0.00343361 0.00433103 0
610 13.8636 138.636 0.321497 0.381661 0.322547 2.31641 2.30891 2.77638 0.728758 0.726437 0.628447 0.628447 0.624999 0.621 0.168494 0.267864 1 2e-05 0.00340542 0.0449834 45.059 15.6463 2.17547 -17.8217 16.6235 5.38179 19.3942 -0.845434 0 0 0 0.541147 0.57986 -0.00294146 0.0021779 0.00397094 0.506201 0.461388 0.542405 0.0903854 0.085507 0.0948156 0.112476 0.105769 0.117699 0 0 0 0 0 0 0.502866 0.580401 0.000798874 0.366451 7.39786 0 2.48274 0 2.7553 0 0.321497 0.72885 0.628447 1.0032 1 1 1.00406 1.00319 0.00337492 0.00425438 0
620 14.0909 140.909 0.313617 0.37212 0.314643 2.22574 2.21916 2.68672 0.704504 0.702257 0.607865 0.607865 0.604541 0.600699 0.163053 0.26862 1 2e-05 0.00343437 0.0451832 44.6972 15.3845 2.14187 -17.5264 16.3455 5.29914 19.0752 -0.815034 0 0 0 0.541919 0.580562 -0.00294748 0.00217896 0.00400697 0.49975 0.454952 0.536197 0.0917522 0.0867533 0.0962727 0.114162 0.107305 0.119509 0 0 0 0 0 0 0.502866 0.580401 -0.000268223 0.365564 7.2737 0 2.44164 0 2.70881 0 0.313617 0.704592 0.607865 1.0032 1 1 1.00407 1.00322 0.00331406 0.00417791 0
630 14.3182 143.182 0.30604 0.362911 0.307041 2.14083 2.13367 2.59318 0.681116 0.678941 0.588093 0.588093 0.584884 0.581188 0.157843 0.269237 1 2e-05 0.00346349 0.0453901 44.3526 15.1273 2.11187 -17.2391 16.0731 5.21699 18.7648 -0.780359 0 0 0 0.542193 0.580692 -0.00296004 0.00217708 0.00401766 0.493419 0.448682 0.530136 0.0930986 0.0879795 0.0977096 0.115822 0.108816 0.121294 0 0 0 0 0 0 0.502866 0.580401 -0.00252924 0.364657 7.15193 0 2.39697 0 2.65981 0 0.30604 0.681201 0.588093 1.0032 1 1 1.00407 1.00324 0.00325777 0.00410548 0
640 14.5455 145.455 0.298759 0.354017 0.299731 2.0583 2.05025 2.5046 0.65876 0.656654 0.569118 0.569118 0.566026 0.562475 0.152825 0.269543 1 2e-05 0.00349252 0.0455977 44.0188 14.8762 2.08398 -16.9602 15.8072 5.13696 18.462 -0.750274 0 0 0 0.542501 0.580939 -0.00296704 0.00215729 0.00402291 0.48722 0.442553 0.524211 0.0944254 0.0891859 0.0991271 0.117457 0.110303 0.123055 0 0 0 0 0 0 0.502866 0.580401 -0.00201495 0.363695 7.03356 0 2.3557 0 2.61573 0 0.298759 0.65884 0.569118 1.00321 1 1 1.00407 1.00326 0.00319691 0.00403054 0
650 14.7727 147.727 0.291748 0.345381 0.292694 1.98164 1.97432 2.4319 0.637139 0.635101 0.550885 0.550885 0.5479 0.54448 0.14803 0.270531 1 2e-05 0.00352178 0.0458136 43.7016 14.632 2.05511 -16.6871 15.548 5.05636 18.1666 -0.726156 0 0 0 0.542757 0.581076 -0.00297348 0.00214187 0.00403074 0.481108 0.436554 0.518379 0.0957329 0.0903739 0.100526 0.119068 0.111767 0.124793 0 0 0 0 0 0 0.502866 0.580401 -0.000758517 0.363291 6.91717 0 2.31945 0 2.57836 0 0.291748 0.637217 0.550885 1.00321 1 1 1.00408 1.00328 0.00314253 0.00396004 0
660 15 150 0.284994 0.337018 0.285915 1.90899 1.9018 2.35481 0.616265 0.614291 0.533341 0.533341 0.530463 0.527172 0.143432 0.27068 1 2e-05 0.00355124 0.046037 43.4001 14.3933 2.02677 -16.42 15.2943 4.97937 17.8773 -0.695764 0 0 0 0.542767 0.580905 -0.00300882 0.00216129 0.00402973 0.475095 0.430694 0.512664 0.097021 0.0915435 0.101906 0.120655 0.113208 0.126508 0 0 0 0 0 0 0.502866 0.580401 -0.00121164 0.363494 6.8029 0 2.27424 0 2.52881 0 0.284994 0.616338 0.533341 1.00321 1 1 1.00408 1.0033 0.00308512 0.00388959 0
670 15.2273 152.273 0.27848 0.328951 0.279375 1.84169 1.83435 2.27185 0.59619 0.59428 0.516458 0.516458 0.513683 0.510516 0.139004 0.271514 1 2e-05 0.00358077 0.0462648 43.1104 14.1596 1.99953 -16.1591 15.0462 4.90211 17.595 -0.679266 0 0 0 0.542694 0.58073 -0.00302722 0.00219447 0.00402438 0.469227 0.424965 0.507082 0.0982904 0.0926952 0.103267 0.122218 0.114626 0.1282 0 0 0 0 0 0 0.502866 0.580401 0.000193665 0.363408 6.69118 0 2.23827 0 2.49033 0 0.27848 0.59626 0.516458 1.00322 1 1 1.00409 1.00332 0.00302915 0.00381945 0
680 15.4545 154.545 0.272195 0.321164 0.273062 1.77761 1.77001 2.19276 0.576832 0.574982 0.5002 0.5002 0.497523 0.494475 0.134747 0.271946 1 2e-05 0.00361045 0.0464972 42.8319 13.9312 1.9723 -15.9035 14.8034 4.82668 17.3186 -0.655892 0 0 0 0.542466 0.580497 -0.00303443 0.00221625 0.00400376 0.463478 0.419384 0.501631 0.0995415 0.0938291 0.104611 0.123759 0.116023 0.12987 0 0 0 0 0 0 0.502866 0.580401 0.00207213 0.36249 6.58164 0 2.20222 0 2.448 0 0.272195 0.576899 0.5002 1.00322 1 1 1.00409 1.00334 0.00297591 0.00375133 0
690 15.6818 156.818 0.266134 0.313636 0.266977 1.71381 1.70674 2.11986 0.558192 0.556401 0.484528 0.484528 0.481949 0.479021 0.130638 0.272288 1 2e-05 0.00364023 0.0467341 42.5646 13.7074 1.94558 -15.653 14.5665 4.75477 17.0466 -0.633327 0 0 0 0.54233 0.580458 -0.00302602 0.00223463 0.00396881 0.457846 0.413934 0.496294 0.100775 0.0949453 0.105937 0.125277 0.117397 0.131518 0 0 0 0 0 0 0.502866 0.580401 0.0025571 0.362849 6.47442 0 2.16915 0 2.41046 0 0.266134 0.558256 0.484528 1.00322 1 1 1.00409 1.00336 0.0029195 0.00368277 0
700 15.9091 159.091 0.260294 0.306347 0.261113 1.65104 1.64448 2.0526 0.540159 0.538424 0.46949 0.46949 0.467001 0.464179 0.126723 0.27321 1 2e-05 0.00367024 0.0469795 42.3122 13.4895 1.91986 -15.4093 14.3343 4.68386 16.7828 -0.611301 0 0 0 0.541776 0.580127 -0.00300696 0.00225005 0.00392608 0.452321 0.408581 0.491082 0.10199 0.0960442 0.107246 0.126772 0.118751 0.133145 0 0 0 0 0 0 0.502866 0.580401 0.00247421 0.362383 6.36897 0 2.13299 0 2.36873 0 0.260294 0.540218 0.46949 1.00322 1 1 1.00409 1.00337 0.00286775 0.0036185 0
710 16.1364 161.364 0.25466 0.299288 0.255458 1.59245 1.58645 1.98789 0.522884 0.521204 0.455033 0.455033 0.452632 0.449911 0.122949 0.274135 1 2e-05 0.00370019 0.0472248 42.0661 13.2768 1.89347 -15.1703 14.1078 4.61464 16.5249 -0.583898 0 0 0 0.541282 0.579956 -0.00299836 0.00227751 0.00388219 0.44689 0.403343 0.485983 0.103188 0.0971264 0.108537 0.128247 0.120084 0.134751 0 0 0 0 0 0 0.502866 0.580401 0.00217312 0.361702 6.26629 0 2.09509 0 2.32968 0 0.25466 0.522941 0.455033 1.00322 1 1 1.0041 1.00339 0.00281594 0.0035534 0
720 16.3636 163.636 0.24924 0.292435 0.250011 1.53394 1.5265 1.92967 0.506308 0.504681 0.441105 0.441105 0.438791 0.436172 0.1193 0.274655 1 2e-05 0.00373012 0.0474733 41.8308 13.0694 1.86645 -14.9358 13.8875 4.54594 16.2717 -0.562911 0 0 0 0.540636 0.579594 -0.00298949 0.00230065 0.00382669 0.441555 0.398193 0.48098 0.104369 0.098192 0.109813 0.129699 0.121397 0.136337 0 0 0 0 0 0 0.502866 0.580401 4.68999e-05 0.361426 6.16617 0 2.06474 0 2.2968 0 0.24924 0.506362 0.441105 1.00323 1 1 1.0041 1.00341 0.00276661 0.00348909 0
730 16.5909 165.909 0.244018 0.285809 0.244766 1.47694 1.47036 1.86587 0.490348 0.488771 0.427724 0.427724 0.425491 0.42297 0.115801 0.276008 1 2e-05 0.00376011 0.0477277 41.6081 12.8665 1.84162 -14.7081 13.671 4.4786 16.026 -0.545462 0 0 0 0.53992 0.579028 -0.00297833 0.00230487 0.00374443 0.436319 0.393151 0.476106 0.105533 0.0992415 0.111071 0.131131 0.12269 0.137903 0 0 0 0 0 0 0.502866 0.580401 5.20723e-06 0.360173 6.0682 0 2.02596 0 2.25509 0 0.244018 0.490398 0.427724 1.00323 1 1 1.0041 1.00342 0.00271652 0.00342746 0
740 16.8182 168.182 0.238978 0.279419 0.239706 1.42514 1.41924 1.79954 0.475049 0.473521 0.414857 0.414857 0.412703 0.410276 0.112427 0.276853 1 2e-05 0.00379003 0.0479824 41.3921 12.6686 1.81806 -14.4866 13.4603 4.41107 15.786 -0.525501 0 0 0 0.539801 0.578937 -0.00299095 0.00229469 0.00366199 0.431215 0.388224 0.471353 0.106681 0.100275 0.112313 0.132543 0.123964 0.139449 0 0 0 0 0 0 0.502866 0.580401 -0.000680909 0.360337 5.97278 0 1.99198 0 2.21634 0 0.238978 0.475099 0.414857 1.00323 1 1 1.0041 1.00344 0.00266844 0.00336664 0
750 17.0455 170.455 0.234108 0.273246 0.234809 1.37876 1.37144 1.73814 0.46041 0.458928 0.402476 0.402476 0.400398 0.398059 0.109163 0.277432 1 2e-05 0.0038198 0.0482353 41.1804 12.4744 1.79601 -14.2705 13.2543 4.34651 15.5512 -0.511724 0 0 0 0.540454 0.579597 -0.00300075 0.00229747 0.00358936 0.426219 0.383426 0.466706 0.107812 0.101293 0.11354 0.133934 0.125218 0.140976 0 0 0 0 0 0 0.502866 0.580401 -7.60553e-05 0.359807 5.88003 0 1.9597 0 2.1826 0 0.234108 0.460458 0.402476 1.00323 1 1 1.0041 1.00346 0.00262208 0.00330659 0
760 17.2727 172.727 0.22939 0.267258 0.230065 1.33593 1.32861 1.68627 0.446318 0.444882 0.390553 0.390553 0.388549 0.386297 0.10602 0.278033 1 2e-05 0.00384961 0.0484915 40.9766 12.2847 1.77473 -14.0594 13.052 4.28292 15.3226 -0.498602 0 0 0 0.541027 0.579862 -0.00300389 0.0023074 0.00351867 0.421306 0.378743 0.462138 0.108927 0.102297 0.114752 0.135306 0.126454 0.142484 0 0 0 0 0 0 0.502866 0.580401 0.00143075 0.360189 5.78934 0 1.93153 0 2.15168 0 0.22939 0.446364 0.390553 1.00323 1 1 1.0041 1.00347 0.00257412 0.00324719 0
770 17.5 175 0.224829 0.261458 0.22548 1.29119 1.28446 1.63331 0.432691 0.431297 0.379077 0.379077 0.37714 0.374968 0.103007 0.278324 1 2e-05 0.00387957 0.0487532 40.7825 12.0995 1.75359 -13.8531 12.8551 4.22168 15.0984 -0.484082 0 0 0 0.541576 0.580065 -0.00302794 0.00230943 0.00344977 0.416463 0.374195 0.457661 0.110027 0.103286 0.115948 0.136658 0.127673 0.143974 0 0 0 0 0 0 0.502866 0.580401 0.00142465 0.359198 5.70027 0 1.90122 0 2.11654 0 0.224829 0.432735 0.379077 1.00323 1 1 1.0041 1.00349 0.00253145 0.00319252 0
780 17.7273 177.273 0.220404 0.255871 0.221034 1.25203 1.24599 1.5733 0.419653 0.418301 0.367994 0.367994 0.366126 0.364032 0.100073 0.279442 1 2e-05 0.00390936 0.0490102 40.5882 11.9182 1.73404 -13.6522 12.6618 4.15968 14.8794 -0.474615 0 0 0 0.541938 0.580119 -0.00305266 0.00231234 0.00340482 0.411732 0.369756 0.45332 0.111111 0.104262 0.117129 0.137992 0.128873 0.145445 0 0 0 0 0 0 0.502866 0.580401 0.000547842 0.358608 5.61373 0 1.87024 0 2.08327 0 0.220404 0.419695 0.367994 1.00323 1 1 1.00411 1.0035 0.00248646 0.0031357 0
790 17.9545 179.545 0.216114 0.250473 0.216724 1.21361 1.20794 1.52 0.407061 0.405749 0.357299 0.357299 0.355494 0.353472 0.0972434 0.280067 1 2e-05 0.00393925 0.0492708 40.4011 11.7403 1.7156 -13.4559 12.4727 4.09999 14.6645 -0.459843 0 0 0 0.542305 0.580234 -0.00307058 0.0023196 0.00337729 0.407109 0.365413 0.449091 0.11218 0.105223 0.118296 0.139306 0.130056 0.146899 0 0 0 0 0 0 0.502866 0.580401 -0.000261347 0.358389 5.52887 0 1.83996 0 2.04974 0 0.216114 0.407101 0.357299 1.00323 1 1 1.00411 1.00351 0.00244541 0.00308284 0
800 18.1818 181.818 0.211964 0.245246 0.212555 1.17404 1.16884 1.47213 0.394897 0.393624 0.347002 0.347002 0.345257 0.343303 0.0945271 0.280916 1 2e-05 0.00396924 0.0495364 40.2232 11.5661 1.69737 -13.2635 12.2873 4.0431 14.4546 -0.445484 0 0 0 0.542629 0.580311 -0.0030662 0.00231265 0.00334679 0.402595 0.361171 0.444932 0.113234 0.10617 0.119449 0.140603 0.131223 0.148336 0 0 0 0 0 0 0.502866 0.580401 0.000545379 0.357164 5.44563 0 1.813 0 2.01999 0 0.211964 0.394934 0.347002 1.00323 1 1 1.00411 1.00353 0.0024032 0.00303095 0
810 18.4091 184.091 0.207957 0.240179 0.208531 1.13331 1.12838 1.42673 0.383249 0.382014 0.337106 0.337106 0.335418 0.33353 0.0919082 0.282171 1 2e-05 0.00399906 0.0498014 40.0507 11.3974 1.67782 -13.0752 12.1073 3.98701 14.2494 -0.42888 0 0 0 0.542848 0.580429 -0.00302796 0.00231006 0.00332874 0.398172 0.357008 0.440865 0.114272 0.107104 0.120588 0.141881 0.132373 0.149755 0 0 0 0 0 0 0.502866 0.580401 -0.000812455 0.355552 5.36471 0 1.78311 0 1.98702 0 0.207957 0.383285 0.337106 1.00323 1 1 1.00411 1.00354 0.00236298 0.00298074 0
820 18.6364 186.364 0.204095 0.235267 0.204651 1.09252 1.08745 1.38322 0.372117 0.370918 0.327596 0.327596 0.325965 0.324143 0.0893791 0.283305 1 2e-05 0.00402864 0.0500647 39.8831 11.2328 1.65814 -12.8909 11.9315 3.93289 14.0495 -0.412043 0 0 0 0.543149 0.580807 -0.00299081 0.00230121 0.00330918 0.393843 0.35292 0.436887 0.115297 0.108026 0.121713 0.143143 0.133507 0.151158 0 0 0 0 0 0 0.502866 0.580401 -0.00115497 0.356626 5.28623 0 1.75219 0 1.95236 0 0.204095 0.372152 0.327596 1.00323 1 1 1.00411 1.00355 0.00232376 0.00293064 0
830 18.8636 188.636 0.200363 0.23053 0.200901 1.05595 1.05098 1.33406 0.361383 0.360218 0.318441 0.318441 0.316863 0.315105 0.0869487 0.284252 1 2e-05 0.00405823 0.0503311 39.723 11.071 1.64071 -12.7117 11.7592 3.88014 13.8549 -0.399254 0 0 0 0.543512 0.581263 -0.00296718 0.00227829 0.00329301 0.389634 0.348923 0.43301 0.116307 0.108934 0.122825 0.144387 0.134625 0.152545 0 0 0 0 0 0 0.502866 0.580401 -0.00192087 0.356425 5.20942 0 1.7225 0 1.91804 0 0.200363 0.361416 0.318441 1.00323 1 1 1.00411 1.00357 0.00228491 0.00288209 0
840 19.0909 190.909 0.196759 0.225944 0.197281 1.01937 1.01479 1.29148 0.351005 0.349874 0.309646 0.309646 0.30812 0.306422 0.084627 0.285477 1 2e-05 0.0040879 0.0506023 39.5723 10.9126 1.62406 -12.5367 11.591 3.82988 13.6652 -0.382171 0 0 0 0.544015 0.581786 -0.00294699 0.00222703 0.00328575 0.38553 0.344996 0.429222 0.117303 0.10983 0.123924 0.145614 0.135727 0.153915 0 0 0 0 0 0 0.502866 0.580401 -0.000476186 0.356661 5.13408 0 1.69679 0 1.8891 0 0.196759 0.351037 0.309646 1.00323 1 1 1.00411 1.00358 0.00224706 0.00283521 0
850 19.3182 193.182 0.193276 0.221484 0.193782 0.985291 0.98096 1.2559 0.341059 0.33996 0.301177 0.301177 0.299699 0.298054 0.0823811 0.286596 1 2e-05 0.00411739 0.0508743 39.4276 10.7571 1.60849 -12.3656 11.4264 3.78032 13.4804 -0.375673 0 0 0 0.544599 0.58239 -0.00292481 0.00219254 0.00325321 0.381477 0.341146 0.425514 0.118287 0.110714 0.12501 0.146825 0.136814 0.15527 0 0 0 0 0 0 0.502866 0.580401 -0.000978692 0.356786 5.06082 0 1.67428 0 1.86563 0 0.193276 0.34109 0.301177 1.00323 1 1 1.00411 1.00359 0.00221289 0.00278995 0
860 19.5455 195.455 0.189892 0.217145 0.190381 0.95773 0.952915 1.22188 0.331531 0.330462 0.293005 0.293005 0.291577 0.289988 0.0802003 0.287962 1 2e-05 0.00414666 0.0511417 39.2826 10.6053 1.5931 -12.1984 11.2654 3.7327 13.2992 -0.36526 0 0 0 0.545166 0.582841 -0.00291781 0.00214998 0.00321155 0.377479 0.337372 0.421875 0.119257 0.111585 0.126084 0.14802 0.137886 0.15661 0 0 0 0 0 0 0.502866 0.580401 -0.000984992 0.356392 4.98962 0 1.65196 0 1.84157 0 0.189892 0.331559 0.293005 1.00323 1 1 1.00411 1.0036 0.00217535 0.00274261 0
870 19.7727 197.727 0.186617 0.212931 0.18709 0.926762 0.922043 1.18656 0.322318 0.32128 0.285124 0.285124 0.283742 0.282207 0.0781023 0.289042 1 2e-05 0.00417597 0.0514126 39.1446 10.4575 1.5776 -12.0351 11.1079 3.68501 13.1226 -0.350925 0 0 0 0.545559 0.582977 -0.00291958 0.00210269 0.00317507 0.373568 0.333665 0.418302 0.120214 0.112444 0.127147 0.149199 0.138943 0.157935 0 0 0 0 0 0 0.502866 0.580401 0.000219157 0.356624 4.91981 0 1.62525 0 1.81287 0 0.186617 0.322347 0.285124 1.00323 1 1 1.00411 1.00361 0.00213989 0.00269802 0
880 20 200 0.183456 0.208848 0.183913 0.894752 0.890133 1.14971 0.313455 0.312444 0.277542 0.277542 0.276206 0.274725 0.076084 0.28997 1 2e-05 0.00420519 0.0516866 39.0145 10.3134 1.56236 -11.8758 10.955 3.63889 12.9496 -0.335284 0 0 0 0.546094 0.583337 -0.00292682 0.00206064 0.00314885 0.369747 0.330042 0.414796 0.121159 0.113291 0.128198 0.150362 0.139986 0.159244 0 0 0 0 0 0 0.502866 0.580401 0.000228135 0.356875 4.85169 0 1.59725 0 1.78178 0 0.183456 0.313482 0.277542 1.00323 1 1 1.00411 1.00362 0.00210505 0.00265391 0
890 20.2273 202.273 0.180405 0.204895 0.180844 0.864182 0.859252 1.11309 0.305001 0.304018 0.270253 0.270253 0.268961 0.267529 0.0741297 0.291344 1 2e-05 0.00423403 0.051954 38.8846 10.1717 1.54911 -11.7208 10.8042 3.59491 12.7824 -0.32816 0 0 0 0.546537 0.583622 -0.00294248 0.00202997 0.00312639 0.366014 0.326488 0.411376 0.122091 0.114127 0.129237 0.15151 0.141014 0.16054 0 0 0 0 0 0 0.502866 0.580401 0.00139298 0.355615 4.78582 0 1.57484 0 1.75657 0 0.180405 0.305027 0.270253 1.00323 1 1 1.00411 1.00363 0.00206829 0.0026091 0
900 20.4545 204.545 0.177437 0.201063 0.177859 0.840458 0.835747 1.07917 0.296828 0.295871 0.263225 0.263225 0.261974 0.260588 0.0722504 0.292791 1 2e-05 0.00426288 0.0522246 38.7601 10.0344 1.53448 -11.5688 10.6582 3.55241 12.6177 -0.319691 0 0 0 0.546746 0.583865 -0.0029506 0.00202032 0.00308064 0.362376 0.323005 0.408017 0.123012 0.114952 0.130266 0.152643 0.142029 0.161821 0 0 0 0 0 0 0.502866 0.580401 0.00116495 0.354759 4.72127 0 1.55319 0 1.73131 0 0.177437 0.296853 0.263225 1.00323 1 1 1.00411 1.00364 0.00203468 0.00256739 0
910 20.6818 206.818 0.174561 0.197361 0.174969 0.814047 0.809815 1.04244 0.288985 0.288053 0.256453 0.256453 0.255244 0.253906 0.0704325 0.293595 1 2e-05 0.00429151 0.052493 38.6385 9.90034 1.5207 -11.421 10.5158 3.51024 12.4569 -0.309504 0 0 0 0.546577 0.58391 -0.00294818 0.00200001 0.00304769 0.358844 0.319601 0.404733 0.123921 0.115765 0.131282 0.153761 0.14303 0.163088 0 0 0 0 0 0 0.502866 0.580401 0.000585694 0.355005 4.65847 0 1.52557 0 1.70037 0 0.174561 0.289008 0.256453 1.00323 1 1 1.00411 1.00365 0.00199999 0.00252396 0
920 20.9091 209.091 0.171776 0.193769 0.172168 0.788716 0.784476 1.0117 0.281371 0.280464 0.249929 0.249929 0.248759 0.247466 0.0686934 0.295411 1 2e-05 0.00432025 0.052767 38.5248 9.76878 1.50742 -11.2762 10.3758 3.46812 12.3012 -0.300509 0 0 0 0.54613 0.583616 -0.00294191 0.00195856 0.00302258 0.355381 0.316262 0.401522 0.124818 0.116566 0.132287 0.154865 0.144018 0.164341 0 0 0 0 0 0 0.502866 0.580401 9.37112e-05 0.353981 4.5967 0 1.50334 0 1.67669 0 0.171776 0.281394 0.249929 1.00323 1 1 1.00411 1.00366 0.00196651 0.00248295 0
930 21.1364 211.364 0.169075 0.190283 0.169452 0.764691 0.760592 0.981447 0.273991 0.273108 0.243633 0.243633 0.242502 0.241253 0.0670211 0.296459 1 2e-05 0.00434905 0.053044 38.4169 9.64114 1.49319 -11.1343 10.2405 3.42727 12.1476 -0.293846 0 0 0 0.545685 0.583366 -0.00292077 0.0019314 0.0029822 0.351992 0.31298 0.398386 0.125704 0.117357 0.133281 0.155955 0.144992 0.165581 0 0 0 0 0 0 0.502866 0.580401 0.000692097 0.35433 4.53602 0 1.48282 0 1.65432 0 0.169075 0.274014 0.243633 1.00323 1 1 1.00411 1.00367 0.00193453 0.0024421 0
940 21.3636 213.636 0.166444 0.186907 0.166808 0.744567 0.740813 0.950852 0.266888 0.266027 0.237542 0.237542 0.236445 0.235236 0.0653961 0.297878 1 2e-05 0.00437771 0.0533201 38.311 9.51491 1.48081 -10.9957 10.1064 3.38687 11.9986 -0.285778 0 0 0 0.545178 0.583008 -0.0029008 0.00189837 0.00292731 0.348688 0.309756 0.395325 0.126579 0.118138 0.134264 0.157031 0.145954 0.166808 0 0 0 0 0 0 0.502866 0.580401 8.658e-05 0.353973 4.47683 0 1.45797 0 1.62858 0 0.166444 0.266909 0.237542 1.00323 1 1 1.00411 1.00368 0.0019061 0.00240428 0
950 21.5909 215.909 0.163889 0.183634 0.16424 0.723239 0.719357 0.921705 0.260082 0.259243 0.231642 0.231642 0.230582 0.229412 0.0638075 0.29852 1 2e-05 0.00440607 0.053591 38.2045 9.39094 1.46848 -10.8594 9.97562 3.34801 11.8514 -0.27759 0 0 0 0.544884 0.582843 -0.00289061 0.00186699 0.00288725 0.34546 0.3066 0.392328 0.127442 0.118909 0.135238 0.158094 0.146903 0.168021 0 0 0 0 0 0 0.502866 0.580401 0.000508935 0.353434 4.41938 0 1.43474 0 1.60312 0 0.163889 0.260102 0.231642 1.00323 1 1 1.00411 1.00369 0.00187333 0.00236352 0
960 21.8182 218.182 0.16141 0.18047 0.161748 0.701764 0.698278 0.890824 0.253467 0.252651 0.225954 0.225954 0.224928 0.223795 0.0622864 0.300539 1 2e-05 0.00443454 0.0538657 38.104 9.26976 1.45768 -10.7274 9.84703 3.30877 11.7089 -0.268435 0 0 0 0.544651 0.582715 -0.00287384 0.00183887 0.00286356 0.342309 0.303521 0.38941 0.128295 0.11967 0.136201 0.159144 0.14784 0.169223 0 0 0 0 0 0 0.502866 0.580401 0.000567707 0.354054 4.36282 0 1.4125 0 1.57833 0 0.16141 0.253487 0.225954 1.00323 1 1 1.00411 1.0037 0.00184421 0.00232579 0
970 22.0455 220.455 0.159014 0.177384 0.15934 0.677948 0.674514 0.869211 0.24705 0.246254 0.220482 0.220482 0.219486 0.218388 0.0608334 0.30159 1 2e-05 0.00446306 0.054148 38.0139 9.15295 1.44495 -10.5979 9.72295 3.27128 11.5689 -0.257933 0 0 0 0.54459 0.582704 -0.00285448 0.00182049 0.00283635 0.3392 0.300499 0.386537 0.129138 0.120421 0.137154 0.160181 0.148764 0.170412 0 0 0 0 0 0 0.502866 0.580401 0.000833742 0.353183 4.30724 0 1.39265 0 1.55623 0 0.159014 0.247069 0.220482 1.00323 1 1 1.00411 1.00371 0.00181674 0.00229139 0
980 22.2727 222.727 0.156694 0.174376 0.157007 0.656948 0.653425 0.847016 0.240906 0.24013 0.215193 0.215193 0.214229 0.213168 0.0594177 0.30285 1 2e-05 0.00449124 0.0544265 37.9254 9.0372 1.43447 -10.4717 9.60049 3.23459 11.4329 -0.251628 0 0 0 0.544551 0.582655 -0.00284383 0.00180772 0.00281401 0.336157 0.297522 0.383706 0.12997 0.121162 0.138098 0.161205 0.149677 0.171589 0 0 0 0 0 0 0.502866 0.580401 0.00126742 0.353993 4.25334 0 1.37478 0 1.53708 0 0.156694 0.240924 0.215193 1.00323 1 1 1.00411 1.00372 0.00178804 0.00225473 0
990 22.5 225 0.154437 0.171452 0.154737 0.639238 0.635455 0.823185 0.234979 0.234222 0.210067 0.210067 0.209133 0.208107 0.0580401 0.304188 1 2e-05 0.0045193 0.0547051 37.8403 8.92425 1.4242 -10.3485 9.481 3.19696 11.2993 -0.245462 0 0 0 0.544567 0.582652 -0.00283674 0.00179367 0.0027909 0.333171 0.294599 0.380938 0.130792 0.121894 0.139033 0.162217 0.150578 0.172754 0 0 0 0 0 0 0.502866 0.580401 0.000869777 0.353415 4.2007 0 1.35451 0 1.51446 0 0.154437 0.234997 0.210067 1.00323 1 1 1.00411 1.00372 0.00175841 0.00221883 0
1000 22.7273 227.273 0.152235 0.168614 0.152523 0.623554 0.62021 0.799201 0.229197 0.228459 0.205108 0.205108 0.204203 0.203207 0.056717 0.305209 1 2e-05 0.00454754 0.0549899 37.7615 8.81347 1.41379 -10.2273 9.3638 3.1622 11.1681 -0.240997 0 0 0 0.544707 0.582773 -0.00283023 0.00179204 0.00276489 0.330244 0.291729 0.378235 0.131606 0.122617 0.139959 0.163217 0.151467 0.173907 0 0 0 0 0 0 0.502866 0.580401 0.000846486 0.353262 4.14869 0 1.33533 0 1.49439 0 0.152235 0.229214 0.205108 1.00323 1 1 1.00411 1.00373 0.00173103 0.00218441 0
1010 22.9545 229.545 0.150092 0.165862 0.150369 0.606672 0.603607 0.775036 0.223616 0.222895 0.200319 0.200319 0.199441 0.198475 0.0554387 0.307003 1 2e-05 0.00457565 0.0552718 37.6827 8.70554 1.40337 -10.1089 9.24912 3.12773 11.0402 -0.23598 0 0 0 0.544996 0.583043 -0.00282265 0.00179918 0.00274967 0.327396 0.288912 0.375588 0.13241 0.12333 0.140877 0.164205 0.152345 0.175049 0 0 0 0 0 0 0.502866 0.580401 0.00160879 0.353438 4.09786 0 1.31698 0 1.47407 0 0.150092 0.223632 0.200319 1.00323 1 1 1.00411 1.00374 0.00170406 0.00215196 0
1020 23.1818 231.818 0.148 0.163191 0.148268 0.591645 0.588885 0.752266 0.218252 0.217549 0.195671 0.195671 0.194821 0.193885 0.0541872 0.308447 1 2e-05 0.00460351 0.0555475 37.6015 8.59988 1.3928 -9.99268 9.1367 3.09464 10.9142 -0.230236 0 0 0 0.545471 0.583537 -0.00281436 0.00180129 0.00273535 0.324626 0.286142 0.372991 0.133204 0.124035 0.141784 0.165181 0.153212 0.17618 0 0 0 0 0 0 0.502866 0.580401 0.00232755 0.352962 4.04842 0 1.29954 0 1.45483 0 0.148 0.218267 0.195671 1.00323 1 1 1.00411 1.00375 0.00167796 0.0021174 0
1030 23.4091 234.091 0.145968 0.16059 0.146225 0.575315 0.572424 0.732457 0.213006 0.212319 0.191178 0.191178 0.190353 0.189445 0.0529895 0.310074 1 2e-05 0.0046316 0.0558348 37.5314 8.49695 1.38164 -9.87859 9.02689 3.0618 10.7909 -0.224006 0 0 0 0.546136 0.584119 -0.00280568 0.0017968 0.00272094 0.321905 0.283432 0.370436 0.133988 0.124731 0.142683 0.166146 0.154068 0.1773 0 0 0 0 0 0 0.502866 0.580401 0.00210781 0.352889 3.99946 0 1.28022 0 1.43386 0 0.145968 0.21302 0.191178 1.00323 1 1 1.00411 1.00375 0.00165253 0.00208601 0
1040 23.6364 236.364 0.143988 0.15807 0.144236 0.560018 0.557403 0.709514 0.207952 0.207282 0.186832 0.186832 0.186032 0.185154 0.0518274 0.311302 1 2e-05 0.00465948 0.0561192 37.4615 8.39641 1.37078 -9.7672 8.91962 3.02912 10.6703 -0.217835 0 0 0 0.546675 0.584468 -0.00279687 0.00178332 0.00270436 0.319243 0.280795 0.367938 0.134764 0.125417 0.143573 0.1671 0.154914 0.178409 0 0 0 0 0 0 0.502866 0.580401 0.00157833 0.352538 3.95174 0 1.26172 0 1.41236 0 0.143988 0.207966 0.186832 1.00323 1 1 1.00411 1.00376 0.00162779 0.00205345 0
1050 23.8636 238.636 0.142067 0.155625 0.142306 0.543459 0.541056 0.688621 0.203069 0.202415 0.18263 0.18263 0.181855 0.181004 0.0507034 0.311961 1 2e-05 0.00468724 0.0564005 37.3925 8.29801 1.36043 -9.65845 8.81503 2.99881 10.5517 -0.210646 0 0 0 0.547061 0.584634 -0.00279333 0.00177507 0.00267315 0.316628 0.278206 0.365509 0.135531 0.126095 0.144454 0.168043 0.155749 0.179507 0 0 0 0 0 0 0.502866 0.580401 0.000840461 0.353217 3.90506 0 1.24194 0 1.39079 0 0.142067 0.203083 0.18263 1.00323 1 1 1.00411 1.00377 0.00160285 0.00202283 0
1060 24.0909 240.909 0.140205 0.153244 0.140435 0.526824 0.524239 0.670456 0.198339 0.1977 0.178562 0.178562 0.177811 0.176986 0.0496154 0.313111 1 2e-05 0.00471494 0.0566868 37.3306 8.20142 1.3508 -9.55221 8.71206 2.96818 10.4362 -0.203656 0 0 0 0.547427 0.584845 -0.00279637 0.0017766 0.00264018 0.31407 0.275655 0.363128 0.13629 0.126765 0.145327 0.168975 0.156573 0.180596 0 0 0 0 0 0 0.502866 0.580401 0.00120394 0.352609 3.85932 0 1.22705 0 1.37552 0 0.140205 0.198352 0.178562 1.00323 1 1 1.00411 1.00377 0.00157745 0.00199136 0
1070 24.3182 243.182 0.138397 0.150915 0.138616 0.512292 0.509309 0.655713 0.193739 0.193115 0.174617 0.174617 0.173886 0.173085 0.0485625 0.313515 1 2e-05 0.00474268 0.0569775 37.2746 8.1068 1.34114 -9.44794 8.61178 2.93893 10.3221 -0.196902 0 0 0 0.54781 0.585173 -0.00278918 0.00178198 0.00260145 0.311562 0.273143 0.360767 0.13704 0.127427 0.146191 0.169896 0.157388 0.181674 0 0 0 0 0 0 0.502866 0.580401 0.000853633 0.352693 3.8143 0 1.20858 0 1.35554 0 0.138397 0.193752 0.174617 1.00323 1 1 1.00411 1.00378 0.00155485 0.0019625 0
1080 24.5455 245.455 0.136642 0.148658 0.136852 0.496761 0.494097 0.635526 0.189333 0.188723 0.170809 0.170809 0.170101 0.169324 0.0475394 0.314378 1 2e-05 0.00477003 0.0572626 37.2184 8.01453 1.33176 -9.34629 8.5135 2.90914 10.2115 -0.19076 0 0 0 0.548058 0.585483 -0.00278184 0.00177369 0.00257208 0.309117 0.270686 0.358459 0.137782 0.128081 0.147046 0.170807 0.158192 0.182742 0 0 0 0 0 0 0.502866 0.580401 0.00131501 0.35182 3.77068 0 1.18857 0 1.33243 0 0.136642 0.189345 0.170809 1.00323 1 1 1.00411 1.00379 0.00153071 0.00193188 0
1090 24.7727 247.727 0.134936 0.14647 0.135137 0.482822 0.480376 0.616259 0.185027 0.184431 0.167127 0.167127 0.16644 0.165686 0.0465595 0.31549 1 2e-05 0.00479755 0.0575574 37.1717 7.92442 1.32261 -9.24703 8.41719 2.87887 10.1039 -0.184935 0 0 0 0.548115 0.585666 -0.00277948 0.00175268 0.00254957 0.306724 0.268286 0.356206 0.138515 0.128727 0.147893 0.171709 0.158987 0.1838 0 0 0 0 0 0 0.502866 0.580401 0.00179911 0.351211 3.72755 0 1.17036 0 1.31301 0 0.134936 0.185038 0.167127 1.00323 1 1 1.00411 1.00379 0.00150876 0.00190374 0
1100 25 250 0.133277 0.144342 0.133469 0.469767 0.467267 0.599255 0.180864 0.180281 0.163565 0.163565 0.162897 0.162165 0.0456112 0.315932 1 2e-05 0.00482492 0.0578506 37.1265 7.83688 1.31283 -9.14971 8.3239 2.84971 9.99773 -0.181385 0 0 0 0.547955 0.585609 -0.00276894 0.00173591 0.00252799 0.304374 0.265933 0.354006 0.139239 0.129365 0.148732 0.1726 0.159773 0.184849 0 0 0 0 0 0 0.502866 0.580401 0.00103577 0.351746 3.68538 0 1.15479 0 1.29617 0 0.133277 0.180875 0.163565 1.00323 1 1 1.0041 1.0038 0.00148616 0.00187619 0
1110 25.2273 252.273 0.131649 0.142273 0.131834 0.460473 0.458231 0.582551 0.176846 0.176276 0.160105 0.160105 0.159458 0.158748 0.0446851 0.316568 1 2e-05 0.0048521 0.0581373 37.0775 7.75103 1.30293 -9.05396 8.23198 2.82105 9.89381 -0.179655 0 0 0 0.54775 0.585449 -0.0027688 0.00172983 0.00250444 0.302053 0.263628 0.351867 0.139955 0.129996 0.149564 0.173481 0.160549 0.185889 0 0 0 0 0 0 0.502866 0.580401 0.00120337 0.351309 3.64421 0 1.14106 0 1.28055 0 0.131649 0.176856 0.160105 1.00323 1 1 1.0041 1.0038 0.00146371 0.00184801 0
1120 25.4545 254.545 0.130058 0.140262 0.130236 0.450061 0.448077 0.566281 0.17296 0.172403 0.156751 0.156751 0.156122 0.155434 0.043785 0.317564 1 2e-05 0.00487912 0.0584238 37.0298 7.6666 1.29377 -8.96037 8.14176 2.7933 9.79198 -0.17462 0 0 0 0.547468 0.585128 -0.00277153 0.00172411 0.00248568 0.299776 0.26137 0.349778 0.140664 0.130619 0.150387 0.174353 0.161315 0.18692 0 0 0 0 0 0 0.502866 0.580401 0.000634789 0.350526 3.60396 0 1.12482 0 1.263 0 0.130058 0.172971 0.156751 1.00323 1 1 1.0041 1.00381 0.00144251 0.00182101 0
1130 25.6818 256.818 0.12851 0.138303 0.12868 0.438143 0.436069 0.551787 0.169218 0.168673 0.153499 0.153499 0.152888 0.15222 0.0429078 0.318016 1 2e-05 0.00490587 0.0587053 36.9815 7.58407 1.28461 -8.86868 8.05395 2.76614 9.69176 -0.169918 0 0 0 0.547311 0.584899 -0.00276865 0.00172155 0.0024662 0.297538 0.259158 0.347727 0.141365 0.131235 0.151202 0.175216 0.162073 0.187941 0 0 0 0 0 0 0.502866 0.580401 0.000253255 0.350434 3.56475 0 1.10944 0 1.24708 0 0.12851 0.169228 0.153499 1.00323 1 1 1.0041 1.00382 0.00142197 0.00179468 0
1140 25.9091 259.091 0.127003 0.136398 0.127166 0.426386 0.424255 0.536301 0.165587 0.165054 0.150353 0.150353 0.149759 0.149109 0.0420604 0.318715 1 2e-05 0.00493255 0.0589891 36.9372 7.50333 1.27591 -8.77923 7.96762 2.7398 9.59411 -0.164735 0 0 0 0.547186 0.584631 -0.00275789 0.00171549 0.00244124 0.295342 0.256991 0.345724 0.142059 0.131844 0.15201 0.176069 0.162822 0.188954 0 0 0 0 0 0 0.502866 0.580401 0.000475203 0.350178 3.52631 0 1.09228 0 1.22778 0 0.127003 0.165597 0.150353 1.00323 1 1 1.0041 1.00382 0.00140137 0.00176903 0
1150 26.1364 261.364 0.125538 0.134536 0.125692 0.414995 0.412637 0.524371 0.162063 0.161541 0.147302 0.147302 0.146725 0.146095 0.0412399 0.319107 1 2e-05 0.00495915 0.0592734 36.8959 7.42408 1.26698 -8.69106 7.88287 2.71379 9.49864 -0.160492 0 0 0 0.547008 0.584284 -0.00276032 0.00171014 0.00242188 0.293175 0.254866 0.34375 0.142746 0.132445 0.152811 0.176913 0.163563 0.189959 0 0 0 0 0 0 0.502866 0.580401 0.00112125 0.349124 3.48858 0 1.08137 0 1.21697 0 0.125538 0.162072 0.147302 1.00323 1 1 1.0041 1.00383 0.00138202 0.001744 0
1160 26.3636 263.636 0.12411 0.132714 0.124256 0.404407 0.402142 0.513126 0.158673 0.158162 0.144352 0.144352 0.143791 0.143178 0.040443 0.319681 1 2e-05 0.00498542 0.0595543 36.8548 7.34719 1.25767 -8.60485 7.80084 2.68829 9.40476 -0.156094 0 0 0 0.547033 0.584163 -0.00277303 0.00170448 0.00240615 0.291035 0.252773 0.341808 0.143425 0.13304 0.153605 0.177748 0.164294 0.190955 0 0 0 0 0 0 0.502866 0.580401 0.000325164 0.349027 3.4519 0 1.06778 0 1.201 0 0.12411 0.158682 0.144352 1.00323 1 1 1.0041 1.00383 0.00136259 0.00172021 0
1170 26.5909 265.909 0.122717 0.130938 0.122856 0.394244 0.392264 0.500094 0.155421 0.15492 0.14149 0.14149 0.140946 0.140351 0.0396625 0.320503 1 2e-05 0.0050113 0.0598266 36.8102 7.27097 1.2493 -8.52027 7.71978 2.66377 9.31323 -0.153078 0 0 0 0.54724 0.584232 -0.00278134 0.00168284 0.00238936 0.28893 0.250723 0.339903 0.144097 0.133627 0.154391 0.178574 0.165018 0.191943 0 0 0 0 0 0 0.502866 0.580401 0.000619624 0.349029 3.41634 0 1.05374 0 1.18537 0 0.122717 0.155429 0.14149 1.00323 1 1 1.0041 1.00384 0.00134189 0.00169478 0
1180 26.8182 268.182 0.121355 0.129213 0.121487 0.385448 0.3836 0.485922 0.15225 0.15176 0.13872 0.13872 0.13819 0.137611 0.0389114 0.321432 1 2e-05 0.00503719 0.0600994 36.7674 7.19632 1.24117 -8.43749 7.6402 2.64034 9.22379 -0.150433 0 0 0 0.547493 0.584374 -0.00278877 0.00166713 0.00238002 0.286872 0.24872 0.338035 0.144762 0.134208 0.15517 0.179391 0.165733 0.192923 0 0 0 0 0 0 0.502866 0.580401 0.000998267 0.349029 3.38131 0 1.04053 0 1.17043 0 0.121355 0.152258 0.13872 1.00323 1 1 1.0041 1.00384 0.00132361 0.0016717 0
1190 27.0455 270.455 0.120017 0.127535 0.120144 0.378232 0.376543 0.472311 0.149152 0.148672 0.136031 0.136031 0.135515 0.134951 0.0381863 0.322328 1 2e-05 0.00506315 0.0603779 36.7295 7.12317 1.2334 -8.35657 7.5624 2.61734 9.13599 -0.148559 0 0 0 0.547748 0.584568 -0.00277857 0.00165657 0.00237774 0.284859 0.246765 0.336204 0.14542 0.134782 0.155943 0.1802 0.16644 0.193895 0 0 0 0 0 0 0.502866 0.580401 0.000345072 0.34835 3.34673 0 1.0284 0 1.15802 0 0.120017 0.14916 0.136031 1.00323 1 1 1.0041 1.00384 0.00130689 0.00164966 0
1200 27.2727 272.727 0.11871 0.125899 0.118831 0.369688 0.368133 0.460778 0.146179 0.145709 0.13342 0.13342 0.132917 0.132368 0.0374754 0.322827 1 2e-05 0.00508869 0.0606478 36.6879 7.05197 1.22524 -8.27722 7.4865 2.59365 9.04993 -0.144894 0 0 0 0.547786 0.5846 -0.00276165 0.00164929 0.00237284 0.282886 0.244841 0.334405 0.146071 0.13535 0.15671 0.181001 0.16714 0.194859 0 0 0 0 0 0 0.502866 0.580401 0.000644516 0.348637 3.31322 0 1.01356 0 1.1422 0 0.11871 0.146187 0.13342 1.00323 1 1 1.0041 1.00385 0.00129033 0.00162863 0
1210 27.5 275 0.117436 0.124304 0.117551 0.360372 0.358843 0.449205 0.143362 0.142901 0.13089 0.13089 0.130402 0.129869 0.0367743 0.32432 1 2e-05 0.00511351 0.0609021 36.639 6.98188 1.21775 -8.19963 7.41194 2.57066 8.96593 -0.139603 0 0 0 0.547875 0.584762 -0.0027352 0.00164214 0.00236944 0.280959 0.24295 0.332634 0.146715 0.135912 0.15747 0.181793 0.167831 0.195815 0 0 0 0 0 0 0.502866 0.580401 0.000706802 0.349236 3.28113 0 1.00086 0 1.12783 0 0.117436 0.14337 0.13089 1.00323 1 1 1.0041 1.00385 0.00127076 0.00160452 0
1220 27.7273 277.273 0.116194 0.122746 0.116303 0.351422 0.349826 0.438847 0.140578 0.140126 0.128439 0.128439 0.127963 0.127444 0.0361052 0.324952 1 2e-05 0.00513864 0.0611667 36.5988 6.91316 1.21079 -8.12395 7.33908 2.54869 8.88351 -0.137957 0 0 0 0.547921 0.584927 -0.00270988 0.00163404 0.00236752 0.279056 0.241094 0.330897 0.147352 0.136468 0.158226 0.182578 0.168515 0.196764 0 0 0 0 0 0 0.502866 0.580401 0.00157021 0.348633 3.24912 0 0.989124 0 1.1156 0 0.116194 0.140585 0.128439 1.00323 1 1 1.0041 1.00386 0.00125474 0.00158354 0
1230 27.9545 279.545 0.114978 0.121225 0.115082 0.343825 0.342299 0.42831 0.137855 0.137412 0.12606 0.12606 0.125596 0.125089 0.0354603 0.326247 1 2e-05 0.00516382 0.0614366 36.5638 6.84655 1.20294 -8.04948 7.26808 2.52662 8.80264 -0.134577 0 0 0 0.547942 0.585101 -0.00268412 0.00162212 0.00237397 0.27718 0.239268 0.329198 0.147982 0.137018 0.158975 0.183354 0.169192 0.197705 0 0 0 0 0 0 0.502866 0.580401 0.00174581 0.348869 3.2175 0 0.977131 0 1.10208 0 0.114978 0.137862 0.12606 1.00323 1 1 1.0041 1.00386 0.00123939 0.00156462 0
1240 28.1818 281.818 0.11379 0.119737 0.113889 0.336145 0.33459 0.418895 0.135259 0.134824 0.12374 0.12374 0.123289 0.122797 0.0348195 0.327614 1 2e-05 0.00518843 0.0616959 36.5243 6.78052 1.19573 -7.97625 7.19782 2.50532 8.72321 -0.132115 0 0 0 0.547968 0.585232 -0.0026543 0.00160923 0.00238026 0.275329 0.237472 0.327528 0.148606 0.137562 0.159718 0.184123 0.169861 0.198639 0 0 0 0 0 0 0.502866 0.580401 0.00171074 0.348781 3.18706 0 0.96628 0 1.09129 0 0.11379 0.135266 0.12374 1.00323 1 1 1.0041 1.00387 0.00122131 0.00154226 0
1250 28.4091 284.091 0.112628 0.118284 0.112722 0.328508 0.32712 0.409091 0.132715 0.132287 0.121484 0.121484 0.121044 0.120565 0.0342006 0.328799 1 2e-05 0.00521312 0.0619581 36.488 6.71583 1.18814 -7.90396 7.12904 2.48521 8.64489 -0.128266 0 0 0 0.547957 0.58531 -0.00262373 0.0016018 0.00238419 0.273511 0.235709 0.325886 0.149223 0.1381 0.160456 0.184884 0.170523 0.199566 0 0 0 0 0 0 0.502866 0.580401 0.000992543 0.349132 3.15694 0 0.954586 0 1.07778 0 0.112628 0.132721 0.121484 1.00323 1 1 1.0041 1.00387 0.00120644 0.00152256 0
1260 28.6364 286.364 0.111495 0.116863 0.111584 0.320537 0.319204 0.400164 0.130232 0.129813 0.119291 0.119291 0.118863 0.118396 0.0336007 0.330437 1 2e-05 0.00523778 0.0622225 36.4548 6.65244 1.18078 -7.83321 7.0615 2.46506 8.56825 -0.125299 0 0 0 0.547855 0.585261 -0.00259357 0.00160248 0.00238954 0.27172 0.233981 0.324264 0.149834 0.138633 0.161188 0.185638 0.171178 0.200486 0 0 0 0 0 0 0.502866 0.580401 0.00135009 0.347966 3.12728 0 0.943919 0 1.06623 0 0.111495 0.130239 0.119291 1.00323 1 1 1.0041 1.00387 0.00119014 0.00150279 0
1270 28.8636 288.636 0.110389 0.115475 0.110473 0.312956 0.311413 0.390865 0.12782 0.127408 0.117162 0.117162 0.116745 0.11629 0.0330183 0.331888 1 2e-05 0.00526233 0.0624854 36.4225 6.59057 1.17352 -7.76409 6.99538 2.44515 8.4931 -0.121832 0 0 0 0.547666 0.585106 -0.0025613 0.00160146 0.00240521 0.269956 0.232289 0.32267 0.150439 0.139159 0.161914 0.186384 0.171826 0.201399 0 0 0 0 0 0 0.502866 0.580401 0.00168176 0.347637 3.09818 0 0.932325 0 1.05269 0 0.110389 0.127826 0.117162 1.00323 1 1 1.0041 1.00388 0.00117532 0.00148367 0
1280 29.0909 290.909 0.109309 0.114125 0.109387 0.305748 0.304079 0.380086 0.125492 0.125088 0.115098 0.115098 0.114691 0.114247 0.0324518 0.332966 1 2e-05 0.00528656 0.0627421 36.3882 6.52973 1.16661 -7.69634 6.93069 2.42626 8.41948 -0.118838 0 0 0 0.54727 0.584733 -0.00252563 0.00160372 0.00242431 0.268234 0.230631 0.321109 0.151038 0.139681 0.162634 0.187123 0.172467 0.202305 0 0 0 0 0 0 0.502866 0.580401 0.00149952 0.347182 3.06983 0 0.91897 0 1.03816 0 0.109309 0.125498 0.115098 1.00323 1 1 1.0041 1.00388 0.0011604 0.00146539 0
1290 29.3182 293.182 0.108252 0.112811 0.108325 0.299119 0.297684 0.370059 0.123261 0.122864 0.113091 0.113091 0.112695 0.112264 0.0318947 0.333736 1 2e-05 0.00531033 0.0629914 36.3513 6.47025 1.16017 -7.63042 6.86724 2.40743 8.34735 -0.116516 0 0 0 0.546913 0.584437 -0.00249058 0.00160669 0.00244609 0.266551 0.229002 0.31958 0.15163 0.140197 0.163348 0.187854 0.173101 0.203205 0 0 0 0 0 0 0.502866 0.580401 0.00100185 0.346855 3.04242 0 0.907594 0 1.02541 0 0.108252 0.123267 0.113091 1.00323 1 1 1.0041 1.00389 0.00114431 0.00144488 0
1300 29.5455 295.455 0.107218 0.111527 0.107286 0.292576 0.291169 0.361685 0.121057 0.120667 0.111141 0.111141 0.110754 0.110333 0.0313603 0.335164 1 2e-05 0.00533433 0.0632497 36.3217 6.41172 1.15369 -7.56541 6.80507 2.38829 8.27679 -0.113988 0 0 0 0.546568 0.584178 -0.00246561 0.00160378 0.00247285 0.2649 0.227392 0.318079 0.152217 0.140708 0.164057 0.188579 0.173729 0.204098 0 0 0 0 0 0 0.502866 0.580401 0.00109206 0.346477 3.0151 0 0.897331 0 1.01411 0 0.107218 0.121063 0.111141 1.00323 1 1 1.0041 1.00389 0.00113175 0.00142825 0
